lcat,along,x,y,across,x1,y1,cos,sin,angle,culvert,overwrite
1,0,335807.87976674084,5048697.668115625,13.0,335808.515369324,5048684.683663024,-0.048892506399587324,0.9988040462563046,182.80245155642294,0,0
1,10,335798.11483736895,5048693.18532254,9.0,335798.554869927,5048684.196086124,-0.048892506448043827,0.9988040462539326,182.8024515592026,0,0
1,20,335788.0076604526,5048695.694157788,12.0,335788.59437053,5048683.708509233,-0.04889250644519352,0.9988040462540722,182.80245155903913,0,0
1,30,335778.0471610552,5048695.206580897,12.0,335778.633871132,5048683.220932342,-0.04889250639673702,0.9988040462564441,182.80245155625943,0,0
1,40,335768.0377691518,5048695.717808044,13.0,335768.67337173497,5048682.733355442,-0.04889250639673702,0.9988040462564441,182.80245155625943,0,0
1,50,335758.223947274,5048692.233819015,10.0,335758.71287233796,5048682.245778553,-0.04889250639673702,0.9988040462564441,182.80245155625943,0,0
1,53,335755.3682983666,5048691.062339119,9.0,335756.414129863,5048682.123310286,-0.11620349960498727,0.993225425912745,186.67304592342543,0,1
1,60,335749.9296015697,5048687.5737882005,11.0,335758.50273395964,5048680.681662184,-0.779375671809469,0.6265569105767957,231.20344799342854,0,0
1,70,335742.90193348686,5048680.428078941,12.0,335752.2544415489,5048672.909396014,-0.7793756718379719,0.626556910541341,231.20344799603498,0,0
1,80,335736.6536410758,5048672.655812771,12.0,335746.00614913757,5048665.137129844,-0.779375671809469,0.6265569105767957,231.20344799342854,0,0
1,90,335731.18472433666,5048664.2569896905,11.0,335739.7578567266,5048657.364863674,-0.779375671809469,0.6265569105767957,231.20344799342854,0,0
1,100,335724.9364319257,5048656.48472352,11.0,335733.5095643159,5048649.592597504,-0.7793756718379719,0.626556910541341,231.20344799603498,0,0
1,102,335723.6867734473,5048654.93027029,11.0,335732.2599057969,5048648.038144223,-0.7793756681432334,0.6265569151372351,231.20344765816796,0,1
1,110,335717.05649551353,5048651.6620889,10.0,335719.94200502866,5048642.087443484,-0.28855095151378946,0.9574645415786878,196.77122347728584,0,0
1,120,335707.7968022453,5048647.827071306,9.0,335710.3937609014,5048639.20989046,-0.28855096178746753,0.9574645384825108,196.77122409207453,0,0
1,130,335697.96000705345,5048645.906982785,10.0,335700.8455166713,5048636.3323374,-0.28855096178746753,0.9574645384825108,196.77122409207453,0,0
1,131,335697.0103067505,5048645.658333074,10.0,335699.1760486762,5048635.895671454,-0.2165741925728781,0.9762661620231472,192.50789812267686,0,1
1,140,335688.80068374675,5048649.15713604,9.0,335684.07124778815,5048641.499954083,0.5254928842896011,0.850797995155722,148.2985700902336,0,0
1,150,335680.31616371375,5048654.39757488,9.0,335675.58672775514,5048646.740392923,0.5254928842896011,0.850797995155722,148.2985700902336,0,0
1,160,335672.88262944255,5048661.339609719,11.0,335667.1022077897,5048651.980831726,0.5254928775295149,0.8507979993310694,148.298570545482,0,0
1,161,335671.5086845615,5048661.012855605,10.0,335666.2537557144,5048652.504875656,0.5254928847071357,0.8507979948978329,148.29857006211532,0,0
2,0,337627.7813529125,5053023.964518,10.0,337628.92829610215,5053033.898526321,-0.11469431896676462,-0.9934008320898217,-6.585994155020728,1,0
2,10,337637.6587597825,5053022.824109755,10.0,337638.80570307386,5053032.758118065,-0.11469432913448104,-0.9934008309158954,-6.5859947414579665,1,0
2,20,337647.5361666525,5053021.683701515,10.0,337648.6831099439,5053031.617709825,-0.11469432913448104,-0.9934008309158954,-6.5859947414579665,1,0
2,30,337657.41357352247,5053020.54329327,10.0,337658.5605167121,5053030.477301591,-0.11469431896009451,-0.9934008320905918,-6.585994154636012,1,0
2,40,337667.2909803925,5053019.40288503,10.0,337668.43792358215,5053029.336893351,-0.11469431896676462,-0.9934008320898217,-6.585994155020728,1,0
2,50,337677.1683872625,5053018.26247679,10.0,337678.31533045217,5053028.196485111,-0.11469431896676462,-0.9934008320898217,-6.585994155020728,1,0
2,60,337687.0457941325,5053017.122068545,10.0,337688.1927374239,5053027.0560768545,-0.11469432913448104,-0.9934008309158954,-6.5859947414579665,1,0
2,70,337696.92320100253,5053015.981660305,10.0,337698.07014429383,5053025.915668614,-0.11469432912781116,-0.9934008309166654,-6.585994741073279,1,0
2,80,337706.57121923484,5053012.854450395,12.0,337707.9475510638,5053024.7752603805,-0.11469431908015516,-0.99340083207673,-6.585994161560691,0,0
2,90,337716.44862610556,5053011.714042156,12.0,337717.82495793316,5053023.634852141,-0.11469431896676462,-0.9934008320898217,-6.585994155020728,0,0
2,100,337726.3260329756,5053010.573633916,12.0,337727.7023648032,5053022.494443901,-0.11469431896676462,-0.9934008320898217,-6.585994155020728,0,0
2,100,337726.3260329756,5053010.573633916,12.0,337727.7023648032,5053022.494443901,-0.11469431896676462,-0.9934008320898217,-6.585994155020728,0,0
3,0,341174.491545858,5051162.024403575,10.0,341178.4307388449,5051152.832953275,-0.39391929869170733,0.9191450299698266,203.19859052066346,0,0
3,10,341166.0992566276,5051156.251773014,8.0,341169.2506109541,5051148.898612747,-0.3939192908139329,0.9191450333460156,203.1985900295949,0,0
3,20,341156.5252095248,5051153.236577557,9.0,341160.0704831421,5051144.964272257,-0.3939192908139329,0.9191450333460156,203.1985900295949,0,0
3,25,341151.54122632754,5051152.188552345,10.0,341155.480419318,5051142.997102047,-0.3939192990504274,0.9191450298160895,203.19859054302464,0,1
3,26,341150.6126837177,5051152.980762723,11.0,341150.87886992114,5051141.983983881,-0.02419874576997022,0.9997071674761366,181.38662135404877,0,1
3,30,341146.16621792875,5051152.099040509,8.0,341141.9734385037,5051145.285773988,0.5240974281355835,0.8516583151837753,148.39249758749648,0,0
3,40,341138.0768090742,5051157.350523069,9.0,341135.39233407646,5051148.760203285,0.2982749997495238,0.9544799759682869,162.64597496673713,0,0
3,48,341131.0803400798,5051161.645414282,11.0,341127.5274814878,5051151.234977412,0.3229871447278657,0.9464033518223299,161.15632872634563,0,1
3,50,341129.5549173425,5051162.164464915,10.0,341120.83916196256,5051157.2618525345,0.8715755379961471,0.4902612380830519,119.35775344092951,0,0
3,60,341124.6583442295,5051170.869483786,10.0,341115.9425888496,5051165.966871405,0.8715755379961471,0.4902612380830519,119.35775344092951,0,0
3,70,341118.033769085,5051178.298438,10.0,341110.78377476084,5051171.410943368,0.7249994324187158,0.6887494631522699,133.5311993834183,0,0
3,80,341113.32975712523,5051187.6057498185,13.0,341103.90476449736,5051178.652006804,0.7249994329134402,0.6887494626315074,133.5311993422631,0,1
3,80,341113.32975712523,5051187.6057498185,13.0,341103.90476449736,5051178.652006804,0.7249994329134402,0.6887494626315074,133.5311993422631,0,1
3,84,341113.6463784135,5051188.3976209415,11.0,341103.31176921655,5051192.165359355,0.939509926992507,-0.3425216738872654,69.96941725751913,0,1
3,90,341114.869203588,5051194.678639814,12.0,341102.869203588,5051194.678639814,1.0,-0.0,90.0,0,0
3,95,341113.7378353648,5051199.852291884,11.0,341103.02427684097,5051197.358366513,0.9739598658045874,0.2267204882711532,103.10406971293355,0,1
3,100,341110.65577353927,5051204.571267596,12.0,341102.6281967447,5051195.651737855,0.6689647328814147,0.7432941451140979,138.0127874071378,0,0
3,104,341106.348329996,5051205.75724197,10.0,341099.65868272365,5051198.324300468,0.6689647272370013,0.7432941501940699,138.01278784222944,0,1
3,110,341100.88597038446,5051203.359609217,8.0,341102.1209854164,5051195.455512946,-0.15437687899001723,0.9880120339516627,188.88065907608348,0,0
3,120,341090.8636439945,5051202.80575414,9.0,341092.2530359054,5051193.913645835,-0.15437687899001723,0.9880120339516627,188.88065907608348,0,0
3,130,341080.6374093819,5051202.515091457,9.0,341078.0512784653,5051193.894654875,0.28734787962077196,0.9578262870048234,163.30075612166195,0,0
3,140,341071.07094551204,5051205.385030618,9.0,341068.48481458775,5051196.764594037,0.2873478804762501,0.9578262867481799,163.3007560704885,0,0
3,141,341069.5396033384,5051203.756371967,7.0,341067.5281681152,5051197.051587977,0.28734788903103214,0.9578262841817454,163.30075555875385,0,1
3,142,341070.7322892729,5051204.897521518,8.0,341075.3302267486,5051198.350845188,-0.5747421844622995,0.8183345412479569,215.08157921543443,0,1
3,146,341068.96732747275,5051202.2770443605,8.0,341075.6237298235,5051197.839442785,-0.8320502938447099,0.5547001969649299,236.30993242308372,0,1
3,150,341063.8089276832,5051201.354954142,9.0,341064.7510907593,5051192.404405068,-0.1046847862290635,0.9945054527412985,186.0090060560704,0,0
3,159,341054.8694043412,5051200.413951682,9.0,341055.8115674173,5051191.4634026075,-0.1046847862290635,0.9945054527412985,186.0090060560704,0,1
3,160,341053.912564611,5051201.47195157,10.0,341050.816139259,5051191.963421187,0.3096425351989657,0.9508530382743473,161.96231067060904,0,1
3,160,341053.912564611,5051201.47195157,10.0,341050.816139259,5051191.963421187,0.3096425351989657,0.9508530382743473,161.96231067060904,0,1
3,170,341053.90186547296,5051211.12233928,11.0,341042.9279318596,5051210.365516283,0.9976303284853317,0.06880209071132246,93.94518617711596,0,0
3,180,341052.215584749,5051221.0164954495,10.0,341042.24146371643,5051220.297531175,0.9974121032586034,0.07189642740254211,94.12291902912077,0,1
3,180,341052.215584749,5051221.0164954495,10.0,341042.24146371643,5051220.297531175,0.9974121032586034,0.07189642740254211,94.12291902912077,0,1
3,190,341043.434998505,5051225.195640665,10.0,341039.55442851316,5051215.979286909,0.38805699918270686,0.9216353755066656,157.16634587650552,0,0
3,194,341039.7529982705,5051226.745956555,10.0,341035.8724282904,5051217.529602795,0.3880569980154722,0.9216353759981329,157.16634594906958,0,1
3,195,341039.07367816346,5051227.31624095,10.0,341030.43037933746,5051222.286987983,0.8643298826005086,0.5029252966831068,120.19372552609093,0,1
3,200,341035.3203057156,5051231.780381575,7.0,341028.37436057907,5051230.9121384295,0.9922778766491119,0.12403473510565406,97.12501637872222,0,0
3,205,341035.69317388046,5051236.8596940115,8.0,341027.7549508663,5051235.867416139,0.9922778767710505,0.1240347341301457,97.12501632239474,0,1
3,206,341036.75952258636,5051238.270872798,9.0,341028.066893452,5051240.602867381,0.9658476815950825,-0.25911050916048195,74.98271054012693,0,1
3,210,341040.405090502,5051240.9920470305,9.0,341036.03430412745,5051248.859462519,0.48564293050566926,-0.874157276495406,29.05460405496845,0,0
3,220,341050.59282376146,5051243.220022124,12.0,341044.7651085149,5051253.709909397,0.4856429372105553,-0.8741572727704693,29.054604494433626,0,0
3,230,341058.352342342,5051249.818783591,10.0,341053.4959129699,5051258.560356318,0.4856429372105553,-0.8741572727704693,29.054604494433626,0,0
3,234,341061.84466412396,5051251.758962355,10.0,341056.9882348302,5051260.500535126,0.48564292937251885,-0.874157277124934,29.054603980697223,0,1
3,235,341062.43321775296,5051252.39192165,10.0,341053.11459729966,5051256.020049659,0.931862045328691,-0.36281280087095696,68.7269594282182,0,1
3,240,341064.10374083614,5051257.461489836,12.0,341052.16967539926,5051256.205272439,0.9945054530721342,0.1046847830861246,96.00900587499838,0,0
3,250,341064.05268800305,5051267.498978341,13.0,341051.1241171159,5051266.138076134,0.9945054528565801,0.1046847851338889,96.00900599297486,0,0
3,260,341061.01811881136,5051277.22241248,11.0,341050.07855882985,5051276.070879844,0.9945054528626476,0.10468478507624812,96.00900598965404,0,0
3,261,341060.913562983,5051278.215692849,11.0,341049.9740030004,5051277.064160223,0.9945054529597268,0.10468478415399575,96.00900593652094,0,1
3,269,341056.48073707893,5051286.403428586,14.0,341047.885568497,5051275.352497538,0.6139406129944401,0.7893522177811444,142.1250163866813,0,1
3,270,341057.5985390384,5051284.255667261,14.0,341043.61907445575,5051283.497663314,0.9985331844734179,0.054143139042497034,93.10369101923004,0,0
3,280,341055.578027901,5051294.0138749555,12.0,341043.578027901,5051294.0138749555,1.0,-0.0,90.0,0,0
3,290,341055.578027901,5051304.001556454,12.0,341043.578027901,5051304.001556454,1.0,-0.0,90.0,0,0
3,291,341055.578027901,5051305.000324605,12.0,341043.578027901,5051305.000324605,1.0,-0.0,90.0,0,1
3,300,341058.1544244392,5051312.861211078,8.0,341052.72818358964,5051318.73963861,0.6782801061896145,-0.7348034414368275,42.709390226883414,0,0
3,304,341060.78123507206,5051315.35576769,8.0,341054.4353626583,5051320.227102549,0.7932340517218508,-0.6089168573696545,52.4887741587832,0,1
3,310,341062.8893206265,5051320.00146585,10.0,341052.8983622198,5051320.426613019,0.999095840671112,-0.04251471690701998,87.563351737006,0,0
3,320,341064.31303991575,5051329.937602179,11.0,341053.32298566774,5051330.40526405,0.9990958407300498,-0.042514715521981016,87.5633518164347,0,0
3,330,341065.7367592048,5051339.873738506,12.0,341053.7476091168,5051340.383915109,0.999095840671112,-0.04251471690701998,87.563351737006,0,0
3,337,341065.90551103925,5051347.254364796,12.0,341054.07584082545,5051345.239692953,0.9858058511507173,0.16788932019937997,99.66512228707938,0,1
3,340,341064.32265788363,5051350.556810376,12.0,341053.9573110555,5051344.5103581,0.863778902344247,0.5038710230455486,120.25643699912408,0,0
3,350,341058.4263756614,5051358.680087903,11.0,341048.9248077353,5051353.13750665,0.8637789023696122,0.5038710230020655,120.25643699623977,0,0
3,360,341053.3938723388,5051367.307236453,11.0,341043.89230444166,5051361.76465515,0.8637788997400916,0.503871027509815,120.2564372952457,0,0
3,366,341050.63235064247,5051372.203979561,11.0,341039.9412887064,5051369.615312978,0.9719147214619797,0.2353333257434708,103.61127199352558,0,1
3,370,341051.7423945385,5051375.1186694745,10.0,341043.9337064672,5051381.365619979,0.7808688071289096,-0.6246950504470752,51.340191533663386,0,0
3,380,341057.981649708,5051382.9177384395,10.0,341050.17296159547,5051389.164688893,0.7808688112511147,-0.6246950452943187,51.340191911743794,0,0
3,390,341064.2209048775,5051390.7168074,10.0,341056.4122167662,5051396.963757854,0.780868811131713,-0.6246950454435709,51.340191900792504,0,0
3,397,341069.36925230734,5051395.551460624,11.0,341060.77969538857,5051402.423106128,0.7808688107962508,-0.6246950458628987,51.34019187002458,0,1
3,400,341070.58841959847,5051398.663682681,11.0,341060.05233045854,5051401.824509414,0.9578262854489225,-0.28734788480710854,73.30075581142283,0,0
3,410,341072.500532474,5051408.5174944345,10.0,341062.92226961954,5051411.390973283,0.9578262854489225,-0.28734788480710854,73.30075581142283,0,0
3,420,341076.57788090775,5051417.6805704385,11.0,341066.15778954304,5051421.205013082,0.9472810331527702,-0.3204038767384381,71.31264860996396,0,0
3,430,341079.77797279763,5051427.14171168,11.0,341069.3578814445,5051430.666154359,0.9472810320997817,-0.3204038798516217,71.31264842166473,0,0
3,440,341081.08350262337,5051437.243660682,9.0,341072.557973325,5051440.127295572,0.9472810331527702,-0.3204038767384381,71.31264860996396,0,0
3,450,341085.2308755475,5051446.384398051,10.0,341075.7580652265,5051449.588436849,0.9472810320997817,-0.3204038798516217,71.31264842166473,0,0
3,460,341088.430967439,5051455.84553929,10.0,341078.95815712103,5051459.049578098,0.9472810317990764,-0.3204038807406633,71.31264836789154,0,0
3,470,341090.6650434358,5051465.630811248,11.0,341079.6894066999,5051466.362520372,0.9977851578101917,-0.06651901122003287,86.18592512572839,0,0
3,480,341088.91323291115,5051475.891509185,12.0,341077.8363098343,5051471.276124569,0.9230769230700261,0.38461538463193734,112.61986494906786,0,0
3,490,341084.1487400261,5051484.726292111,11.0,341073.99489387794,5051480.495522867,0.9230769225596498,0.3846153858568404,112.61986502509812,0,0
3,500,341080.38407368783,5051493.871327781,11.0,341069.878051257,5051490.611957799,0.9550929482559417,0.29630636205078875,107.23588909811536,0,0
3,510,341078.2851622406,5051503.538605339,11.0,341067.525997021,5051501.249421254,0.978105929053741,0.20810764414100255,102.0114783673945,0,0
3,520,341075.2285434415,5051513.099508185,10.0,341065.4474841509,5051511.018431745,0.9781059290656039,0.2081076440852471,102.01147836412845,0,0
3,530,341073.1500305705,5051522.868518675,10.0,341063.3689712803,5051520.787442232,0.9781059290252196,0.20810764427505285,102.01147837524694,0,0
3,540,341069.8465909073,5051532.329657168,11.0,341060.5186095549,5051526.499668841,0.8479983047646853,0.5299989387878242,122.00538312596687,0,0
3,550,341066.70081686025,5051541.114570723,12.0,341054.97184687894,5051538.578577194,0.9774141651073531,0.2113327940654169,102.20046881753082,0,0
3,560,341064.5900922382,5051550.876672096,12.0,341052.8611222539,5051548.340678581,0.9774141653608057,0.2113327928931987,102.20046874881568,1,0
3,570,341062.4793676161,5051560.638773474,12.0,341050.75039762934,5051558.1027799705,0.9774141655654548,0.2113327919466965,102.20046869333194,1,0
3,580,341056.960342661,5051569.803138927,12.0,341047.81707080884,5051562.031357932,0.7619393210149884,0.6476484162655062,130.36453628508912,1,0
3,590,341050.49183650786,5051577.413146164,12.0,341041.3485647132,5051569.641365102,0.7619393162237239,0.647648421902288,130.3645367089599,1,0
3,591,341049.844985903,5051578.174146877,12.0,341040.70171405084,5051570.402365882,0.7619393210149884,0.6476484162655062,130.36453628508912,1,0
