L  21 1
 335807.87976674084 5048697.668115625
 335798.1148373689 5048693.18532254
 335788.0076604526 5048695.694157788
 335778.0471610552 5048695.206580897
 335768.0377691518 5048695.717808044
 335758.223947274 5048692.233819015
 335755.3682983666 5048691.062339119
 335749.9296015697 5048687.5737882005
 335742.90193348686 5048680.428078941
 335736.6536410758 5048672.655812771
 335731.18472433666 5048664.2569896905
 335724.9364319257 5048656.48472352
 335723.6867734473 5048654.93027029
 335717.05649551353 5048651.6620889
 335707.7968022453 5048647.827071306
 335697.96000705345 5048645.906982785
 335697.0103067505 5048645.658333074
 335688.80068374675 5048649.15713604
 335680.3161637137 5048654.39757488
 335672.8826294425 5048661.339609719
 335671.5086845615 5048661.012855605
 1 1
L  12 1
 337627.5519642745 5053021.977716336
 337637.42937112425 5053020.837308094
 337647.30677799426 5053019.696899854
 337657.18418488454 5053018.556491606
 337667.0615917545 5053017.416083366
 337676.93899862457 5053016.275675125
 337686.81640547427 5053015.135266884
 337696.6938123443 5053013.994858643
 337706.57121923484 5053012.854450395
 337716.4486261056 5053011.714042156
 337726.3260329756 5053010.573633916
 337726.3260329756 5053010.573633916
 1 2
L  87 1
 341174.491545858 5051162.024403575
 341166.0992566276 5051156.251773014
 341156.5252095248 5051153.236577557
 341151.54122632754 5051152.188552345
 341150.6126837177 5051152.980762723
 341146.16621792875 5051152.099040509
 341138.0768090742 5051157.350523069
 341131.0803400798 5051161.645414282
 341129.5549173425 5051162.164464915
 341124.6583442295 5051170.869483786
 341118.033769085 5051178.298438
 341113.32975712523 5051187.6057498185
 341113.32975712523 5051187.6057498185
 341113.6463784135 5051188.3976209415
 341114.869203588 5051194.678639814
 341113.7378353648 5051199.852291884
 341110.65577353927 5051204.571267596
 341106.348329996 5051205.75724197
 341100.88597038446 5051203.359609217
 341090.8636439945 5051202.80575414
 341080.6374093819 5051202.515091457
 341071.07094551204 5051205.385030618
 341069.5396033384 5051203.756371967
 341070.7322892729 5051204.897521518
 341068.96732747275 5051202.2770443605
 341063.8089276832 5051201.354954142
 341054.8694043412 5051200.413951682
 341053.912564611 5051201.47195157
 341053.912564611 5051201.47195157
 341053.90186547296 5051211.12233928
 341052.215584749 5051221.0164954495
 341052.215584749 5051221.0164954495
 341043.434998505 5051225.195640665
 341039.7529982705 5051226.745956555
 341039.07367816346 5051227.31624095
 341035.3203057156 5051231.780381575
 341035.69317388046 5051236.859694012
 341036.7595225864 5051238.270872798
 341040.405090502 5051240.992047031
 341050.59282376146 5051243.220022124
 341058.352342342 5051249.818783591
 341061.844664124 5051251.758962355
 341062.43321775296 5051252.39192165
 341064.10374083614 5051257.461489836
 341064.05268800305 5051267.498978341
 341061.01811881136 5051277.22241248
 341060.913562983 5051278.215692849
 341056.48073707893 5051286.403428586
 341057.5985390384 5051284.255667261
 341055.578027901 5051294.013874956
 341055.578027901 5051304.001556454
 341055.578027901 5051305.000324605
 341058.1544244392 5051312.861211078
 341060.78123507206 5051315.35576769
 341062.8893206265 5051320.00146585
 341064.3130399157 5051329.937602179
 341065.7367592048 5051339.873738506
 341065.90551103925 5051347.254364796
 341064.32265788363 5051350.556810376
 341058.4263756614 5051358.680087903
 341053.3938723388 5051367.307236453
 341050.63235064247 5051372.203979561
 341051.7423945385 5051375.1186694745
 341057.981649708 5051382.91773844
 341064.2209048775 5051390.7168074
 341069.36925230734 5051395.551460624
 341070.58841959847 5051398.663682681
 341072.500532474 5051408.5174944345
 341076.57788090775 5051417.680570439
 341079.77797279763 5051427.14171168
 341081.08350262337 5051437.243660682
 341085.2308755475 5051446.384398051
 341088.430967439 5051455.84553929
 341090.6650434358 5051465.630811248
 341088.91323291115 5051475.891509185
 341084.1487400261 5051484.726292111
 341080.38407368783 5051493.871327781
 341078.2851622406 5051503.538605339
 341075.2285434415 5051513.099508185
 341073.1500305705 5051522.868518675
 341069.8465909073 5051532.329657168
 341066.70081686025 5051541.114570723
 341064.5900922382 5051550.876672096
 341062.4793676161 5051560.638773474
 341056.960342661 5051569.803138927
 341050.49183650786 5051577.413146164
 341049.844985903 5051578.174146877
 1 3