cat,a_cat,b_cat,to_x,to_y
1,2324,1,426779.1568025,4832323.64688706
2,1496,1,426801.203871757,4824767.0865476
3,2447,1,428258.600054604,4823826.5166
4,2450,1,429870.239905338,4823493.2733645
5,2117,1,433073.667824907,4821931.59871413
6,1603,1,430364.158343695,4829572.80198112
7,1603,1,428661.904879072,4829562.49202416
8,2329,1,426588.114160713,4829998.72483066
9,1962,1,418550.448226252,4848989.39859002
10,1963,1,416572.666550677,4851431.94072702
11,1351,1,415863.178045783,4851440.41945518
12,769,1,416890.885343671,4817801.85085948
13,1571,1,412067.947680023,4818697.51390636
14,1719,1,403349.347709246,4827891.45944474
15,2819,1,402846.479392071,4852136.12739403
16,643,1,404079.204426282,4853592.00759962
17,1230,1,398093.479012251,4852492.23589625
18,325,1,417844.469706673,4842588.86839988
19,1014,1,443005.401631384,4847564.25953562
20,1348,1,414981.306103448,4853246.71318914
21,2686,1,405037.734015234,4834668.55711115
22,1741,1,424861.797508945,4852956.50674956
23,699,1,418959.675946504,4829686.23483389
24,2579,1,439759.131911045,4844178.12147717
25,1798,1,429138.235817348,4816687.37355361
26,1798,1,427787.249708145,4816703.20856408
27,1197,1,432430.599794176,4816652.73671224
28,1762,1,435812.936204657,4849959.00008561
29,741,1,439445.449017045,4848817.5810556
30,2475,1,430935.487320116,4842416.07946753
31,1252,1,399339.462090519,4832121.58879497
32,1599,1,417635.637054091,4834546.55365728
33,2198,1,415488.600967507,4833712.67696637
34,1591,1,417831.730728554,4827058.2219
35,1592,1,416391.241256537,4828922.81273016
36,937,1,398739.783647286,4818726.9564106
37,1272,1,398852.175741062,4817114.98113764
38,2100,1,401267.800964158,4818691.02216662
39,807,1,402392.260050332,4819382.04734179
40,2022,1,439596.445920536,4824159.14928607
41,579,1,437964.591792036,4824633.59496544
42,947,1,422154.203860405,4848080.42609343
43,1258,1,426873.005581615,4839223.24129674
44,617,1,392759.703376132,4824128.15976472
45,807,1,402498.002948718,4826329.29662526
46,948,1,422937.811920024,4845726.41455472
47,322,1,424137.452381788,4836844.24530926
48,947,1,422009.600468698,4835794.03907574
49,768,1,401229.476060544,4821912.52695754
50,569,1,420116.273037894,4817179.13569914
51,2553,1,418512.994257782,4819430.27216692
52,2639,1,416246.4269,4820072.83394783
53,769,1,416940.433083997,4821347.58564754
54,769,1,416945.776123534,4821742.25107006
55,461,1,415428.47118784,4823310.17985468
56,1364,1,437086.7194533,4852055.40735418
57,2566,1,436639.16914713,4851418.21592561
58,617,1,392765.15794128,4822582.74490518
59,1828,1,432761.1815,4842418.28465579
60,2387,1,422061.474530463,4850564.01671947
61,1964,1,416313.601911362,4849813.14140635
62,1962,1,416268.838150361,4849012.87334786
63,409,1,417606.003900048,4847383.85834969
64,1022,1,417830.247860572,4847357.49230707
65,2068,1,421000.929465049,4853790.95033667
66,2065,1,421064.280823682,4852181.64154514
67,1466,1,420612.073267741,4854753.03784089
68,1027,1,418883.443942717,4853011.00129445
69,1345,1,419032.095459927,4854617.55596622
70,471,1,420573.886415689,4834500.78461376
71,2241,1,437022.67461521,4823046.89018829
72,355,1,420043.544293044,4832891.92164909
73,2198,1,420077.403312644,4833647.03053031
74,2066,1,421414.12867799,4854881.91634467
75,1324,1,436362.294468368,4825223.76530868
76,2701,1,436906.479149662,4824659.93030079
77,1193,1,437150.218757975,4824640.82824268
78,2220,1,415481.480947411,4834189.82657292
79,2554,1,418644.026588249,4827752.46190445
80,2554,1,418618.223934635,4825979.69326029
81,569,1,420233.892044618,4825672.94335245
82,768,1,414129.442993605,4821704.48923064
83,1497,1,423368.421564814,4819292.27211021
84,1069,1,422489.978697186,4819990.11053762
85,2308,1,420099.809359768,4821636.57123514
86,2554,1,418565.407691047,4822821.08372602
87,2100,1,403817.372250768,4818645.07782885
88,2359,1,408917.269492595,4824637.71294978
89,1717,1,407247.591391033,4820912.07590584
90,2732,1,405620.284455207,4819818.6639287
91,861,1,404000.588227031,4818930.52203253
92,1726,1,404072.233332342,4831519.77358886
93,1726,1,403664.340152918,4831530.41352137
94,807,1,402572.802540922,4831551.43881784
95,805,1,400970.521816814,4832509.15012885
96,1677,1,413791.56238668,4825627.36280785
97,467,1,414285.876153428,4824916.45624285
98,769,1,416975.699338186,4823916.31903884
99,1879,1,424289.069258326,4844078.97813313
100,325,1,422495.44374162,4842488.93175273
101,1059,1,427385.875343245,4846508.76629626
102,321,1,426975.161793361,4848681.76650463
103,809,1,406892.307507413,4829860.15166851
104,1109,1,406328.138137189,4829067.88697767
105,2036,1,405332.46157032,4827020.07735378
106,813,1,404869.873442724,4826682.58456571
107,919,1,399168.686166831,4821350.69041567
108,313,1,394365.152434081,4823218.49219896
109,625,1,393705.987687253,4821937.96611058
110,947,1,422143.24368488,4846543.99867901
111,805,1,400956.864239755,4831691.56601002
112,1252,1,399287.287076008,4828593.56227111
113,1109,1,399516.100584866,4829162.48552484
114,805,1,400942.671198264,4828750.16174377
115,805,1,400939.784979436,4829959.1621
116,655,1,423755.436090754,4847348.21788902
117,655,1,423763.776480788,4848378.73302965
118,805,1,400812.512019403,4822457.09048338
119,321,1,426891.074119806,4839625.47943309
120,1364,1,435722.1917,4852052.0628444
121,951,1,428365.027547899,4842440.36137722
122,318,1,427469.756315174,4840833.98182819
123,1333,1,443743.944719025,4840697.62041169
124,1014,1,442932.123019473,4840035.53391154
125,728,1,441923.416464005,4837510.05755662
126,399,1,441372.214830454,4839125.09633062
127,1069,1,432380.298087278,4819873.06869903
128,990,1,431416.791793404,4818800.10702242
129,1390,1,428898.360225275,4818297.48367977
130,652,1,428208.776800613,4819501.73640873
131,2329,1,426588.758336606,4819047.9444
132,2329,1,426592.123563603,4819365.7054496
133,1390,1,433396.271444399,4818250.29525382
134,1526,1,429355.581085827,4844423.48444001
135,569,1,420195.521467038,4823394.66497847
136,2438,1,421817.948058843,4824029.55853038
137,1461,1,419578.236858161,4849784.52476209
138,2064,1,422559.891762595,4848950.30391398
139,2387,1,422504.077214116,4850560.28002914
140,652,1,428499.655849181,4839658.85904852
141,652,1,428391.21123022,4832444.69206181
142,2241,1,430615.128860411,4823117.80273314
143,652,1,428258.600054604,4823826.5166
144,706,1,430615.128860411,4823117.80273314
145,990,1,431471.383884309,4822701.8183883
146,1930,1,429960.676465609,4829049.49389933
147,652,1,428345.762307324,4829576.38159824
148,1435,1,410181.843289136,4836228.4100071
149,1898,1,410716.758838871,4835937.19524323
150,1920,1,418959.044055675,4848961.50120617
151,1634,1,416572.666550677,4851431.94072702
152,1351,1,416576.240433237,4851429.04509328
153,1677,1,413662.197441836,4818332.74502763
154,807,1,402530.806886741,4827303.9686365
155,2505,1,402852.285183809,4852577.6345567
156,2505,1,402846.479392071,4852136.12739403
157,2819,1,402852.285183809,4852577.6345567
158,1239,1,402690.035806334,4852405.61312611
159,4299,1,398320.539247544,4858979.17929605
160,301,1,398055.85715554,4851650.38719687
161,1230,1,396147.408833546,4852521.44014971
162,1552,1,396452.126522491,4852084.3415466
163,1737,1,398849.894536304,4854091.93622719
164,1097,1,398731.892748579,4855757.52693591
165,1797,1,398438.408935362,4857366.6374142
166,3790,1,398320.539247544,4858979.17929605
167,4329,1,400501.795761549,4860602.71770077
168,3341,1,402083.71002006,4858618.3228399
169,2337,1,401887.122034725,4858911.99688569
170,1340,1,400501.795761549,4860602.71770077
171,2578,1,447741.958977822,4837765.33619034
172,2324,1,449334.185085831,4837999.95175732
173,1380,1,449394.208846907,4839517.53386267
174,474,1,449383.424887273,4839032.47074096
175,4052,1,447741.958977822,4837765.33619034
176,2235,1,418859.362435609,4841892.06594287
177,1920,1,418859.362435609,4841892.06594287
178,741,1,441148.376592102,4848793.02540733
179,1341,1,441400.956841613,4848444.65578222
180,2165,1,401802.336736197,4854029.3711027
181,1239,1,401340.106878469,4852411.3614015
182,2679,1,407045.506164756,4834674.66930543
183,364,1,407603.682276768,4834677.67676198
184,1308,1,434782.344335168,4827157.60705954
185,376,1,434782.344335168,4827157.60705954
186,580,1,437872.287256188,4816662.77626269
187,579,1,437872.287256188,4816662.77626269
188,652,1,428180.827381217,4817104.56255139
189,1798,1,432430.599794176,4816652.73671224
190,1564,1,432430.599794176,4816652.73671224
191,2566,1,436624.776218965,4849633.3770166
192,2579,1,439793.290106288,4848526.80467508
193,2235,1,418899.344264995,4844777.01553015
194,1879,1,419594.220576103,4844149.04562178
195,1879,1,420242.080422938,4844137.93993484
196,654,1,420508.631009422,4844482.53173207
197,2520,1,417837.439303535,4845773.86405686
198,878,1,418451.85212112,4856306.89043657
199,2378,1,418451.830217754,4856306.89055695
200,947,1,421970.445904018,4834083.04736448
201,1437,1,399869.239091365,4832350.8816775
202,919,1,399339.462090519,4832121.58879497
203,2065,1,422550.033979607,4852167.60360674
204,674,1,414553.42142153,4832177.0762751
205,664,1,414553.42142153,4832177.0762751
206,2222,1,415225.044134099,4832268.23010112
207,961,1,415489.436099287,4833741.20609606
208,354,1,416245.559983828,4829217.27125364
209,652,1,428432.589522246,4834465.85655678
210,2241,1,422941.580328425,4823204.06578728
211,2553,1,418589.465897194,4823989.50129018
212,316,1,397529.307199859,4818956.82364792
213,1886,1,398852.175741062,4817114.98113764
214,455,1,399315.606149054,4817110.56577604
215,805,1,400761.477645745,4818473.06795897
216,580,1,437964.591792036,4824633.59496544
217,2520,1,424143.94586256,4845715.45577081
218,409,1,425362.4065,4847320.21575994
219,932,1,398750.106207728,4826762.40884043
220,807,1,402438.03263662,4823506.0368304
221,771,1,403115.550768931,4825104.19205967
222,935,1,396748.395082695,4820790.01467876
223,919,1,399175.516953111,4821951.93906207
224,2522,1,394375.845890897,4824867.1684569
225,1881,1,395326.100467598,4826834.60110219
226,1420,1,397661.652144702,4827595.62324522
227,1881,1,398750.106207728,4826762.40884043
228,1269,1,399254.694322907,4826489.13264181
229,1255,1,399254.694322907,4826489.13264181
230,2524,1,399254.694322907,4826489.13264181
231,2201,1,399254.694322907,4826489.13264181
232,1561,1,399254.694322907,4826489.13264181
233,933,1,399254.694322907,4826489.13264181
234,805,1,400908.689231977,4826731.89943499
235,1491,1,404128.371521536,4826288.61408929
236,2520,1,422937.811920024,4845726.41455472
237,848,1,423015.686658089,4845847.00873788
238,323,1,422009.600468698,4835794.03907574
239,322,1,421225.476547357,4836876.58591191
240,2566,1,436648.32470888,4852456.8842
241,1390,1,418914.922592087,4818429.21912674
242,769,1,416920.042291382,4819863.96355546
243,1069,1,416246.4269,4820072.83394783
244,768,1,417034.2453,4821666.57561193
245,2581,1,444779.247202056,4843900.4597
246,1333,1,442136.94715522,4840725.67470909
247,768,1,423818.6100493,4821583.39739727
248,1499,1,425010.436560662,4821168.09965661
249,2329,1,426606.284940121,4820470.58997962
250,2450,1,429806.310353312,4817890.27064355
251,2255,1,436006.338251317,4851042.39375339
252,657,1,427101.346160351,4845684.52547542
253,845,1,422061.474530463,4850564.01671947
254,320,1,425030.882604372,4822815.27236544
255,779,1,425030.882604372,4822815.27236544
256,1963,1,416528.762053242,4848422.44874506
257,734,1,417946.987208476,4847365.35162489
258,1465,1,419403.224447326,4854826.20217289
259,2713,1,419403.224447326,4854826.20217289
260,1633,1,419032.095459927,4854617.55596622
261,2387,1,419934.544671493,4850584.14520788
262,323,1,421970.445904018,4834083.04736448
263,2198,1,422822.725292737,4833621.04268158
264,321,1,426829.298819535,4834986.54438973
265,1613,1,447795.679373866,4845087.83591504
266,1938,1,446196.375159511,4845082.35967811
267,1332,1,446195.22268788,4843875.71187386
268,2217,1,420043.544293044,4832891.92164909
269,961,1,420106.184401467,4833674.88084044
270,474,1,418666.7429,4827684.22867486
271,2553,1,418644.026588249,4827752.46190445
272,2553,1,418618.223934635,4825979.69326029
273,461,1,414153.043187176,4823308.71196934
274,569,1,420177.483196361,4821534.28273708
275,1499,1,424961.457590335,4817447.66933166
276,320,1,424961.457590335,4817447.66933166
277,1390,1,423806.694585462,4818366.85794698
278,2438,1,421777.994140364,4820806.60961123
279,768,1,420099.829367712,4821636.57090379
280,1783,1,419887.425371326,4821912.70170719
281,2553,1,418565.407691047,4822821.08372602
282,1066,1,403531.505846359,4817044.12675475
283,455,1,403531.505846359,4817044.12675475
284,1717,1,407291.889909261,4823502.79694295
285,2096,1,406482.491024583,4823434.98497818
286,768,1,407929.98600666,4821803.74169787
287,2680,1,407247.591391033,4820912.07590584
288,2641,1,406430.409441008,4820214.63673364
289,1293,1,413033.600203809,4826545.70923685
290,2064,1,425371.726555811,4848927.35898098
291,656,1,424143.94586256,4845715.45577081
292,948,1,424143.94586256,4845715.45577081
293,2520,1,427101.346160351,4845684.52547542
294,948,1,427101.346160351,4845684.52547542
295,946,1,426975.161793361,4848681.76650463
296,1132,1,423799.481891983,4851126.90345286
297,655,1,423799.481891983,4851126.90345286
298,958,1,406892.274705026,4829860.15238679
299,768,1,399193.121052946,4821936.30919832
300,2198,1,396964.551127051,4821974.72587023
301,2522,1,394365.152434081,4823218.49219896
302,2198,1,393791.091317757,4822045.8212569
303,620,1,393225.977485656,4820435.43775057
304,2043,1,400652.697728665,4830767.84144364
305,1421,1,399287.287076008,4828593.56227111
306,1559,1,399287.287076008,4828593.56227111
307,919,1,399287.287076008,4828593.56227111
308,496,1,399287.287076008,4828593.56227111
309,647,1,399287.287076008,4828593.56227111
310,1132,1,423755.436090754,4847348.21788902
311,409,1,422947.174285068,4847339.16115664
312,2064,1,422901.9774,4848947.0859123
313,367,1,421208.72133096,4836071.64869283
314,774,1,403115.550768931,4825104.19205967
315,2096,1,402439.315951177,4823507.26681134
316,2255,1,435819.701581106,4851298.65907529
317,946,1,428365.027547899,4842440.36137722
318,1938,1,444560.700509299,4843883.67126836
319,1936,1,441282.582975266,4836036.58468381
320,1328,1,440096.549362344,4836219.33208516
321,1390,1,430335.065744797,4818285.20479194
322,1069,1,426623.725415008,4819939.30733954
323,320,1,425010.436560662,4821168.09965661
324,2308,1,423818.590011492,4821583.39769339
325,2240,1,434643.256940757,4817252.77736515
326,2117,1,433042.190810518,4818925.45174893
327,1820,1,431353.852677414,4844035.27927195
328,2554,1,418589.465897194,4823989.50129018
329,1497,1,423418.45454118,4822958.08161852
330,845,1,419934.544671493,4850584.14520788
331,845,1,422504.077214116,4850560.28002914
332,2068,1,422202.252832456,4853783.00952391
333,946,1,428499.655849181,4839658.85904852
334,946,1,428391.21123022,4832444.69206181
335,946,1,428345.762307324,4829576.38159824
336,2366,1,410181.843289136,4836228.4100071
337,349,1,410716.758838871,4835937.19524323
338,2526,1,411140.559959967,4836030.56757433
339,2235,1,418959.044055675,4848961.50120617
340,1096,1,398731.892748579,4855757.52693591
341,3400,1,398731.892748579,4855757.52693591
342,2395,1,398731.892748579,4855757.52693591
343,1890,1,398731.892748579,4855757.52693591
344,2051,1,398731.892748579,4855757.52693591
345,3399,1,398731.892748579,4855757.52693591
346,2053,1,398731.892748579,4855757.52693591
347,1891,1,398731.892748579,4855757.52693591
348,4295,1,398731.872752855,4855757.52736706
349,2052,1,398731.892748579,4855757.52693591
350,3401,1,398731.892748579,4855757.52693591
351,1408,1,398731.892748579,4855757.52693591
352,2364,1,398849.894536304,4854091.93622719
353,795,1,398438.408935362,4857366.6374142
354,2695,1,398731.872752855,4855757.52736706
355,2336,1,402083.71002006,4858618.3228399
356,4299,1,401887.122034725,4858911.99688569
357,958,1,449334.185085831,4837999.95175732
358,406,1,449394.208846907,4839517.53386267
359,318,1,419784.965230188,4840924.98439346
360,653,1,419784.965230188,4840924.98439346
361,2503,1,401802.336736197,4854029.3711027
362,1256,1,427787.249708145,4816703.20856408
363,1197,1,427787.249708145,4816703.20856408
364,2255,1,437042.754444246,4849688.88939822
365,948,1,417837.439303535,4845773.86405686
366,1920,1,418899.344264995,4844777.01553015
367,320,1,425191.136408724,4833366.22651968
368,961,1,425810.258412458,4833690.32715244
369,394,1,446196.374762732,4845082.3396789
370,2225,1,418362.611844361,4826475.58601434
371,946,1,428432.589522246,4834465.85655678
372,1066,1,399315.606149054,4817110.56577604
373,2680,1,407291.889909261,4823502.79694295
374,919,1,399254.694322907,4826489.13264181
375,2508,1,396052.682412618,4827621.0032677
376,1252,1,399168.686166831,4821350.69041567
377,1265,1,395403.575108782,4825240.94922958
378,932,1,395326.100467598,4826834.60110219
379,466,1,418512.994257782,4819430.27216692
380,2308,1,417034.2253,4821666.57593059
381,2260,1,446195.22268788,4843875.71187386
382,1943,1,446064.984499284,4843964.93460239
383,1634,1,416528.762053242,4848422.44874506
384,471,1,426025.1386,4834353.23954154
385,2198,1,425791.892707858,4833660.89437799
386,961,1,422800.301102446,4833650.34103716
387,1955,1,446133.125055852,4843916.68626802
388,1293,1,418362.611844361,4826475.58601434
389,2308,1,414129.422993745,4821704.48936812
390,1069,1,406430.409441008,4820214.63673364
391,2225,1,413033.600203809,4826545.70923685
392,866,1,399191.036947763,4821722.4046152
393,2198,1,398684.729054647,4821943.20526292
394,935,1,396765.863516506,4822381.81555192
395,2199,1,393225.957379236,4820435.43789682
396,958,1,401140.848236933,4829149.84065262
397,1109,1,401140.848236933,4829149.84065262
398,1132,1,423763.776480788,4848378.73302965
399,2520,1,443469.995786494,4842613.09731995
400,727,1,444588.45972223,4843902.0472
401,2255,1,441282.582975266,4836036.58468381
402,1826,1,429355.581085827,4844423.48444001
403,962,1,411117.732102879,4836025.61994528
404,2593,1,438229.602035736,4849385.69737527
405,305,1,396052.682412618,4827621.0032677
406,1938,1,446064.984499284,4843964.93460239
407,2235,1,418932.579541455,4847357.66077044
408,1920,1,418932.579541455,4847357.66077044
409,851,1,420139.988995835,4847385.1237753
410,1880,1,397249.238980943,4821949.78220256
411,1014,1,442952.31492249,4841872.47171119
412,1943,1,444560.700509299,4843883.67126836
413,393,1,444588.45972223,4843902.0472
414,409,1,419061.410510906,4847376.02141059
415,409,1,420548.409681191,4847361.01523701
416,310,1,397566.6951721,4821945.68800306
