from_cat,to_x,to_y,dist
765,422968.24240507,4855462.67776934,0.587521357406791
801,400502.988686331,4860603.02624327,0.990827577864731
813,398731.916138327,4855759.68621952,0.69722167699541
2744,427101.248770476,4845686.23812149,0.311634310019136
2751,418618.195747882,4825979.70622953,2.19387507126599
2752,416918.120160436,4819864.08532539,3.06950016301415
2753,423418.474832057,4822958.08200038,0.768800651714546
2756,399253.497364353,4826489.13285457,0.289155099882181
2757,403115.735640322,4825101.87800725,0.893512321744867
2758,426975.353414555,4848681.69252576,1.53625925511302
2760,427388.134116768,4846510.82633835,4.81004116049154
2761,418514.591140438,4819430.17206285,1.45551180569818
2763,402393.093166195,4819381.97287338,5.8075305943624
2770,416966.477547262,4823919.49286554,20.4126429928402
2771,436359.3438,4825223.7266,11.2154331703573
2784,420195.11891109,4823394.69443698,1.47327911253707
2789,426623.73146731,4819939.13116538,1.43489325463041
2790,422489.989196947,4819990.09824426,1.49499776179676
2791,422202.254715044,4853784.11889381,2.13740756762002
2792,422549.705372637,4852169.01346835,6.4671999653999
2800,420114.831202184,4817180.60618399,0.423289143244672
2801,416947.478855384,4821741.64792342,1.2714105795872
2803,415427.939178027,4823315.19399295,3.97283634730101
2804,440095.821,4836219.481,1.85837482640157
2811,401267.895503177,4818693.84561969,3.76318236839122
2812,405326.474981428,4827020.0109544,19.3546215064823
2813,418914.614146313,4818430.65912267,1.52313029124344
2814,441372.571916221,4839128.07960542,5.50631807711303
2815,420099.82232575,4821636.38740991,1.09081608478395
2816,421817.987589789,4824029.56617063,0.925841006573896
2817,400970.102085624,4832509.20916469,0.173332377260618
2818,406430.416664733,4820215.45031579,0.971670389779343
2821,421778.483694307,4820806.59934652,2.89282383243168
2826,413793.205378588,4825627.03747382,1.33247347910121
2828,420596.4969,4816806.0701,10.1697718955937
2833,420177.347713901,4821534.28772579,0.0192874299537039
2836,408918.39604387,4824637.63489581,6.96529858558796
2847,406892.217035251,4829860.21160889,0.776938261640775
2848,413033.620185722,4826547.11863231,0.970033723963881
2896,423818.572704418,4821583.04777314,0.690392901911037
2897,407929.982198945,4821803.69136238,1.89835750813629
2900,423796.632733586,4851126.89136532,0.0343663560313501
2902,430334.315739093,4818283.72457903,12.0402594958241
2906,421422.344598384,4854894.54203938,7.45761730875293
2907,414554.092171545,4832178.26018628,4.16044565089137
2909,416268.313941405,4849014.68727524,1.38558472722528
2910,416932.893166821,4821344.16631389,6.05377628471031
2911,420042.8174,4832892.6344,1.46003408166544
2913,428898.832925135,4818300.00192081,19.4846505718711
2922,413660.860500936,4818332.65281993,6.02636344644735
2923,402437.190059405,4823505.26097025,0.719443753042914
2926,427469.754526472,4840833.92169117,1.10587368672775
2927,437919.5819,4822624.8663,12.9671058338711
2929,426590.802783501,4819365.275739,4.86751486127503
2930,426588.249,4819047.9544,2.91939999908209
2934,417877.7759,4830077.6384,3.07631490008572
2936,418362.569791569,4826476.05578121,1.06166758175488
2937,420237.942583587,4825674.07149855,4.99550825382862
2939,426780.288655242,4832323.72993506,1.50117980175042
2940,417832.831,4827058.2319,2.57489999942482
2941,436906.505452246,4824659.23299921,1.48045598444822
2942,426801.212101396,4824769.2921658,1.71395714511924
2943,429867.074428349,4823493.98366773,6.02753885816588
2945,418589.672031065,4823989.50329239,0.464642379020157
2946,418566.400950334,4822821.00685381,2.6609823146992
2947,399311.208984976,4817106.02680145,1.54505619831638
2948,407247.739763453,4820912.05565383,1.16240177539668
2949,404869.904692379,4826684.33982919,1.66715261421828
2950,425362.3965,4847321.772,1.55750000011176
2951,404107.759688558,4826289.69229807,1.38515443004644
2953,400813.118398703,4822457.22259641,0.697078815596194
2954,416246.4369,4820075.179,0.0389000000432134
2955,425009.227825671,4821168.19726994,2.7925726895177
2956,425030.358569599,4822815.48759809,0.931319400837479
2957,437022.687105883,4823045.38310253,2.62039765078413
2958,436003.393545909,4851042.15702642,1.87357026188201
2960,435816.436593718,4851291.686323,0.558834398645041
2989,426827.876920634,4834986.50315624,6.2221924297522
3386,449396.311294827,4839519.35151019,3.69315479083835
3716,443469.929992669,4842613.03946952,3.27345421276619
7922,398749.95401051,4826763.08408362,3.15451160064131
7939,395326.548978557,4826835.33695352,4.21804343598477
7940,396050.650960844,4827620.93399651,0.206153318612664
7944,398739.805849306,4818729.45154716,3.99719848910497
10090,441282.960099193,4836036.62285531,3.93576931182858
12773,424960.958512273,4817447.77576659,0.678510168798027
16578,428345.979981915,4829576.38792265,0.294964724809264
16579,428259.875,4823826.5266,1.77060000039637
16580,428208.541503332,4819501.76537314,3.73440276973101
16583,446195.84068666,4845082.350801,0.802802768036891
16585,446195.234887276,4843874.87396808,0.774115390016302
16586,431415.968337161,4818800.16037253,0.412197099993012
16588,422504.5694711,4850558.33250985,2.31909656481806
16637,427197.288,4826357.499,5.50100000016391
17288,420076.58420466,4833646.22319772,2.60036667454874
17290,415488.684314854,4833715.24396294,2.58974155164329
17304,411130.815646061,4836028.2447133,0.260445954254534
17306,422941.95178902,4823202.5387038,4.09961365227285
17311,425193.362853679,4833367.01803344,0.803238120492764
17312,422822.555993454,4833621.28007308,2.16687652868726
17313,425801.926958633,4833676.97696462,4.42805524011098
17486,397659.394928001,4827595.69257829,0.263669322676308
17771,401888.041911086,4858908.67522787,11.0597330767694
17968,428365.938975931,4842437.82057817,2.43722250516354
17989,417034.2353,4821668.018,0.33669999986887
18468,416390.851808641,4828925.93281702,0.0300520342356623
18594,428391.621104866,4832444.66930365,1.80705867722185
18648,421968.80823225,4834083.01398601,2.7479496474191
18755,429354.078899727,4844423.55975989,2.16180016245793
19251,405038.549957844,4834668.58311322,0.46120186534671
19602,424143.955904456,4845717.68724285,1.3631505232963
19668,412069.971532655,4818697.06592657,2.06285203527211
21232,400910.010648638,4826731.90597425,1.77498033945321
21252,430614.905327755,4823113.77646676,0.633216288022452
21459,444560.921538751,4843884.29190461,1.05189717685901
21460,446068.704099761,4843960.82915292,0.58836472196805
21898,417605.948369648,4847382.50786328,0.330557303394002
21899,416531.234670572,4848420.01797451,1.79017197660515
22924,423807.047795976,4818366.12093749,1.25159221376848
22926,428661.635340491,4829562.91127356,0.0694575869588666
22927,426585.782749587,4829996.50717729,7.07599674547518
22929,426025.1286,4834337.162,25.4895999999717
22930,442136.970961908,4840727.8733974,1.17806131744501
22934,442951.849962611,4841872.41451764,0.977599533377889
22935,429960.500105688,4829049.48450854,0.0628875931231462
22938,414982.353181263,4853245.4293154,0.870856096898732
23098,426608.400727702,4820470.35401793,1.37421556815821
23171,416246.556958988,4829217.25034329,2.16038120123154
23172,441923.392485814,4837510.89874688,0.018500896163628
23173,437086.672497162,4852052.70991458,6.8681416218492
23203,423364.439980328,4819295.39541435,1.41799488376029
23393,399341.366356461,4832121.64468337,2.54705574871955
23482,414286.124610244,4824919.14287901,5.93287056526606
23779,404001.406680696,4818930.47163747,4.78534983635513
23850,402497.654403602,4826329.32102586,5.08029961236833
23871,402088.614939601,4858612.08326253,6.7360581128314
23882,400762.439869623,4818472.84046859,3.76337698134949
23883,406325.603153191,4829058.90355255,0.511527472768902
23884,404965.946711094,4830518.19649411,2.29101484961708
24008,404061.490796068,4831543.43856762,40.6572445636709
24009,403664.384766119,4831532.54343137,6.57592703519775
24036,416313.630146501,4849813.1090869,1.37168776164434
24081,447740.563037415,4837765.04851043,0.507691513641464
24168,431353.915203122,4844035.09915377,0.621036731433363
24169,429801.262549371,4817889.79062288,19.885435477116
24482,410181.853155225,4836228.413703,3.03032713469293
24772,398852.891771915,4817110.55809649,0.284530762314521
24780,426062.1413,4816779.8127,55.5260707890927
24781,427787.0263803,4816700.755705,1.31255403933925
24782,429138.151379017,4816686.68552535,0.628260332198424
24783,438200.0201,4816604.4358,15.1904240442898
