cat,lcat,along,x,y
1,1,0,396895.051957215,4981382.83999016
2,1,69.3937465256633,396948.796027476,4981423.39106034
3,1,138.787493051327,397013.366255479,4981448.81108615
4,2,0,397010.587588462,4981036.72962163
5,2,155.622784909104,397054.158535723,4981185.17267919
6,2,311.245569818208,397113.408615419,4981328.83731301
7,3,0,397366.999387039,4981056.7620954
8,3,188.045847867079,397234.145222169,4981185.9690765
9,3,376.091695734157,397113.408615419,4981328.83731301
10,4,0,411973.243959022,4980133.8608875
11,4,4281.22613546922,414982.436382035,4980009.06730512
12,4,8562.45227093843,417963.391437072,4980087.87416651
13,5,0,396243.041354802,4981122.47098708
14,5,91.003202228968,396207.860108573,4981042.31254644
15,5,182.006404457936,396184.06181859,4980960.2562918
16,6,0,395295.957395599,4980937.34694907
17,6,97.030025269857,395385.827566734,4980973.92806638
18,6,194.060050539714,395475.697737869,4981010.5091837
19,7,0,409506.550020823,4981250.32024067
20,7,520.745508458648,409383.540320681,4980749.10331647
21,7,1041.4910169173,409731.015818301,4980566.70975171
22,8,0,409309.771091272,4980410.19589541
23,8,94.0549920231513,409355.669031331,4980492.2916969
24,8,188.109984046303,409401.566971391,4980574.3874984
25,9,0,410102.360085108,4980430.45814168
26,9,75.293597766497,410106.417040284,4980505.64236197
27,9,150.587195532994,410110.473995459,4980580.82658225
28,10,0,396957.908848271,4980481.75383889
29,10,157.806415002191,396831.51816793,4980540.11492714
30,10,315.612830004383,396692.519446994,4980614.8291841
31,11,0,403765.858693859,4980216.4713302
32,11,85.1366750407699,403693.92543088,4980170.93168688
33,11,170.27335008154,403620.511276402,4980127.86673667
34,12,0,403752.051376959,4980037.68479884
35,12,87.5810269344703,403665.817136191,4980022.38473354
36,12,175.162053868941,403579.582895424,4980007.08466824
37,13,0,384816.506720148,4977657.26964643
38,13,2378.72210196819,382787.760100198,4978463.51069222
39,13,4757.44420393638,383804.534755055,4979696.7169526
40,14,0,409777.185627978,4978796.20773041
41,14,216.53339508731,409612.284955924,4978898.9034255
42,14,433.06679017462,409448.061063688,4979028.73471647
43,15,0,401292.566286846,4978572.79565032
44,15,216.200542632336,401401.476615963,4978746.8393444
45,15,432.401085264671,401457.908374435,4978955.54519308
46,16,0,408770.956331729,4978165.91331742
47,16,206.176346185037,408724.036742011,4977965.14669214
48,16,412.352692370074,408677.117152293,4977764.38006685
49,17,0,410004.365701556,4977224.89559782
50,17,351.809742705996,409655.921151355,4977250.02709348
51,17,703.619485411993,409320.519444937,4977326.07300902
52,18,0,407084.768482946,4976416.14608005
53,18,72.0795693412481,407113.339243963,4976482.32142237
54,18,144.159138682496,407141.910004981,4976548.49676469
55,19,0,395827.793571181,4976392.39094081
56,19,77.7883161436415,395794.29078793,4976322.18705457
57,19,155.576632287283,395760.788004679,4976251.98316834
58,20,0,395623.063087861,4976536.15783849
59,20,376.151177779175,395764.80919188,4976221.08482703
60,20,752.302355558351,395728.304745901,4975885.64098798
61,21,0,395348.86044423,4975900.20632769
62,21,345.911502428414,395688.552636356,4975907.77985779
63,21,691.823004856828,395947.491345977,4975685.43903865
64,22,0,395371.690010948,4975653.2125166
65,22,125.36780186022,395371.666073602,4975778.58031618
66,22,250.73560372044,395378.687131651,4975901.69288901
67,23,0,392971.421300812,4975499.49077554
68,23,76.6957037393849,392899.396658717,4975473.13395663
69,23,153.39140747877,392827.372016623,4975446.77713771
70,24,0,405229.412983051,4976184.15989064
71,24,1501.77747520242,406188.785473764,4975272.48843719
72,24,3003.55495040484,407233.985641627,4974766.46411786
73,25,0,395947.491345977,4975685.43903865
74,25,555.961261334894,396348.702146987,4975324.26819524
75,25,1111.92252266979,396487.01606566,4974814.20028742
76,26,0,396217.451862445,4974830.8129454
77,26,132.655953845438,396350.018165683,4974825.93674435
78,26,265.311907690875,396482.58446892,4974821.0605433
79,27,0,397152.60588723,4975027.88622249
80,27,272.023403192487,397282.616466678,4974865.98546744
81,27,544.046806384974,397440.672373617,4974653.11117492
82,28,0,398493.172681883,4974629.32010906
83,28,130.360045116765,398362.82888402,4974631.37819589
84,28,260.72009023353,398232.485086157,4974633.43628273
85,29,0,397440.672373617,4974653.11117492
86,29,1553.82195152654,398776.548515133,4973990.33295144
87,29,3107.64390305308,399452.900082354,4972754.46228851
88,30,0,404024.680836511,4974246.09652513
89,30,329.574760292356,404028.563937717,4974575.64722456
90,30,659.149520584712,404027.72278548,4974905.02447873
91,31,0,392457.259993492,4974284.57253242
92,31,347.41410950325,392802.439907949,4974249.81655226
93,31,694.8282190065,393141.937793556,4974197.82633922
94,32,0,390953.329303447,4973552.23673584
95,32,92.8745364834205,391031.143614957,4973501.53552824
96,32,185.749072966841,391108.957926468,4973450.83432065
97,33,0,393689.931717501,4973953.79988705
98,33,351.210512792054,393548.53008761,4973633.24678188
99,33,702.421025584109,393431.565566048,4973305.35247142
100,34,0,393615.06818681,4973159.81160941
101,34,70.4519684675913,393545.217881995,4973161.13722324
102,34,140.903936935183,393474.830725554,4973162.07097889
103,35,0,391063.476225462,4973084.80384558
104,35,26.8338768343269,391082.282070431,4973103.94534869
105,35,53.6677536686538,391101.0879154,4973123.08685179
106,36,0,394360.665109429,4972985.32758416
107,36,135.801465576364,394485.929659406,4973037.77594516
108,36,271.602931152727,394621.377435219,4973039.35540259
109,37,0,393790.443244769,4972711.69939264
110,37,404.803706586895,393389.535638844,4972765.3160512
111,37,809.607413173789,392986.294767181,4972800.85251538
112,38,0,412014.995260591,4972364.98275077
113,38,203.242490624615,411822.61050074,4972299.44181568
114,38,406.48498124923,411630.126142781,4972235.20908018
115,39,0,419592.728169718,4973030.84153876
116,39,673.88333149685,419846.512612264,4972415.66299255
117,39,1347.7666629937,420093.420359264,4971800.56854885
118,40,0,398770.392318688,4972200.003898
119,40,178.097823687798,398860.565218533,4972322.59511788
120,40,356.195647375596,398990.143279004,4972428.73832622
121,41,0,410940.176536492,4971974.72857073
122,41,441.488614082309,411206.010152656,4971717.25310465
123,41,882.977228164619,411633.612379527,4971771.02800388
124,42,0,395465.90932263,4971688.04821068
125,42,101.859365372635,395364.108177544,4971684.95082888
126,42,203.718730745271,395262.356254798,4971680.2735934
127,43,0,420195.160178504,4971428.32181958
128,43,272.394871524128,420217.217560468,4971157.08316785
129,43,544.789743048256,420251.040606994,4970891.41908494
130,44,0,393471.245793762,4970819.54176495
131,44,154.796062716234,393618.967706444,4970865.80252096
132,44,309.592125432468,393767.714154685,4970906.98882967
133,45,0,390229.745313411,4964417.59242269
134,45,322.212311770547,390053.936580701,4964631.91442334
135,45,644.424623541095,389856.295621036,4964813.71938837
136,46,0,419028.367808909,4957696.76044464
137,46,2372.01729655584,418800.450419662,4959298.92892816
138,46,4744.03459311167,417361.6430784,4960201.42737816
139,47,0,381492.572100146,4960391.06036173
140,47,13.7435548552509,381506.313298148,4960390.80584741
141,47,27.4871097105017,381520.054496149,4960390.55133308
142,48,0,382130.105603101,4959689.98000044
143,48,204.658041745892,382334.490534632,4959700.54947604
144,48,409.316083491784,382538.875466162,4959711.11895164
145,49,0,383636.980820536,4959969.3941948
146,49,321.298236969879,383731.886339275,4959684.48516728
147,49,642.596473939758,383841.220244811,4959429.72634957
148,50,0,420081.501212916,4958330.82910865
149,50,615.192491925956,419831.391433463,4958842.6464848
150,50,1230.38498385191,420099.140440685,4959292.8561718
151,51,0,385068.415381769,4958235.55134094
152,51,27.8933463418945,385079.840653969,4958260.99740007
153,51,55.7866926837889,385091.26592617,4958286.4434592
154,52,0,381462.881498748,4958310.65896989
155,52,717.621193683491,382180.478486358,4958305.43445963
156,52,1435.24238736698,382896.839498188,4958304.74938773
157,53,0,382213.498404626,4957878.94263948
158,53,213.293822461451,382217.69081417,4958092.19525588
159,53,426.587644922903,382225.424934163,4958305.08726564
160,54,0,418725.196856836,4957244.80997972
161,54,279.630615865201,418911.865762043,4957452.66348915
162,54,559.261231730402,419028.367808909,4957696.76044464
163,55,0,412135.616510145,4952144.04324989
164,55,4058.26834601884,412181.892896142,4955571.8109412
165,55,8116.53669203768,415222.451611398,4957373.84590504
166,56,0,386223.625499394,4957241.84893067
167,56,133.550944006421,386229.686997536,4957125.76386833
168,56,267.101888012842,386133.577623125,4957033.03392282
169,57,0,386467.994070305,4957006.42716545
170,57,214.972995239922,386260.321422359,4956966.40763376
171,57,429.945990479844,386061.428018373,4956920.8668663
172,58,0,387032.29834266,4956633.99397482
173,58,29.9377016619523,387031.446002871,4956604.06840887
174,58,59.8754033239046,387030.593663083,4956574.14284291
175,59,0,419785.295300144,4955958.28928978
176,59,182.146653588982,419605.631219651,4955928.31894454
177,59,364.293307177963,419425.967139158,4955898.34859929
178,60,0,386673.527033817,4956612.30425488
179,60,73.5738580911515,386609.110286278,4956576.75717017
180,60,147.147716182303,386544.693538739,4956541.21008547
181,61,0,418998.328939625,4955851.72010704
182,61,215.086404724551,419212.148039391,4955875.03435317
183,61,430.172809449101,419425.967139158,4955898.34859929
184,62,0,381507.935257047,4960229.0718827
185,62,3204.34748391567,383038.580937539,4958935.82675513
186,62,6408.69496783133,383817.881408783,4956391.06800026
187,63,0,414790.44905597,4955354.5939661
188,63,28.6301884232421,414789.731495681,4955325.97277122
189,63,57.2603768464842,414788.15058614,4955297.39110637
190,64,0,413985.46919232,4955285.65957871
191,64,355.687439306487,413765.667465071,4955525.52883935
192,64,711.374878612973,413917.262649002,4955833.88408204
193,65,0,414286.135523436,4955185.32069081
194,65,75.4756978471665,414360.752962026,4955173.97085276
195,65,150.951395694333,414435.370400615,4955162.62101471
196,66,0,411229.753126782,4955059.58350868
197,66,380.164415769025,411158.447512363,4954884.79719807
198,66,760.32883153805,411176.343991317,4954580.61641685
199,67,0,381935.506501648,4949340.06218929
200,67,79.6329736104569,381879.337370575,4949396.47369754
201,67,159.265947220914,381820.261767361,4949449.84282389
202,68,0,381309.824007596,4948934.81609032
203,68,156.096096350224,381457.06669255,4948922.28469153
204,68,312.192192700447,381606.872417207,4948965.63691255
205,69,0,400550.442639644,4947368.18783999
206,69,21.3896538546901,400571.732086955,4947366.11981552
207,69,42.7793077093801,400593.021534266,4947364.05179105
208,70,0,400531.952470802,4946468.4929957
209,70,20.545673451527,400551.340453867,4946475.29231995
210,70,41.0913469030541,400570.728436931,4946482.0916442
211,71,0,381211.487119991,4944111.92089247
212,71,2281.26110409057,383000.625974446,4944831.50765477
213,71,4562.52220818115,383143.068954558,4946589.47293722
214,72,0,381581.379867287,4942922.85988575
215,72,920.573653274369,382323.800427259,4943369.87697032
216,72,1841.14730654874,382543.802555358,4944257.81039261
217,73,0,387540.543828621,4942845.50866014
218,73,5728.09631647695,392080.283600537,4943612.64257755
219,73,11456.1926329539,396162.639848426,4942724.9140988
220,74,0,390580.559609161,4942807.53407496
221,74,77.2789296703019,390628.917491055,4942839.93566035
222,74,154.557859340604,390639.760479932,4942912.71568096
223,75,0,395263.82341153,4942742.57321584
224,75,202.787602601647,395455.428099038,4942755.75139367
225,75,405.575205203293,395658.019944287,4942753.47077681
226,76,0,385174.112770796,4965986.78544983
227,76,175.920827227059,384998.227714162,4965990.33288622
228,76,351.841654454118,384822.404750823,4965992.33577056
229,77,0,419290.114167088,4957750.63053007
230,77,130.548800489925,419159.613424563,4957754.17249419
231,77,261.097600979849,419029.112682039,4957757.71445832
232,78,0,414917.513001238,4961362.05192029
233,78,105.75194133029,414824.297148452,4961411.99466635
234,78,211.503882660581,414733.998231778,4961359.44718794
235,79,0,414789.014884778,4960972.50454521
236,79,56.0673275733391,414791.071484743,4961028.53414112
237,79,112.134655146678,414793.128084709,4961084.56373703
238,80,0,409981.397519755,4979375.32994396
239,80,155.679557714821,409943.55936898,4979526.09339315
240,80,311.359115429643,409867.088654262,4979660.88241555
241,81,0,409448.066733086,4979029.92576826
242,81,331.43580391323,409679.972621478,4979243.65144498
243,81,662.87160782646,409981.397519755,4979375.32994396
244,82,0,395475.664155903,4980984.01081363
245,82,440.22442668092,395693.051830833,4981230.66190081
246,82,880.448853361839,395941.222295894,4981542.80152176
247,83,0,395477.576295265,4980814.84252031
248,83,84.5895498006924,395476.620225584,4980899.42666697
249,83,169.179099601385,395475.664155903,4980984.01081363
250,84,0,400515.736447285,4980183.57139092
251,84,641.709499474767,400812.868617853,4980717.83146389
252,84,1283.41899894953,400702.148055335,4981307.8455147
253,85,0,400702.148055335,4981307.8455147
254,85,70.2254442239591,400690.148957562,4981373.13556331
255,85,140.450888447918,400712.31457575,4981439.77112729
256,86,0,414898.59935768,4960222.73912669
257,86,62.3963168789171,414843.575090391,4960203.26789104
258,86,124.792633757834,414797.013440899,4960161.73100193
259,87,0,402728.707352779,4955247.56858685
260,87,191.249419922532,402731.948725158,4955438.79053676
261,87,382.498839845064,402734.278929083,4955629.96034599
262,88,0,383866.771787936,4945858.5587015
263,88,226.273890042689,383685.61775232,4945738.34364498
264,88,452.547780085377,383472.236857641,4945711.3720824
265,89,0,385576.436014422,4943676.39496064
266,89,1033.09687723468,386609.424917678,4943662.70900129
267,89,2066.19375446936,386816.396996052,4942832.56500539
268,90,0,385286.502212255,4943791.19660773
269,90,165.007081839035,385450.531660453,4943773.26124654
270,90,330.014163678071,385579.199394918,4943676.35081978
271,91,0,385107.077678549,4943642.24494922
272,91,125.159995053964,385224.53694715,4943685.45931504
273,91,250.319990107927,385286.502212255,4943791.19660773
274,92,0,390047.114170693,4943641.95915056
275,92,212.124185726675,390042.534425648,4943429.88440877
276,92,424.248371453351,390037.954680602,4943217.80966698
277,93,0,399836.29074287,4950100.80517068
278,93,252.2295236633,400088.494342762,4950097.1889836
279,93,504.459047326601,400340.697942654,4950093.57279652
280,94,0,400256.32381206,4949054.38295595
281,94,53.1331461088466,400215.317545377,4949086.41586724
282,94,106.266292217693,400198.401152792,4949135.23365647
283,95,0,400624.48642314,4948736.96980204
284,95,134.746619354917,400507.077484555,4948803.08933447
285,95,269.493238709834,400389.66854597,4948869.20886689
286,96,0,400389.66854597,4948869.20886689
287,96,125.684113757227,400282.88090327,4948935.32487564
288,96,251.368227514455,400256.32381206,4949054.38295595
289,97,0,381380.327435243,4948559.37211918
290,97,31.8458381800597,381363.474969534,4948586.39344056
291,97,63.6916763601195,381346.622503825,4948613.41476193
292,98,0,381347.307522532,4948641.69792553
293,98,145.309108627089,381351.993343845,4948786.93146205
294,98,290.618217254178,381406.30717302,4948902.69789784
295,99,0,381275.333900156,4948579.5974627
296,99,53.5972015162277,381323.758830979,4948602.56888158
297,99,107.194403032455,381347.307522532,4948641.69792553
298,100,0,382662.76958482,4948059.43880704
299,100,45.4976270950428,382618.271565892,4948049.9540623
300,100,90.9952541900855,382573.773546963,4948040.46931757
301,101,0,382927.822293399,4947995.16480131
302,101,139.24513701569,382800.797673934,4948050.40115658
303,101,278.490274031379,382662.76958482,4948059.43880704
304,102,0,382189.40639294,4947160.43793636
305,102,25.416101060554,382214.727854697,4947158.970973
306,102,50.832202121108,382239.982566974,4947156.11130502
307,103,0,382127.421284941,4947162.0579308
308,103,31.0626226821804,382158.348246175,4947159.91063432
309,103,62.1252453643607,382189.40639294,4947160.43793636
310,104,0,382119.66232699,4947162.9541581
311,104,3.90527373771962,382123.541805965,4947162.50604445
312,104,7.81054747543924,382127.421284941,4947162.0579308
313,105,0,381834.483226956,4947213.25032607
314,105,150.158161602803,381973.743509477,4947159.27180868
315,105,300.316323205607,382119.66232699,4947162.9541581
316,106,0,381750.368432717,4947250.81117794
317,106,46.0600591705429,381792.425829836,4947232.03075201
318,106,92.1201183410858,381834.483226956,4947213.25032607
319,107,0,381584.753988967,4947324.76517938
320,107,90.6881170658657,381667.561210842,4947287.78817866
321,107,181.376234131731,381750.368432717,4947250.81117794
322,108,0,382060.819097086,4947691.61477783
323,108,217.199427649226,382056.903144119,4947474.83275993
324,108,434.398855298452,382220.389538182,4947339.64261967
325,109,0,382002.383542472,4947764.4410776
326,109,47.0545887121494,382030.7843323,4947727.36516359
327,109,94.1091774242988,382060.819097086,4947691.61477783
328,110,0,381841.56263882,4947839.06588917
329,110,89.8726814844763,381926.132700159,4947808.6520173
330,110,179.745362968953,382002.383542472,4947764.4410776
331,111,0,382306.81055796,4948687.4824736
332,111,75.1481731080875,382259.435316388,4948629.14865487
333,111,150.296346216175,382212.060074816,4948570.81483615
334,112,0,382367.645065545,4948756.78061414
335,112,46.1060451423399,382337.227811753,4948722.13154387
336,112,92.2120902846798,382306.81055796,4948687.4824736
337,113,0,382536.432133243,4948814.27608071
338,113,95.2604908845348,382441.26024154,4948811.27611876
339,113,190.52098176907,382367.645065545,4948756.78061414
340,114,0,382598.707680225,4948816.45738766
341,114,31.1568686322994,382567.569906734,4948815.36673418
342,114,62.3137372645988,382536.432133243,4948814.27608071
343,115,0,383416.623383437,4947003.4634313
344,115,193.833949289635,383354.264961898,4946822.20810633
345,115,387.66789857927,383391.099952514,4946636.32630458
346,116,0,383463.938885887,4947083.07028143
347,116,46.3587616948934,383438.913555366,4947044.04634495
348,116,92.7175233897868,383416.623383437,4947003.4634313
349,117,0,384061.880521749,4947368.26415348
350,117,123.1894876941,384117.35307807,4947258.56862148
351,117,246.378975388199,384166.927372199,4947145.94306914
352,118,0,383910.235884119,4947438.36725777
353,118,88.2949310238813,383983.116148078,4947391.8450465
354,118,176.589862047763,384061.880521749,4947368.26415348
355,119,0,383743.860400176,4947559.83292806
356,119,104.300209751173,383831.037301409,4947505.96187194
357,119,208.600419502346,383910.235884119,4947438.36725777
358,120,0,383512.282706492,4947514.16873826
359,120,122.441031071246,383623.107226001,4947565.48541773
360,120,244.882062142491,383743.860400176,4947559.83292806
361,121,0,383316.464950307,4947567.39995624
362,121,111.258437775227,383405.202136477,4947503.25256248
363,121,222.516875550454,383512.282706492,4947514.16873826
364,122,0,383174.215747769,4947526.0307289
365,122,76.9600565912183,383241.685471431,4947562.32116004
366,122,153.920113182437,383316.464950307,4947567.39995624
367,123,0,383062.276132616,4947518.82527535
368,123,56.4767250740233,383118.61636451,4947516.11561211
369,123,112.953450148047,383174.215747769,4947526.0307289
370,124,0,383772.072081908,4947618.99496793
371,124,47.1422179490664,383798.910993901,4947580.53081902
372,124,94.2844358981329,383803.415031301,4947533.61226067
373,125,0,383733.70693789,4947700.54689766
374,125,45.1871096354313,383750.7016325,4947658.73108193
375,125,90.3742192708627,383772.072081908,4947618.99496793
376,126,0,383761.650375044,4947817.94875785
377,126,61.5089656793887,383736.852113379,4947761.69956851
378,126,123.017931358777,383733.70693789,4947700.54689766
379,127,0,382120.755264102,4949466.41417918
380,127,104.965561016833,382024.533266576,4949508.35575988
381,127,209.931122033666,381928.311269051,4949550.29734058
382,128,0,382204.623178624,4949323.73804828
383,128,82.7500837091581,382162.689221363,4949395.07611373
384,128,165.500167418316,382120.755264102,4949466.41417918
385,129,0,382195.356619209,4950533.32056425
386,129,153.891236927057,382082.784439484,4950432.69041097
387,129,307.782473854114,381939.804874131,4950376.0619457
388,130,0,382240.618962393,4950585.18249191
389,130,34.4177979085647,382217.987790801,4950559.25152808
390,130,68.8355958171293,382195.356619209,4950533.32056425
391,131,0,381444.324826135,4950447.80231891
392,131,169.452867615775,381440.528249819,4950617.21265021
393,131,338.905735231549,381436.731673504,4950786.62298151
394,132,0,381416.016548743,4950343.59148291
395,132,58.5082536159964,381444.809924281,4950389.33076961
396,132,117.016507231993,381444.324826135,4950447.80231891
397,133,0,381307.373159962,4950312.80169946
398,133,56.4610411941812,381361.694854352,4950328.19659118
399,133,112.922082388362,381416.016548743,4950343.59148291
400,134,0,419364.547083491,4957548.65662941
401,134,190.80718038976,419214.353466531,4957641.92596575
402,134,381.61436077952,419023.641893844,4957647.96551303
403,135,0,419852.326223889,4957196.98910917
404,135,307.814966580465,419573.946385401,4957327.94746868
405,135,615.629933160931,419364.547083491,4957548.65662941
406,136,0,418428.699314141,4957466.40645125
407,136,187.351311002949,418586.441681608,4957365.32302412
408,136,374.702622005898,418744.184049074,4957264.23959699
409,137,0,418009.809515541,4957401.89373019
410,137,237.248027491836,418232.985314609,4957362.46546874
411,137,474.496054983673,418428.699314141,4957466.40645125
412,138,0,419213.731869682,4956737.03053733
413,138,381.595626079728,418894.944296256,4956919.75508166
414,138,763.191252159457,418725.196856836,4957244.80997972
415,139,0,419473.36388232,4956455.1485088
416,139,196.573337620143,419367.384386505,4956620.33810579
417,139,393.146675240286,419213.731869682,4956737.03053733
418,140,0,419030.199985825,4956540.6412468
419,140,140.281948098086,419089.024772186,4956667.99378691
420,140,280.563896196171,419147.849558548,4956795.34632702
421,141,0,418794.61253596,4956441.95066602
422,141,127.711860519198,418912.406260892,4956491.29595641
423,141,255.423721038396,419030.199985825,4956540.6412468
424,142,0,418815.465232566,4956709.60119586
425,142,135.414601771507,418925.21427604,4956630.2774174
426,142,270.829203543014,419034.963319514,4956550.95363894
427,143,0,382266.780481409,4957843.2023465
428,143,32.0793868718373,382240.139443017,4957861.07249299
429,143,64.1587737436745,382213.498404626,4957878.94263948
430,144,0,382441.466644003,4957723.97166988
431,144,105.748770262777,382354.123562706,4957783.58700819
432,144,211.497540525554,382266.780481409,4957843.2023465
433,145,0,382283.744365741,4957382.82705919
434,145,204.366349425537,382429.500328461,4957526.0779025
435,145,408.732698851073,382441.466644003,4957723.97166988
436,146,0,382286.544717865,4961290.03259111
437,146,500.752933905575,382120.197232366,4960953.81408838
438,146,1001.50586781115,382032.947392577,4960499.77703969
439,147,0,381972.162333412,4961165.99254609
440,147,48.2252811915304,381996.902418772,4961124.59682261
441,147,96.4505623830609,382021.642504131,4961083.20109913
442,148,0,407702.332418361,4962704.93658356
443,148,3728.74744627546,411284.925714051,4962777.36508445
444,148,7457.49489255093,413804.546596415,4964171.20699821
445,149,0,414146.272825326,4965776.26022724
446,149,274.309124088687,414420.255444132,4965772.47648694
447,149,548.618248177375,414623.070418188,4965929.72898958
448,150,0,399265.037104575,4975820.4858316
449,150,239.504608035601,399504.536423895,4975818.91026855
450,150,479.009216071203,399743.80489959,4975816.00223035
451,151,0,399445.436866409,4977017.59414785
452,151,97.7676625926725,399458.739625309,4976920.73573338
453,151,195.535325185345,399474.308592662,4976824.50195096
454,152,0,412053.065698201,4963480.60919347
455,152,46.5016879125594,412062.530874276,4963435.0809888
456,152,93.0033758251188,412071.996050352,4963389.55278413
457,153,0,410903.948855141,4962675.11390266
458,153,65.1365312978946,410917.884440828,4962738.73858192
459,153,130.273062595789,410931.598827195,4962802.40145058
460,154,0,408651.508183607,4962959.10712387
461,154,106.626385311391,408648.792381513,4962852.51533026
462,154,213.252770622783,408646.076579419,4962745.92353666
463,155,0,411942.009440138,4960279.91884696
464,155,349.191100679936,412211.268181295,4960076.16690035
465,155,698.382201359872,412545.289232579,4960004.93482997
466,156,0,392481.786111798,4974730.02219819
467,156,51.2983156117005,392493.392008655,4974680.05400488
468,156,102.596631223401,392504.997905512,4974630.08581156
469,157,0,392425.221559381,4974645.78472363
470,157,86.5094784537027,392502.559114741,4974631.66523778
471,157,173.018956907405,392575.621739193,4974585.37254273
472,158,0,392575.230230153,4974585.38038281
473,158,166.807393483045,392718.060354068,4974499.21623742
474,158,333.61478696609,392850.898834569,4974426.18542375
475,159,0,392850.77746799,4974426.31179177
476,159,253.769467820004,393067.602888611,4974294.73651666
477,159,507.538935640007,393151.453917339,4974076.70007564
478,160,0,393151.453917339,4974076.70007564
479,160,427.692990384591,393241.414494926,4973659.43195179
480,160,855.385980769181,393436.698038823,4973302.41498112
481,161,0,392349.916601344,4972172.40201542
482,161,73.4287162788691,392308.065653939,4972112.06732842
483,161,146.857432557738,392265.85283265,4972051.9997399
484,162,0,392438.344128893,4972421.25049446
485,162,141.707233314398,392428.773699724,4972290.11409255
486,162,283.414466628797,392349.916601344,4972172.40201542
487,163,0,392975.58701782,4972794.34529764
488,163,344.726153502003,392716.499702996,4972574.87890884
489,163,689.452307004006,392438.344128893,4972421.25049446
490,164,0,395261.969937602,4971843.42678001
491,164,2503.4357073219,393756.594078236,4970766.20951646
492,164,5006.87141464379,394043.960087214,4969189.61935352
493,165,0,395135.000764779,4972021.32454322
494,165,109.959320514989,395196.032373756,4971931.42274493
495,165,219.918641029979,395261.969937602,4971843.42678001
496,166,0,395148.877832132,4972259.36845351
497,166,75.3141827978389,395144.805518409,4972184.18677652
498,166,150.628365595678,395137.949215029,4972109.1853283
499,167,0,394995.732246964,4972416.44249678
500,167,122.521553412739,395101.937901179,4972355.35329918
501,167,245.043106825477,395148.877832132,4972259.36845351
502,168,0,394831.452730042,4972506.21389445
503,168,93.6037706490316,394913.592488503,4972461.32819561
504,168,187.207541298063,394995.732246964,4972416.44249678
505,169,0,394604.517212235,4972656.07352694
506,169,136.082893924111,394715.640597841,4972577.52324247
507,169,272.165787848223,394831.452730042,4972506.21389445
508,170,0,394155.158860062,4971915.9409055
509,170,417.059791019436,394466.458971274,4971695.54920433
510,170,834.119582038873,394751.66951412,4971391.26197802
511,171,0,394044.22660587,4972294.7001716
512,171,197.380363606738,394099.245806745,4972105.14306814
513,171,394.760727213477,394155.158860062,4971915.9409055
514,172,0,393978.190839537,4972522.21291484
515,172,118.700907362452,394011.278295714,4972408.21674976
516,172,237.401814724904,394044.36575189,4972294.22058468
517,173,0,390506.147386985,4974627.51178194
518,173,605.303305348563,389919.631232225,4974525.89212356
519,173,1210.60661069713,389360.675564058,4974539.52437877
520,174,0,390943.978687732,4974756.18708135
521,174,230.346355633697,390733.883518861,4974661.74416964
522,174,460.692711267394,390506.147386985,4974627.51178194
523,175,0,391328.484854762,4974935.53065697
524,175,212.142366469095,391135.680948824,4974847.04205778
525,175,424.28473293819,390943.978687732,4974756.18708135
526,176,0,391801.97903076,4975054.60157589
527,176,245.721159675297,391558.552062088,4975021.30086717
528,176,491.442319350595,391328.484854762,4974935.53065697
529,177,0,392086.513041059,4975096.23855093
530,177,143.817292973156,391944.048400869,4975076.9546813
531,177,287.634585946312,391801.97903076,4975054.60157589
532,178,0,395254.146845707,4973307.02608861
533,178,215.880083740608,395423.790595418,4973173.99219553
534,178,431.760167481217,395520.995487801,4972985.20438972
535,179,0,394832.381657604,4973780.87680114
536,179,189.861476377548,394958.073652484,4973643.50028714
537,179,379.722952755097,395031.427605632,4973493.93284247
538,180,0,394649.653041201,4973974.78772189
539,180,136.478238916509,394732.433816768,4973867.63643209
540,180,272.956477833018,394832.381657604,4973780.87680114
541,181,0,394384.233294421,4974148.65828357
542,181,158.712435420158,394518.460979315,4974063.96728189
543,181,317.424870840315,394649.653041201,4973974.78772189
544,182,0,395522.313053695,4972985.1435942
545,182,168.609373818182,395690.743260283,4972977.37272244
546,182,337.218747636365,395851.441353444,4972927.98462789
547,183,0,394621.377435219,4973039.35540259
548,183,457.048997772005,395065.151789786,4972987.09490836
549,183,914.097995544011,395520.995487801,4972985.20438972
550,184,0,394239.997483127,4973444.49686852
551,184,279.779918070489,394444.697830294,4973253.9786431
552,184,559.559836140979,394621.377435219,4973039.35540259
553,185,0,394004.528644492,4973650.36540805
554,185,156.448419108341,394120.441543376,4973545.46401413
555,185,312.896838216683,394239.970619185,4973444.52389388
556,186,0,389970.302922856,4964254.62756312
557,186,226.187985745369,389919.009799301,4964474.92286577
558,186,452.375971490738,389867.716675746,4964695.21816843
559,187,0,389867.716675746,4964695.21816843
560,187,98.0323216064059,389857.983826926,4964792.70428441
561,187,196.064643212812,389849.177749071,4964890.33799801
562,188,0,390489.76359381,4967205.74823072
563,188,259.279475638003,390662.973310076,4967396.64226164
564,188,518.558951276005,390813.204907698,4967550.53031327
565,189,0,400723.031133662,4967664.2100972
566,189,1364.11834608074,401863.199348329,4968280.67408038
567,189,2728.23669216149,402602.344334852,4967354.34753452
568,190,0,391131.389046847,4973532.22465108
569,190,42.9971329156732,391113.471793011,4973493.13852242
570,190,85.9942658313464,391108.957926468,4973450.83432065
571,191,0,391108.957926468,4973450.83432065
572,191,145.584561013849,391108.467071938,4973305.25058713
573,191,291.169122027697,391102.627739938,4973159.78802221
574,192,0,391102.627739938,4973159.78802221
575,192,579.113317730475,391422.231662471,4972771.50220052
576,192,1158.22663546095,391839.870021753,4972411.82664683
577,193,0,391839.870021753,4972411.82664683
578,193,77.5445194966561,391852.377960215,4972335.88318495
579,193,155.089038993312,391875.35609193,4972262.17489704
580,194,0,387154.11454778,4956627.78162128
581,194,148.475401133129,387018.126447897,4956568.20065967
582,194,296.950802266257,386885.106607811,4956502.6411453
583,195,0,386885.106607811,4956502.6411453
584,195,89.5610107178662,386798.540484236,4956479.67419317
585,195,179.122021435732,386712.52839079,4956467.3978482
586,196,0,386712.52839079,4956467.3978482
587,196,104.535131343909,386623.162186525,4956521.63137307
588,196,209.070262687818,386522.100417009,4956545.27463343
589,197,0,386522.100417009,4956545.27463343
590,197,61.3479056170316,386461.959821405,4956556.87869636
591,197,122.695811234063,386400.725662186,4956560.01068411
592,198,0,386400.725662186,4956560.01068411
593,198,85.0965485795374,386315.688039391,4956563.17695788
594,198,170.193097159075,386238.398261518,4956531.71228135
595,199,0,386259.150886914,4957950.65872486
596,199,63.5736195666245,386200.130636282,4957974.28530142
597,199,127.147239133249,386139.159998894,4957983.70491217
598,200,0,386139.159998894,4957983.70491217
599,200,91.3669999561366,386048.324503243,4957973.86410881
600,200,182.733999912273,386034.455265765,4957919.46690739
601,201,0,386034.455265765,4957919.46690739
602,201,138.329168267876,385979.192958593,4957827.35199857
603,201,276.658336535752,385889.52886285,4957762.39068116
604,202,0,385889.52886285,4957762.39068116
605,202,61.2669230758196,385844.073629749,4957730.75635022
606,202,122.533846151639,385841.062711176,4957669.56345658
607,203,0,385528.268268894,4957977.23253725
608,203,108.084452511405,385599.50917219,4957895.9491898
609,203,216.16890502281,385670.750075487,4957814.66584235
610,204,0,385469.048118273,4957884.66211806
611,204,75.2430215992652,385471.029271819,4957959.87905319
612,204,150.48604319853,385527.129231869,4957977.27780995
613,205,0,385332.260175477,4957792.03593019
614,205,86.2447498919378,385395.830817074,4957850.31912169
615,205,172.489499783876,385469.048118273,4957884.66211806
616,206,0,385219.620128336,4957698.04995674
617,206,73.3504318748295,385275.940151906,4957745.04294347
618,206,146.700863749659,385332.260175477,4957792.03593019
619,207,0,384953.822808252,4958249.9026507
620,207,56.6755498322122,384997.646990207,4958285.44020532
621,207,113.351099664424,385052.160754982,4958293.03028126
622,208,0,385052.160754982,4958293.03028126
623,208,66.4875346140814,385103.692752038,4958310.2237807
624,208,132.975069228163,385134.485992937,4958369.15058762
625,209,0,385553.360753676,4958206.13530475
626,209,33.5433648261493,385586.331047762,4958204.7673039
627,209,67.0867296522986,385616.088086154,4958189.28583143
628,210,0,385237.419998993,4958196.01875567
629,210,158.051340578554,385395.390376335,4958201.07703021
630,210,316.102681157108,385553.360753676,4958206.13530475
631,211,0,385122.025245597,4957853.21867841
632,211,41.2660493976418,385120.278404288,4957894.44773829
633,211,82.5320987952836,385118.53156298,4957935.67679817
634,212,0,385118.53156298,4957935.67679817
635,212,155.369402663054,385187.774895353,4958063.84411282
636,212,310.738805326108,385237.419998993,4958196.01875567
637,213,0,386001.18160136,4956210.26128399
638,213,49.79730456372,385978.569747574,4956166.29150172
639,213,99.59460912744,385958.567241021,4956120.75335387
640,214,0,386238.326804289,4956569.19227034
641,214,243.1795408916,386168.545069525,4956362.02433918
642,214,486.3590817832,386001.18160136,4956210.26128399
643,215,0,386097.853959302,4956681.65121648
644,215,91.184606293034,386171.606640017,4956628.04227608
645,215,182.369212586068,386238.326804289,4956569.19227034
646,216,0,386068.805721637,4956930.96951058
647,216,157.174268492371,385996.182149628,4956795.76032243
648,216,314.348536984742,386097.853959302,4956681.65121648
649,217,0,386115.888905652,4957051.97424172
650,217,73.7809306820537,386110.48819298,4956991.84805618
651,217,147.561861364107,386068.805721637,4956930.96951058
652,218,0,385994.299931364,4957179.23559189
653,218,88.0454121405684,386054.766132701,4957115.34616947
654,218,176.090824281137,386115.888905652,4957051.97424172
655,219,0,385669.49556331,4957804.03843639
656,219,410.792740197066,385929.315989259,4957561.59191906
657,219,821.585480394131,385994.299931364,4957179.23559189
658,220,0,385614.842363693,4958257.11592174
659,220,238.037366569175,385666.448561768,4958030.63292358
660,220,476.074733138349,385669.49556331,4957804.03843639
661,221,0,385640.321245629,4958406.47073097
662,221,75.8595383665774,385626.410603845,4958332.02831653
663,221,151.719076733155,385614.842363693,4958257.11592174
664,222,0,385461.229354255,4958434.12776288
665,222,117.669225374732,385571.107318658,4958459.17535105
666,222,235.338450749464,385640.321245629,4958406.47073097
667,223,0,385351.94566887,4958436.92450764
668,223,54.6597330592218,385406.587511563,4958435.52613526
669,223,109.319466118444,385461.229354255,4958434.12776288
670,224,0,385229.616347453,4958431.12168325
671,224,62.4589439678094,385289.507168602,4958438.5224331
672,224,124.917887935619,385351.94566887,4958436.92450764
673,225,0,385134.485992937,4958369.15058762
674,225,56.7675106099986,385182.051170195,4958400.13613544
675,225,113.535021219997,385229.616347453,4958431.12168325
676,226,0,402107.558391451,4979757.00095117
677,226,383.312824991912,402176.694281529,4979387.47377016
678,226,766.625649983824,402212.242943887,4979016.58187648
679,227,0,402100.280214152,4980065.94587753
680,227,154.515322368409,402103.919302802,4979911.47341435
681,227,309.030644736818,402107.558391451,4979757.00095117
682,228,0,402777.438687229,4978607.93566434
683,228,237.345096630825,402542.432768147,4978590.94626785
684,228,474.69019326165,402311.04328015,4978538.11067626
685,229,0,403285.909520901,4980456.43633154
686,229,229.005100595655,403455.747436909,4980303.08154981
687,229,458.010201191309,403622.662294992,4980146.60156889
688,230,0,403120.901360727,4980585.48517853
689,230,104.859336622808,403201.318188966,4980518.40234673
690,230,209.718673245616,403285.909520901,4980456.43633154
691,231,0,402910.933545169,4980781.66966659
692,231,145.605907510208,403005.740368263,4980671.15973649
693,231,291.211815020417,403120.901360727,4980585.48517853
694,232,0,403045.182118541,4981187.19563197
695,232,215.652167821776,402993.556597371,4980978.60540093
696,232,431.304335643552,402910.933545169,4980781.66966659
697,233,0,401312.008215114,4978954.09732992
698,233,157.581552891317,401469.5861489,4978954.54471359
699,233,315.163105782634,401589.141614828,4979044.24693653
700,234,0,400986.785600197,4978971.31744453
701,234,165.179940224004,401146.856533725,4978951.04204156
702,234,330.359880448009,401312.008215114,4978954.09732992
703,235,0,400128.2670802,4979363.61366711
704,235,608.128944632352,400559.68755442,4979056.00624398
705,235,1216.2578892647,401018.697989113,4978955.58921907
706,236,0,400057.463350391,4980192.09440791
707,236,453.973938331269,399976.39776359,4979745.41699935
708,236,907.947876662537,400128.2670802,4979363.61366711
709,237,0,400157.966607048,4980455.68500468
710,237,148.808438655121,400083.380851513,4980338.62557359
711,237,297.616877310243,400057.463350391,4980192.09440791
712,238,0,400247.196192855,4980727.22044324
713,238,153.812574696813,400236.147108461,4980573.80523582
714,238,307.625149393627,400157.966607048,4980455.68500468
715,239,0,400564.19011248,4978899.05188483
716,239,78.6869231574384,400562.487850006,4978977.72039301
717,239,157.373846314877,400560.785587531,4979056.38890118
718,240,0,400481.379379927,4978890.63341567
719,240,41.618769951225,400522.784746204,4978894.84265025
720,240,83.23753990245,400564.19011248,4978899.05188483
721,241,0,389849.177749071,4964890.33799801
722,241,315.774426327403,389964.834430453,4965166.99946825
723,241,631.548852654806,390064.868248997,4965454.17886975
724,242,0,390065.722544082,4965445.20802345
725,242,160.327243517959,390063.840280988,4965605.38738244
726,242,320.654487035918,390172.853540682,4965701.49301716
727,243,0,393411.486318972,4973074.45827614
728,243,343.512639280166,393068.513114924,4973088.54476973
729,243,687.025278560333,392847.687343087,4972850.76697067
730,244,0,405692.025102619,4978110.60572214
731,244,421.410218556204,405857.430562181,4977723.0136605
732,244,842.820437112408,406026.327640472,4977382.69106362
733,245,0,407141.910004981,4976548.49676469
734,245,459.348427988322,407493.997972776,4976352.49247372
735,245,918.696855976644,407887.686661472,4976139.14878113
736,246,0,407711.036161975,4977485.58187718
737,246,306.687853660156,407999.630758074,4977430.99313083
738,246,613.375707320311,408294.322453637,4977443.69298701
739,247,0,407274.504920651,4978094.01395204
740,247,280.563058195329,407527.795000416,4978169.66980596
741,247,561.126116390657,407705.677745122,4978006.53262035
742,248,0,407705.677745122,4978006.53262035
743,248,274.930087826394,407627.714073872,4977747.27062108
744,248,549.860175652788,407711.036161975,4977485.58187718
745,249,0,410500.646602921,4978009.11470192
746,249,143.972769925069,410357.902080356,4978027.88062203
747,249,287.945539850138,410227.116692239,4978084.71998362
748,250,0,410227.116692239,4978084.71998362
749,250,145.375950279339,410103.000589261,4978160.31058992
750,250,290.751900558678,409961.756312064,4978188.86687236
751,251,0,409961.756312064,4978188.86687236
752,251,132.829322180953,409850.613157115,4978134.61019391
753,251,265.658644361907,409788.174916096,4978017.37632925
754,252,0,409787.820342503,4978017.98104976
755,252,2417.23260348422,408141.575769911,4976704.06903187
756,252,4834.46520696844,408641.625800785,4974821.10516864
757,253,0,408975.744289091,4977891.84536375
758,253,164.892921493337,408836.319490044,4977807.17176157
759,253,329.785842986674,408677.117152293,4977764.38006685
760,254,0,409065.447977708,4978162.78920931
761,254,146.458775486787,409044.362270547,4978017.85623904
762,254,292.917550973574,408975.744289091,4977891.84536375
763,255,0,408677.117152293,4977764.38006685
764,255,688.415678842614,408291.766581969,4977266.56350091
765,255,1376.83135768523,408057.262981738,4976642.72216685
766,256,0,408117.622790806,4976209.54968918
767,256,98.7244129850319,408026.31919758,4976247.10183404
768,256,197.448825970064,407935.015604353,4976284.65397889
769,257,0,401513.675944915,4964028.25807435
770,257,484.915623850673,401929.669330113,4964245.97564291
771,257,969.831247701347,402358.104106656,4964394.7864445
772,258,0,400710.13763953,4965606.48223831
773,258,324.025224027219,400651.186456386,4965366.66995814
774,258,648.050448054438,400864.829361195,4965124.30588481
775,259,0,400875.641326319,4965666.28817724
776,259,89.2124951607716,400795.543178436,4965629.59084512
777,259,178.424990321543,400710.13763953,4965606.48223831
778,260,0,400884.179603321,4964759.70163175
779,260,19.4031527628553,400901.529317737,4964751.0142992
780,260,38.8063055257106,400918.879032154,4964742.32696666
781,261,0,400724.702730378,4964766.49417369
782,261,81.2614074084454,400804.433136174,4964754.63512154
783,261,162.522814816891,400884.179603321,4964759.70163175
784,262,0,401062.664887263,4964403.29208251
785,262,234.498670733671,401203.461957409,4964219.45045566
786,262,468.997341467342,401332.308108483,4964049.86734809
787,263,0,400864.829361195,4965124.30588481
788,263,295.621249529477,401034.692795793,4964883.66492729
789,263,591.242499058953,400918.879032154,4964742.32696666
790,264,0,400918.879032154,4964742.32696666
791,264,186.51298606732,400965.542197547,4964561.95764282
792,264,373.025972134639,401062.664887263,4964403.29208251
793,265,0,406899.371155306,4977229.02553628
794,265,70.7183960838958,406831.008495593,4977210.92475449
795,265,141.436792167792,406762.64583588,4977192.82397269
796,266,0,383773.491834143,4967189.38598727
797,266,3274.96492910783,384816.096736368,4965381.25330799
798,266,6549.92985821566,385550.032430897,4962688.58285849
799,267,0,383771.132334392,4967426.44926795
800,267,79.2138735609452,383802.509965353,4967353.7155128
801,267,158.42774712189,383810.215791485,4967279.930178
802,268,0,383810.215791485,4967279.930178
803,268,48.913653284516,383793.764566914,4967233.88195228
804,268,97.827306569032,383773.491834143,4967189.38598727
805,269,0,383180.853819612,4967196.58655048
806,269,1388.53552316483,383564.743191002,4966182.36689809
807,269,2777.07104632966,384793.456918698,4965994.83794091
808,270,0,383880.599307976,4953721.00411576
809,270,242.160878676126,384088.537892479,4953844.7973459
810,270,484.321757352252,384330.508485117,4953854.26776747
811,271,0,384467.031321861,4954686.38980245
812,271,100.05858421257,384566.843487968,4954679.37184179
813,271,200.117168425139,384666.655654075,4954672.35388114
814,272,0,384666.655654075,4954672.35388114
815,272,101.810013023583,384743.024755282,4954605.95051799
816,272,203.620026047167,384843.485485137,4954593.86020558
817,273,0,387029.253658127,4952972.68595387
818,273,93.5800758488052,387122.831781745,4952973.29041726
819,273,187.16015169761,387216.409905363,4952973.89488066
820,274,0,387249.222770318,4953113.75739222
821,274,39.7438705168954,387209.495193979,4953114.8953386
822,274,79.4877410337907,387169.767617641,4953116.03328497
823,275,0,387335.605391345,4953111.28304603
824,275,43.2090256909653,387292.414080831,4953112.52021913
825,275,86.4180513819306,387249.222770318,4953113.75739222
826,276,0,387216.409905363,4952973.89488066
827,276,61.7039515503926,387196.940631466,4953032.4467808
828,276,123.407903100785,387177.684013146,4953091.06774827
829,277,0,387258.122564343,4952766.74838784
830,277,105.750219966842,387233.381124553,4952869.56361133
831,277,211.500439933684,387216.409905363,4952973.89488066
832,278,0,386984.580455943,4953212.77127325
833,278,145.96251212152,386838.638963184,4953214.98779994
834,278,291.92502424304,386714.412572599,4953285.94130203
835,279,0,386714.412572599,4953285.94130203
836,279,11.1504288242849,386714.93205551,4953297.07962329
837,279,22.3008576485698,386715.451538422,4953308.21794455
838,280,0,386389.918627749,4952945.89458237
839,280,244.789876849185,386576.691947237,4953103.85873952
840,280,489.57975369837,386714.412572599,4953285.94130203
841,281,0,386715.451538422,4953308.21794455
842,281,424.802666621762,386729.616538839,4953732.71033133
843,281,849.605333243525,386462.392614698,4954001.6053145
844,282,0,387177.684013146,4953091.06774827
845,282,138.315152335003,387122.858287743,4953209.59400757
846,282,276.630304670007,386984.580455943,4953212.77127325
847,283,0,384268.402010973,4960321.42737182
848,283,314.128340787488,384270.779864125,4960007.30803096
849,283,628.256681574976,384182.58846234,4959715.91845419
850,284,0,383584.172742974,4959172.66898742
851,284,307.752347491622,383313.080129992,4959027.89376315
852,284,615.504694983245,383038.070109328,4958892.6184449
853,285,0,384182.58846234,4959715.91845419
854,285,412.80145491709,383870.698528565,4959465.81714348
855,285,825.60290983418,383584.172742974,4959172.66898742
856,286,0,384686.543671979,4959080.08382664
857,286,230.724090668584,384580.152641036,4958910.83077355
858,286,461.448181337169,384461.240319646,4958778.30970211
859,287,0,384461.240319646,4958778.30970211
860,287,741.842844783813,383993.288002302,4958277.3516178
861,287,1483.68568956763,383418.208350978,4957831.29183223
862,288,0,381479.084577304,4959124.19921918
863,288,18.9827519973048,381496.840631895,4959128.19039986
864,288,37.9655039946096,381514.501145646,4959135.15108427
865,289,0,381514.501145646,4959135.15108427
866,289,813.467957588979,381745.81200064,4959778.52709129
867,289,1626.93591517796,381750.363479419,4960505.40429209
868,290,0,384774.976703481,4959166.76947374
869,290,61.9168847606364,384730.76018773,4959123.42665019
870,290,123.833769521273,384686.543671979,4959080.08382664
871,291,0,395226.287731708,4976334.82585314
872,291,274.877339723213,395222.353151422,4976059.97667455
873,291,549.754679446427,395348.86044423,4975900.20632769
874,292,0,395090.142754792,4976695.64550632
875,292,194.423210833016,395171.591739118,4976519.14823463
876,292,388.846421666032,395226.287731708,4976334.82585314
877,293,0,394555.420728864,4976848.62833807
878,293,305.820587319419,394824.477709043,4976745.62762449
879,293,611.641174638839,395090.142754792,4976695.64550632
880,294,0,394445.79134846,4976660.53313457
881,294,120.509857013879,394486.982361175,4976773.7847399
882,294,241.019714027757,394554.437628454,4976848.84563298
883,295,0,396486.244613775,4975994.04103594
884,295,292.323672515314,396211.449196624,4975937.41840469
885,295,584.647345030628,395997.294982514,4975797.6765357
886,296,0,395997.294982514,4975797.6765357
887,296,86.9198501359916,395937.952770649,4975801.56558829
888,296,173.839700271983,395919.781859685,4975721.7826671
889,297,0,398425.491143395,4973675.05146182
890,297,55.7405737434757,398454.1182074,4973722.87930693
891,297,111.481147486951,398482.745271405,4973770.70715203
892,298,0,398482.745271405,4973770.70715203
893,298,135.669386844149,398604.9417764,4973790.77965599
894,298,271.338773688298,398740.536385029,4973786.27580904
895,299,0,398740.536385029,4973786.27580904
896,299,156.554779835324,398890.79050609,4973742.30879648
897,299,313.109559670648,399041.044627151,4973698.34178392
898,300,0,399453.553326988,4973580.95013383
899,300,80.3616108991932,399386.760222342,4973625.63424373
900,300,160.723221798386,399317.941925458,4973664.1515037
901,301,0,399317.941925458,4973664.1515037
902,301,137.123075760358,399182.445818148,4973660.60267418
903,301,274.246151520717,399053.670682213,4973613.48895781
904,302,0,399656.941987689,4974527.21422393
905,302,150.537548527192,399506.41862545,4974525.14759941
906,302,301.075097054384,399355.892624103,4974523.5028762
907,303,0,399355.892624103,4974523.5028762
908,303,461.915478367742,399039.174965705,4974320.11142518
909,303,923.830956735483,398817.987355989,4973952.90212831
910,304,0,399440.368619255,4974333.08604475
911,304,96.9036405959132,399439.873824255,4974429.98842212
912,304,193.807281191826,399415.975389833,4974523.78554894
913,305,0,397244.474291587,4974712.24124996
914,305,102.45737304775,397342.573332602,4974682.67621244
915,305,204.9147460955,397440.672373617,4974653.11117492
916,306,0,397333.394878241,4974535.33190456
917,306,110.632594356131,397441.579191651,4974545.57371915
918,306,221.265188712263,397547.411601232,4974577.80835915
919,307,0,397183.635473579,4974554.05684799
920,307,75.5297234846735,397258.16814123,4974542.09039318
921,307,151.059446969347,397333.394878241,4974535.33190456
922,308,0,396487.01606566,4974814.20028742
923,308,462.266202891116,396837.015270669,4974641.08032595
924,308,924.532405782232,397244.474291587,4974712.24124996
925,309,0,396471.034392703,4981002.41102335
926,309,107.444257755812,396566.603123026,4980957.98893854
927,309,214.888515511624,396661.350359146,4980914.64356346
928,310,0,395908.58586418,4980829.86716498
929,310,60.592989694798,395957.709855394,4980865.34030816
930,310,121.185979389596,396006.833846608,4980900.81345135
931,311,0,396006.833846608,4980900.81345135
932,311,44.057527721647,396042.552190233,4980926.60619602
933,311,88.115055443294,396078.270533857,4980952.39894069
934,312,0,396078.270533857,4980952.39894069
935,312,92.5525986246518,396166.011282453,4980961.60753807
936,312,185.105197249304,396258.468910711,4980957.68356432
937,313,0,396258.468910711,4980957.68356432
938,313,113.674390933303,396364.822680854,4980991.83292178
939,313,227.348781866607,396471.034392703,4981002.41102335
940,314,0,397214.074705524,4944388.87645909
941,314,45.3877914093981,397172.484782292,4944370.94955674
942,314,90.7755828187962,397133.391193041,4944347.89000582
943,315,0,396839.549375784,4944132.32149419
944,315,274.206769243515,396674.097800846,4943915.80660514
945,315,548.41353848703,396466.205485627,4943768.32657445
946,316,0,397133.391193041,4944347.89000582
947,316,183.998255765562,396975.875981905,4944252.78862105
948,316,367.996511531123,396839.549375784,4944132.32149419
949,317,0,395702.145931936,4944541.78591041
950,317,171.897571476619,395862.744118203,4944480.66333177
951,317,343.795142953239,395892.214316577,4944320.91921841
952,318,0,395892.214316577,4944320.91921841
953,318,1121.19477512964,396464.058783731,4943690.73005886
954,318,2242.38955025929,396733.765735377,4942717.38584399
955,319,0,395617.595240251,4944575.93403202
956,319,45.593074237441,395659.870586094,4944558.85997121
957,319,91.1861484748819,395702.145931936,4944541.78591041
958,320,0,391842.455020785,4942807.76872529
959,320,358.113844943854,392041.387507754,4943088.19002988
960,320,716.227689887708,392336.901067588,4943243.32786839
961,321,0,392336.901067588,4943243.32786839
962,321,211.467275029052,392261.50386271,4943430.8475501
963,321,422.934550058104,392193.050731195,4943620.59861158
964,322,0,392456.544736659,4943218.06974948
965,322,61.6546623821542,392398.158579028,4943237.47457031
966,322,123.309324764308,392336.901067588,4943243.32786839
967,323,0,400198.401152792,4949135.23365647
968,323,1193.88438173905,400232.016689371,4949889.01931883
969,323,2387.76876347809,401051.724983295,4950437.29862108
970,324,0,400239.286717936,4949135.01525989
971,324,20.4430742193636,400218.843935364,4949135.12445818
972,324,40.8861484387273,400198.401152792,4949135.23365647
973,325,0,401036.531509603,4976459.27310104
974,325,91.9780886906745,401120.422680381,4976421.74116582
975,325,183.956177381349,401202.37081138,4976380.12992841
976,326,0,401435.1367216,4975866.90351755
977,326,152.297331091292,401585.337909524,4975841.72256833
978,326,304.594662182584,401736.015225542,4975819.683875
979,327,0,402841.144771057,4976868.11229704
980,327,46.10885402282,402887.228558803,4976866.59212392
981,327,92.21770804564,402933.312346549,4976865.07195081
982,328,0,401667.448116001,4977681.83481804
983,328,265.987621438104,401887.806956557,4977588.69205688
984,328,531.975242876208,402146.341536557,4977527.30124824
985,329,0,402146.341536557,4977527.30124824
986,329,132.491044641922,402275.379208757,4977497.75141877
987,329,264.982089283845,402401.058393087,4977457.24231049
988,330,0,402401.058393087,4977457.24231049
989,330,189.807900090997,402548.529871076,4977341.31717374
990,330,379.615800181993,402687.68413342,4977212.23142624
991,331,0,401421.340229902,4979483.76836532
992,331,2915.54390383678,402755.037088129,4977544.59043776
993,331,5831.08780767357,402316.884066531,4975250.6885157
994,332,0,401397.191507778,4979807.60633319
995,332,162.697766341838,401400.223988416,4979644.95561144
996,332,325.395532683677,401421.340229902,4979483.76836532
997,333,0,401389.36647218,4980140.03417112
998,333,167.074314063183,401396.720362033,4979974.668732
999,333,334.148628126366,401397.191507778,4979807.60633319
1000,334,0,401118.728251717,4980283.14228628
1001,334,158.691688665684,401266.009826805,4980227.74351213
1002,334,317.383377331368,401389.36647218,4980140.03417112
1003,335,0,402204.253816629,4978421.48611714
1004,335,55.0079918783183,402257.240322401,4978406.71082099
1005,335,110.015983756637,402310.226828174,4978391.93552483
1006,336,0,402112.360785423,4978081.59487784
1007,336,144.01904519506,402231.886546507,4978148.93483118
1008,336,288.038090390119,402375.90337725,4978149.73348109
1009,337,0,401450.88103113,4977938.07476289
1010,337,371.193689605089,401789.168675456,4978087.54256311
1011,337,742.387379210178,402112.360785423,4978081.59487784
1012,338,0,400816.402398547,4977624.1101813
1013,338,158.013217232378,400927.001142797,4977685.93633029
1014,338,316.026434464756,400941.45583456,4977842.84355617
1015,339,0,400941.45583456,4977842.84355617
1016,339,352.399515750731,401137.5729119,4978090.67908659
1017,339,704.799031501463,401450.88103113,4977938.07476289
1018,340,0,402392.04363031,4975869.27287003
1019,340,127.056201852453,402491.966687581,4975794.22251417
1020,340,254.112403704906,402563.293088101,4975689.52070059
1021,341,0,401736.015225542,4975819.683875
1022,341,344.156170574968,402070.80142704,4975876.81132284
1023,341,688.312341149935,402392.04363031,4975869.27287003
1024,342,0,401202.37081138,4976380.12992841
1025,342,294.420075893125,401334.741914819,4976135.72291947
1026,342,588.840151786251,401435.1367216,4975866.90351755
1027,343,0,403622.662294992,4980146.60156889
1028,343,948.675930340183,403117.654348906,4979435.96649763
1029,343,1897.35186068037,402702.142521327,4978662.33526397
1030,344,0,402702.142521327,4978662.33526397
1031,344,42.6657251289007,402667.790600431,4978637.0309238
1032,344,85.3314502578014,402633.438679535,4978611.72658363
1033,345,0,412445.521289324,4961307.69987457
1034,345,89.0451739428517,412526.419447421,4961270.49058784
1035,345,178.090347885703,412607.317605519,4961233.28130111
1036,346,0,412607.317605519,4961233.28130111
1037,346,2975.97308717635,415297.003720084,4962067.18521369
1038,346,5951.9461743527,414336.730237419,4964385.8590593
1039,347,0,413665.022958594,4962189.81285586
1040,347,38.203559538888,413679.898999912,4962155.1915242
1041,347,76.4071190777759,413691.892560817,4962119.30329619
1042,348,0,413691.892560817,4962119.30329619
1043,348,331.580243906081,413924.255272299,4961889.06135076
1044,348,663.160487812163,414174.138538625,4961678.76268165
1045,349,0,414722.059212114,4961718.90642016
1046,349,18.3951684844196,414724.911786707,4961737.07906559
1047,349,36.7903369688393,414727.764361301,4961755.25171101
1048,350,0,414733.998231778,4961359.44718794
1049,350,191.411722738123,414675.354224241,4961533.28020512
1050,350,382.823445476247,414722.059212114,4961718.90642016
1051,351,0,414815.678611089,4961051.62462964
1052,351,182.904594501683,414808.426257732,4961207.0726929
1053,351,365.809189003366,414733.998231778,4961359.44718794
1054,352,0,414982.557630931,4960843.68464278
1055,352,133.311332413227,414899.11812101,4960947.65463621
1056,352,266.622664826453,414815.678611089,4961051.62462964
1057,353,0,415749.635309926,4962224.52811683
1058,353,128.966827854385,415660.06964852,4962268.59698157
1059,353,257.933655708771,415574.714454983,4962308.29281817
1060,354,0,415574.714454983,4962308.29281817
1061,354,157.91553730127,415460.360971715,4962222.82183637
1062,354,315.83107460254,415302.509890636,4962227.33327995
1063,355,0,392831.441516957,4975456.64071119
1064,355,50.6816174429879,392792.090763512,4975427.90506431
1065,355,101.363234885976,392747.400863267,4975404.00027059
1066,356,0,392747.400863267,4975404.00027059
1067,356,365.525437564918,392418.440103596,4975244.64864732
1068,356,731.050875129835,392086.513041059,4975096.23855093
1069,357,0,392836.623172639,4975560.2035587
1070,357,51.8575987526843,392834.768780675,4975508.37919441
1071,357,103.715197505369,392831.441516957,4975456.64071119
1072,358,0,392844.971472964,4975807.11104654
1073,358,66.6390785010915,392845.055817647,4975740.47202142
1074,358,133.278157002183,392845.14016233,4975673.8329963
1075,359,0,392793.951131878,4975941.04864688
1076,359,77.1589359296466,392795.185944316,4975863.9471318
1077,359,154.317871859293,392844.971472964,4975807.11104654
1078,360,0,392645.250597166,4976963.13891035
1079,360,98.8344963181414,392678.430426626,4976887.03445353
1080,360,197.668992636283,392638.385351012,4976796.676003
1081,361,0,392638.385351012,4976796.676003
1082,361,484.445422346364,392530.572614845,4976335.91449484
1083,361,968.890844692728,392793.951131878,4975941.04864688
1084,362,0,391469.523933233,4965995.07092544
1085,362,256.354717491611,391316.514213315,4966175.7214597
1086,362,512.709434983223,391124.229196433,4966072.32298533
1087,363,0,391549.753960121,4965736.12365782
1088,363,136.327414997013,391497.141408316,4965861.88964477
1089,363,272.654829994026,391469.523933233,4965995.07092544
1090,364,0,391642.617596864,4965443.25236483
1091,364,154.004922656825,391602.247416543,4965591.87189498
1092,364,308.00984531365,391549.753960121,4965736.12365782
1093,365,0,391124.229196433,4966072.32298533
1094,365,144.219887543796,391024.745892548,4965967.90819609
1095,365,288.439775087593,390925.262588663,4965863.49340685
1096,366,0,390641.162275687,4965857.5429705
1097,366,68.8891025747854,390586.078805025,4965816.17245305
1098,366,137.778205149571,390530.995334363,4965774.80193561
1099,367,0,390538.673651314,4965760.03373004
1100,367,167.621502780212,390447.446592646,4965894.48318863
1101,367,335.243005560423,390397.430333301,4966054.24498146
1102,368,0,390865.537615329,4965291.7407368
1103,368,156.408845030245,390777.16075223,4965420.78823531
1104,368,312.81769006049,390676.379099507,4965539.61732189
1105,369,0,390676.379099507,4965539.61732189
1106,369,130.870601226296,390599.043651376,4965643.91922898
1107,369,261.741202452592,390538.673651314,4965760.03373004
1108,370,0,390179.743153016,4966652.52717323
1109,370,327.015211806516,390296.460533165,4966945.32542513
1110,370,654.030423613032,390489.76359381,4967205.74823072
1111,371,0,390371.425011883,4965976.23183841
1112,371,230.361080658144,390370.312890213,4966199.40605458
1113,371,460.722161316289,390286.867063094,4966413.4018529
1114,372,0,390172.853540682,4965701.49301716
1115,372,173.685644791155,390292.545953403,4965821.49077295
1116,372,347.371289582309,390371.425011883,4965976.23183841
1117,373,0,400396.77070524,4970377.37575654
1118,373,476.191075342281,400495.911471718,4970807.87565528
1119,373,952.382150684561,400240.541991194,4971183.19994899
1120,374,0,400240.541991194,4971183.19994899
1121,374,419.576524938246,400417.149399441,4971535.17367057
1122,374,839.153049876492,400698.231621972,4971734.80587479
1123,375,0,409693.493079301,4979887.51195712
1124,375,240.513577683069,409705.300025968,4980127.7341377
1125,375,481.027155366139,409719.185249159,4980367.84657309
1126,376,0,409719.185249159,4980367.84657309
1127,376,1356.81768653638,410854.772291544,4980558.72385493
1128,376,2713.63537307276,411973.243959022,4980133.8608875
1129,377,0,413804.546596415,4964171.20699821
1130,377,3424.08650984785,414632.795031561,4965961.06854175
1131,377,6848.17301969571,416980.372664253,4967660.90634268
1132,378,0,381314.173176588,4950801.89631656
1133,378,2782.13338972216,381777.622695923,4948853.73320462
1134,378,5564.26677944433,382577.460299693,4946826.73275262
1135,379,0,382577.460299693,4946826.73275262
1136,379,2495.58301789156,384727.305007387,4947284.62370743
1137,379,4991.16603578311,387096.091566576,4946886.29482323
1138,380,0,411634.513169073,4973169.54729211
1139,380,2033.23693971356,412132.243939898,4971454.73159699
1140,380,4066.47387942713,410425.933584314,4970853.79370137
1141,381,0,410425.933584314,4970853.79370137
1142,381,555.753082052106,410768.355258387,4970512.35375733
1143,381,1111.50616410421,411095.048271904,4970320.00340169
1144,382,0,400408.365469548,4969431.92915962
1145,382,623.730075224116,399960.666433442,4969789.07502698
1146,382,1247.46015044823,399346.439755396,4969741.02207012
1147,383,0,399346.439755396,4969741.02207012
1148,383,2529.39815098593,398999.595131224,4968225.69213907
1149,383,5058.79630197186,400723.031133662,4967664.2100972
1150,384,0,399990.206687933,4976624.42237623
1151,384,5313.49992838047,403410.810767514,4975012.16061083
1152,384,10626.9998567609,408116.641970959,4974295.01531839
1153,385,0,408116.641970959,4974295.01531839
1154,385,3191.78068862003,410374.915362059,4975066.3048454
1155,385,6383.56137724007,412463.547519456,4975022.94266982
1156,386,0,412463.547519456,4975022.94266982
1157,386,2093.45669158187,413694.649225879,4973848.10056062
1158,386,4186.91338316374,415274.047524219,4973085.21302329
1159,387,0,419696.198869825,4959276.75080067
1160,387,103.244675628805,419770.463737805,4959213.89128462
1161,387,206.48935125761,419836.775765933,4959134.75736035
1162,388,0,412492.534494317,4956099.13699261
1163,388,219.467768381581,412680.315769961,4955987.3219852
1164,388,438.935536763162,412862.577454396,4955870.95158603
1165,389,0,412035.24274573,4956416.48124834
1166,389,301.774106388273,412245.146099124,4956224.11053435
1167,389,603.548212776545,412492.534494317,4956099.13699261
1168,390,0,411734.706474298,4956583.44412955
1169,390,187.889049804321,411921.699023461,4956565.11160124
1170,390,375.778099608641,412035.24274573,4956416.48124834
1171,391,0,411971.63831298,4956013.02424895
1172,391,301.091023948034,412086.254629726,4955768.13829379
1173,391,602.182047896067,412387.008809787,4955761.12107664
1174,392,0,411895.853152811,4956081.46744252
1175,392,52.1101881365884,411940.456993512,4956054.52362872
1176,392,104.220376273177,411971.63831298,4956013.02424895
1177,393,0,411415.963996984,4956526.3963716
1178,393,329.32253744671,411647.296993949,4956292.15870896
1179,393,658.64507489342,411895.853152811,4956081.46744252
1180,394,0,414471.379963,4954797.60221916
1181,394,244.538709232132,414484.362487982,4955021.58423656
1182,394,489.077418464264,414441.715077618,4955247.05375889
1183,395,0,414151.221916816,4954834.18936625
1184,395,171.841570749802,414313.982172554,4954779.0656455
1185,395,343.683141499603,414471.379963,4954797.60221916
1186,396,0,415232.273886028,4955751.45255549
1187,396,621.456045480408,414868.467550211,4956054.37297385
1188,396,1242.91209096082,414491.808746313,4956506.40720542
1189,397,0,415361.406509044,4955942.04321212
1190,397,116.403235985218,415296.613223249,4955847.2859823
1191,397,232.806471970437,415232.273886028,4955751.45255549
1192,398,0,415253.511996926,4955594.9875096
1193,398,328.837963979735,414957.345045661,4955733.09852275
1194,398,657.675927959471,414691.709008712,4955922.89423619
1195,399,0,415291.970945614,4955897.79481053
1196,399,157.04302388686,415299.407447597,4955741.9667275
1197,399,314.08604777372,415253.511996926,4955594.9875096
1198,400,0,415637.370918636,4956427.2191017
1199,400,317.945654639656,415451.438680239,4956169.31015426
1200,400,635.891309279313,415291.970945614,4955897.79481053
1201,401,0,414441.715077618,4955247.05375889
1202,401,384.048599267888,414559.860123648,4955575.29235458
1203,401,768.097198535777,414691.709008712,4955922.89423619
1204,402,0,414798.537352462,4955296.95537613
1205,402,197.052382059004,414623.427905248,4955257.54062786
1206,402,394.104764118009,414441.715077618,4955247.05375889
1207,403,0,409237.02404006,4955048.92951656
1208,403,177.854792201314,409385.69141944,4954959.79235648
1209,403,355.709584402627,409563.459435587,4954954.23721976
1210,404,0,408643.901393993,4954722.46936674
1211,404,360.728865413229,408965.218330044,4954858.0859217
1212,404,721.457730826458,409237.02404006,4955048.92951656
1213,405,0,413125.345016358,4953558.76543512
1214,405,276.415799946893,413008.992768256,4953308.0308168
1215,405,552.831599893787,412871.050133034,4953075.03556941
1216,406,0,412940.863561492,4953779.93996399
1217,406,156.879061987771,413042.172768348,4953660.71299554
1218,406,313.758123975542,413125.345016358,4953558.76543512
1219,407,0,413491.21598881,4952520.99279059
1220,407,640.881052747284,413204.749026316,4952951.33505967
1221,407,1281.76210549457,412638.594193102,4953167.9892281
1222,408,0,414691.709008712,4955922.89423619
1223,408,366.341769150126,414754.266842978,4956274.64170141
1224,408,732.683538300252,414483.360475478,4956498.88572801
1225,409,0,409587.903371074,4955685.86665673
1226,409,157.513033935742,409721.302264585,4955602.11051624
1227,409,315.026067871485,409863.043188479,4955533.86529584
1228,410,0,409863.043188479,4955533.86529584
1229,410,326.588185512547,410098.512419595,4955316.73781816
1230,410,653.176371025094,410321.101396671,4955082.93578056
1231,411,0,410019.598202156,4953812.69071876
1232,411,304.063128406084,409956.746705117,4954096.12199183
1233,411,608.126256812169,409696.20960902,4954208.62298453
1234,412,0,409696.20960902,4954208.62298453
1235,412,472.988128159828,409589.947511167,4954643.9457155
1236,412,945.976256319655,409592.654751092,4955057.14994329
1237,413,0,409592.654751092,4955057.14994329
1238,413,470.164204516578,409976.997135385,4955137.46219787
1239,413,940.328409033157,410433.433615407,4955076.77190971
1240,414,0,410361.513136608,4953273.41111516
1241,414,179.90089963949,410530.784323022,4953334.33401021
1242,414,359.801799278979,410697.632899825,4953347.56402968
1243,415,0,410697.632899825,4953347.56402968
1244,415,811.30208307214,410948.110446016,4953920.67497127
1245,415,1622.60416614428,411354.359943302,4954419.21754137
1246,416,0,411063.464856568,4953043.59643849
1247,416,242.133133961072,410905.369508804,4953223.16967349
1248,416,484.266267922143,410697.632899825,4953347.56402968
1249,417,0,411516.722363319,4952383.1390908
1250,417,251.74589803115,411618.294477243,4952613.48470688
1251,417,503.491796062299,411556.777413468,4952844.89525045
1252,418,0,412712.494665285,4954568.34175372
1253,418,615.085117356663,412357.81832,4954993.66977584
1254,418,1230.17023471333,412034.829147945,4955434.90466412
1255,419,0,413168.065215745,4954447.08670874
1256,419,253.143580355719,412965.061407929,4954584.85203138
1257,419,506.287160711439,412712.494665285,4954568.34175372
1258,420,0,413717.365187553,4954320.96197142
1259,420,291.529885694999,413450.039557525,4954414.92233752
1260,420,583.059771389998,413168.065215745,4954447.08670874
1261,421,0,409405.78876656,4977629.97336142
1262,421,55.6728629027158,409442.043245081,4977587.74081074
1263,421,111.345725805432,409466.163092468,4977538.21085744
1264,422,0,409494.628959951,4977625.90466904
1265,422,36.832122201098,409497.288881492,4977589.42180306
1266,422,73.664244402196,409497.058095983,4977552.8192111
1267,423,0,409197.986787903,4977694.57209581
1268,423,154.417521322722,409293.026604556,4977583.56486788
1269,423,308.835042645444,409431.714336351,4977516.26829165
1270,424,0,407109.325305492,4976549.46275978
1271,424,16.3033138149974,407125.612890928,4976548.94633657
1272,424,32.6066276299948,407141.910004981,4976548.49676469
1273,425,0,406346.986002805,4978153.03936998
1274,425,345.150862541261,406538.506026432,4977867.06795565
1275,425,690.301725082522,406704.226667682,4977570.87047916
1276,426,0,406762.64583588,4977192.82397269
1277,426,148.448984882454,406757.076244775,4977044.4795061
1278,426,296.897969764909,406751.50665367,4976896.13503951
1279,427,0,406704.226667682,4977570.87047916
1280,427,196.075846806252,406765.199667544,4977388.88318733
1281,427,392.151693612504,406762.64583588,4977192.82397269
1282,428,0,406740.09240256,4976903.79128349
1283,428,266.678462520379,406922.700543922,4976725.90389293
1284,428,533.356925040758,407109.325305492,4976549.46275978
1285,429,0,406026.327640472,4977382.69106362
1286,429,410.708413230869,406369.943065982,4977217.5761304
1287,429,821.416826461738,406671.644344098,4976940.00467932
1288,430,0,406671.644344098,4976940.00467932
1289,430,38.7186865227889,406705.868373329,4976921.8979814
1290,430,77.4373730455778,406740.09240256,4976903.79128349
1291,431,0,409088.295447649,4977550.3156882
1292,431,138.112520167833,409098.185859396,4977413.71684842
1293,431,276.225040335666,409145.032764859,4977283.93903994
1294,432,0,409145.032764859,4977283.93903994
1295,432,34.1104119580077,409155.367694934,4977251.43197264
1296,432,68.2208239160155,409166.114960801,4977219.05951013
1297,433,0,400728.74823813,4957346.85262058
1298,433,335.611662484579,400725.295052949,4957011.26321643
1299,433,671.223324969157,400723.888860376,4956675.70524858
1300,434,0,412879.891260809,4960101.08542993
1301,434,16.5726659597742,412868.713505972,4960113.32107678
1302,434,33.1453319195485,412857.535751136,4960125.55672363
1303,435,0,414281.527504494,4959672.81779962
1304,435,417.024881445292,414638.108508732,4959880.66140961
1305,435,834.049762890585,414953.275189061,4959993.11887077
1306,436,0,419355.180700645,4961174.34098696
1307,436,793.508420384128,419131.879182161,4960413.94349675
1308,436,1587.01684076826,418745.555742432,4959737.26492882
1309,437,0,419550.456701846,4961289.40484407
1310,437,120.619767063104,419435.632573448,4961252.46505869
1311,437,241.239534126209,419355.180700645,4961174.34098696
1312,438,0,394465.632967262,4975756.56520985
1313,438,338.00200936288,394464.223455622,4975418.93770064
1314,438,676.004018725759,394466.91570678,4975081.04764958
1315,439,0,394200.339933227,4976016.66536945
1316,439,189.588318680698,394311.873135126,4975867.47798911
1317,439,379.176637361396,394465.632967262,4975756.56520985
1318,440,0,393703.16206184,4975573.32116773
1319,440,473.531430602905,394070.425612156,4975332.52054598
1320,440,947.06286120581,394446.511697145,4975087.89961595
1321,441,0,394446.511697145,4975087.89961595
1322,441,249.948499944864,394671.119871103,4974978.76564799
1323,441,499.896999889729,394812.6147689,4974796.18141797
1324,442,0,392808.794868458,4975949.78967289
1325,442,8.61310123345487,392801.373000168,4975945.41915988
1326,442,17.2262024669097,392793.951131878,4975941.04864688
1327,443,0,392812.74047768,4975952.1131549
1328,443,2.28945412720139,392810.767673069,4975950.9514139
1329,443,4.57890825440279,392808.794868458,4975949.78967289
1330,444,0,392877.862469386,4975988.26705956
1331,444,37.2423771584111,392845.301473533,4975970.19010723
1332,444,74.4847543168222,392812.74047768,4975952.1131549
1333,445,0,385082.857565045,4954611.86172269
1334,445,203.031611000341,385243.474288415,4954668.53250699
1335,445,406.063222000683,385392.632130446,4954602.66573137
1336,446,0,384330.508485117,4953854.26776747
1337,446,712.157541670985,384765.037133925,4954200.05195568
1338,446,1424.31508334197,385082.857565045,4954611.86172269
1339,447,0,385392.632130446,4954602.66573137
1340,447,1358.28228602973,386325.205442445,4954001.52759896
1341,447,2716.56457205946,387107.95226958,4954865.5118779
1342,448,0,399908.845638131,4956033.36703673
1343,448,2429.79604171316,401397.516592834,4956421.15015813
1344,448,4859.59208342633,403160.362273611,4955873.95761171
1345,448,0,403160.303508441,4955873.92815691
1346,448,1616.72165019263,404716.68127514,4955855.57313256
1347,448,3233.44330038526,406019.787234044,4955511.60100027
1348,449,0,406019.787234044,4955511.60100027
1349,449,195.676070305277,406198.556427147,4955483.93571932
1350,449,391.352140610555,406382.518008466,4955423.93421273
1351,450,0,419455.949569393,4955999.94012636
1352,450,259.758657607022,419555.871899566,4956214.23989739
1353,450,519.517315214044,419473.36388232,4956455.1485088
1354,451,0,419425.967139158,4955898.34859929
1355,451,52.9617420763773,419440.958354276,4955949.14436283
1356,451,105.923484152755,419455.949569393,4955999.94012636
1357,452,0,413178.414564063,4960590.62807149
1358,452,1692.43462607856,414712.887739032,4960271.74582308
1359,452,3384.86925215713,415781.409877292,4959088.86710187
1360,453,0,400504.60865659,4965117.68702462
1361,453,219.322921075291,400623.272728606,4964933.23816525
1362,453,438.645842150582,400724.702730378,4964766.49417369
1363,454,0,400721.379371359,4965051.13228661
1364,454,160.165698593979,400807.383388681,4964916.01618834
1365,454,320.331397187958,400856.366939831,4964764.97529639
1366,455,0,400673.729678433,4971776.72971847
1367,455,1790.31956090619,402081.147436811,4971394.1697594
1368,455,3580.63912181238,402885.216240713,4970073.06555694
1369,456,0,398877.752354527,4970581.36467285
1370,456,949.392376195882,399302.65208741,4971095.24270581
1371,456,1898.78475239176,400240.541991194,4971183.19994899
1372,457,0,382486.328661963,4946735.42589602
1373,457,45.5773562981038,382501.301503497,4946778.4211901
1374,457,91.1547125962076,382511.467051216,4946822.82920666
1375,458,0,382522.867619023,4946316.77063833
1376,458,228.200533192028,382424.633090188,4946516.55163537
1377,458,456.401066384056,382486.328661963,4946735.42589602
1378,459,0,382543.391286924,4946200.66182161
1379,459,60.3360816467127,382543.64308859,4946260.70286147
1380,459,120.672163293425,382522.867619023,4946316.77063833
1381,460,0,382610.733611107,4946077.8922305
1382,460,70.9060676129645,382574.63927957,4946138.67092275
1383,460,141.812135225929,382543.391286924,4946200.66182161
1384,461,0,382635.643613858,4946025.55625545
1385,461,29.3266117158071,382627.155513255,4946053.59467332
1386,461,58.6532234316141,382610.733611107,4946077.8922305
1387,462,0,415356.447867163,4965355.39738434
1388,462,33.9279023778643,415322.547663968,4965354.89597374
1389,462,67.8558047557286,415290.776392436,4965344.12395475
1390,463,0,399903.463662315,4972500.31159683
1391,463,655.33390105844,400117.360387392,4971889.23542325
1392,463,1310.66780211688,400673.729678433,4971776.72971847
1393,464,0,394812.6147689,4974796.18141797
1394,464,3645.65161267527,396594.637577912,4972966.99510287
1395,464,7291.30322535054,399452.900082354,4972754.46228851
1396,465,0,398228.907121932,4974641.37183475
1397,465,107.44984858558,398187.591307152,4974545.97282019
1398,465,214.899697171159,398182.253546071,4974439.66452665
1399,466,0,398060.846079502,4974685.00296531
1400,466,99.1161667445613,398146.886962591,4974697.01990724
1401,466,198.232333489123,398228.907121932,4974641.37183475
1402,467,0,397762.313081474,4974706.116259
1403,467,153.822826629232,397913.863157468,4974679.77168729
1404,467,307.645653258464,398060.846079502,4974685.00296531
1405,468,0,399452.900082354,4972754.46228851
1406,468,279.30806498719,399727.111056639,4972715.30097888
1407,468,558.61612997438,399903.463662315,4972500.31159683
1408,469,0,399470.811114032,4974180.87896338
1409,469,78.8451290543239,399442.988676339,4974254.65203663
1410,469,157.690258108648,399440.368619255,4974333.08604475
1411,470,0,419740.422808327,4978038.34198212
1412,470,327.106552682823,419960.296330837,4977814.44922907
1413,470,654.213105365646,420143.236473848,4977565.26984414
1414,471,0,381639.305079128,4968846.56629642
1415,471,1974.97055467857,383330.166638685,4969599.84242264
1416,471,3949.94110935715,385097.874798162,4970268.57836272
1417,472,0,381109.55634977,4945927.69940926
1418,472,1045.22340516415,381705.860391802,4946339.5102983
1419,472,2090.44681032829,382577.460299693,4946826.73275262
1420,473,0,381151.842360943,4945699.55241966
1421,473,120.209413590519,381229.091562937,4945776.52570557
1422,473,240.418827181039,381231.209461777,4945896.71410413
1423,474,0,409404.612030868,4978798.98135997
1424,474,117.49881801763,409426.429042557,4978914.43645021
1425,474,234.997636035259,409448.066733086,4979029.92576826
1426,475,0,409260.988023714,4978804.14724298
1427,475,83.5202379245302,409326.233824624,4978823.87282356
1428,475,167.04047584906,409409.740747779,4978825.36410764
1429,476,0,412703.2912231,4954483.07985846
1430,476,46.2686397031761,412700.637972567,4954526.84775837
1431,476,92.5372794063522,412706.772060368,4954572.70798064
1432,477,0,397011.814816987,4981486.66539347
1433,477,45.4858146760729,397026.974507393,4981529.393271
1434,477,90.9716293521457,397038.55890434,4981573.37919016
1435,478,0,397113.408615419,4981328.83731301
1436,478,99.9515796857226,397040.052665989,4981396.43179577
1437,478,199.903159371445,397011.814816987,4981486.66539347
1438,479,0,396708.306898551,4980674.20385714
1439,479,404.220698046413,396513.113710128,4980328.72690273
1440,479,808.441396092827,396478.719771942,4979935.57898861
1441,480,0,396661.350359146,4980914.64356346
1442,480,144.804037611222,396748.77899041,4980811.41954544
1443,480,289.608075222444,396708.174656638,4980674.20648862
1444,481,0,381921.249484187,4945095.22567434
1445,481,43.9359781117492,381963.456295813,4945083.02095292
1446,481,87.8719562234984,382005.663107438,4945070.8162315
1447,482,0,382162.273405188,4945035.14202343
1448,482,331.985188814371,382482.67391263,4944954.72308426
1449,482,663.970377628743,382702.627162418,4944713.27956259
1450,483,0,382106.026815256,4945268.04104747
1451,483,114.932310223113,382066.001889969,4945161.69700715
1452,483,229.864620446227,382084.339976279,4945050.65471244
1453,484,0,382177.506059614,4945376.07691499
1454,484,37.0181454234022,382148.772899087,4945353.56728626
1455,484,74.0362908468045,382131.530843176,4945320.85973445
1456,485,0,392398.854583972,4944483.46820003
1457,485,305.35518112663,392628.022718014,4944285.17132558
1458,485,610.71036225326,392833.434437878,4944059.27583609
1459,486,0,392405.606472246,4944410.25609968
1460,486,34.2195984070354,392439.826069974,4944410.26291695
1461,486,68.4391968140709,392474.045667702,4944410.26973423
1462,487,0,393266.381434723,4943451.31975625
1463,487,276.335503785454,393073.564183171,4943645.42967745
1464,487,552.671007570909,393166.04588312,4943887.58196907
1465,488,0,389985.64531701,4943788.6843727
1466,488,86.4318229633441,390000.236644124,4943703.5622013
1467,488,172.863645926688,390046.956750661,4943634.66713446
1468,489,0,390290.049490029,4944180.32410795
1469,489,65.8313768472798,390292.856559337,4944114.55260546
1470,489,131.66275369456,390299.81856702,4944049.18359488
1471,490,0,390299.81856702,4944049.18359488
1472,490,253.088252504959,390228.846636023,4943816.03658396
1473,490,506.176505009918,390047.114170693,4943641.95915056
1474,491,0,381327.408855937,4947697.42672596
1475,491,336.004630794716,381556.330767761,4947941.89519649
1476,491,672.009261589432,381841.56263882,4947839.06588917
1477,492,0,381284.46329643,4947651.49426491
1478,492,31.4408653629622,381305.936076183,4947674.46049543
1479,492,62.8817307259245,381327.408855937,4947697.42672596
1480,493,0,385516.247884783,4942970.9954708
1481,493,50.0722360840487,385523.640163669,4942921.47191035
1482,493,100.144472168097,385522.18285515,4942871.46794928
1483,494,0,394043.960087214,4969189.61935352
1484,494,41.3170588157367,394002.669769024,4969188.42893614
1485,494,82.6341176314734,393966.414231782,4969173.35551288
1486,495,0,409601.572913618,4977629.95034911
1487,495,14.6956780076777,409604.268555788,4977615.51074929
1488,495,29.3913560153553,409607.936773287,4977601.51666806
1489,496,0,392050.634582071,4973891.96307105
1490,496,158.28756800387,392032.735212022,4973734.69080161
1491,496,316.575136007739,392012.235557616,4973577.73888706
1492,497,0,393436.698038823,4973302.41498112
1493,497,146.703554093871,393494.14492243,4973192.33931003
1494,497,293.407108187742,393411.486318972,4973074.45827614
1495,498,0,399474.308592662,4976824.50195096
1496,498,295.480894815639,399764.80273313,4976798.84365254
1497,498,590.961789631278,399990.206687933,4976624.42237623
1498,499,0,412545.289232579,4960004.93482997
1499,499,376.948076505612,412859.45205746,4960158.74204764
1500,499,753.896153011224,412872.274122786,4960533.56607971
1501,500,0,413048.322096502,4960569.93759277
1502,500,65.8794081840517,413113.205399901,4960581.3504523
1503,500,131.758816368103,413178.414564063,4960590.62807149
1504,501,0,412872.274122786,4960533.56607971
1505,501,90.4463552123941,412959.243294044,4960554.26883009
1506,501,180.892710424788,413048.322096502,4960569.93759277
1507,502,0,395137.949215029,4972109.1853283
1508,502,43.955121755789,395136.474989904,4972065.25493576
1509,502,87.910243511578,395135.000764779,4972021.32454322
1510,503,0,406902.218031334,4976806.68451132
1511,503,121.965234036547,407007.869374688,4976746.39281994
1512,503,243.930468073093,407015.260151288,4976638.49749024
1513,504,0,382005.663107438,4945070.8162315
1514,504,28.9493324408679,382033.811522076,4945064.09029857
1515,504,57.8986648817358,382061.788694325,4945056.65109958
1516,505,0,382131.530843176,4945320.85973445
1517,505,29.3435246068494,382119.19983949,4945294.26153314
1518,505,58.6870492136989,382106.026815256,4945268.04104747
1519,506,0,382061.788694325,4945056.65109958
1520,506,51.4465499163901,382111.988809436,4945045.75465595
1521,506,102.89309983278,382162.273405188,4945035.14202343
1522,507,0,395031.427605632,4973493.93284247
1523,507,29.3802001394247,395053.237650111,4973483.24091389
1524,507,58.7604002788494,395073.086897555,4973468.00262739
1525,508,0,395073.086897555,4973468.00262739
1526,508,121.606239023888,395164.48634432,4973388.02986903
1527,508,243.212478047775,395254.146845707,4973307.02608861
1528,509,0,401332.308108483,4964049.86734809
1529,509,96.9985734077727,401417.826916691,4964021.46839948
1530,509,193.997146815545,401513.675944915,4964028.25807435
1531,510,0,398387.365052104,4973611.35347421
1532,510,37.1181642282678,398406.428097749,4973643.20246801
1533,510,74.2363284565357,398425.491143395,4973675.05146182
1534,511,0,409867.088654262,4979660.88241555
1535,511,142.761985642637,409779.291811428,4979773.43897453
1536,511,285.523971285275,409693.493079301,4979887.51195712
1537,512,0,390286.867063094,4966413.4018529
1538,512,131.025993568111,390231.587942539,4966532.19591765
1539,512,262.051987136222,390179.743153016,4966652.52717323
1540,513,0,390641.162275687,4965857.5429705
1541,513,142.366907919528,390783.519383162,4965855.87251489
1542,513,284.733815839055,390925.262588663,4965863.49340685
1543,514,0,392845.14016233,4975673.8329963
1544,514,57.1260766306033,392841.684884202,4975616.81939097
1545,514,114.252153261207,392836.623172639,4975560.2035587
1546,515,0,392538.53368348,4973544.83591683
1547,515,463.964142401309,392819.01934301,4973244.6058674
1548,515,927.928284802618,393184.484063378,4973082.08578768
1549,516,0,411354.359943302,4954419.21754137
1550,516,608.434705330632,410883.063416587,4954732.27505982
1551,516,1216.86941066126,410433.433615407,4955076.77190971
1552,517,0,411354.359943302,4954419.21754137
1553,517,320.771652804823,411651.880511559,4954305.58986147
1554,517,641.543305609645,411903.355558058,4954299.27216324
1555,518,0,411556.777413468,4952844.89525045
1556,518,194.147819929138,411421.595006311,4952933.65461556
1557,518,388.295639858277,411227.448878206,4952932.84410642
1558,519,0,411131.648492348,4952997.54623828
1559,519,57.8015566374951,411179.548685277,4952965.19517235
1560,519,115.60311327499,411227.448878206,4952932.84410642
1561,520,0,411063.464856568,4953043.59643849
1562,520,41.138877982982,411097.556674458,4953020.57133839
1563,520,82.277755965964,411131.648492348,4952997.54623828
