276005.515450145,5232714.96501558,25
247708.344996881,5245092.43724544,25
219929.524733191,5249529.83100686,25
216347.237203085,5244825.5382138,25
211915.736293396,5224095.44395295,25
219024.163549021,5265715.41451269,25
233257.620291909,5259443.06228682,25
226591.097628543,5255691.43472163,25
220166.89087852,5255698.6736348,25
244406.213175344,5254023.14068394,25
241173.727310781,5253668.0372438,25
239486.183329255,5254163.05907279,25
232031.205398937,5241743.20765471,25
245256.440788081,5242782.10285318,25
237388.547839796,5216475.70305781,25
247157.446444742,5262944.14254198,25
233619.674634778,5266684.62248418,25
242331.147027882,5256652.24081888,25
251895.28475954,5263969.84413054,25
231595.650347973,5216730.68471961,25
315026.650456494,5251475.49185597,25
316579.889591002,5253817.98391414,25
233372.115162665,5261843.30811265,25
232433.74712846,5260293.57069289,25
274850.560827951,5229519.77762266,25
224154.693721975,5244504.41689258,25
217573.457592261,5222252.5298996,25
210525.616901261,5225722.13342115,25
224046.227028872,5242897.03361065,25
224080.297356357,5243696.67599004,25
217949.054796098,5247207.02330438,25
221281.610746775,5228546.36536957,25
240011.391300935,5221191.47755284,25
239954.416636177,5224422.72983082,25
214234.778961256,5267571.02261406,25
231948.614356413,5265156.06104182,25
225285.67110528,5234855.01252942,25
226837.194243679,5233621.13758156,25
227936.078622451,5233411.95555822,25
228831.702108535,5233040.61838736,25
253325.228261432,5211769.38009216,25
252858.514099681,5212605.50897389,25
254791.462070201,5214130.66826651,25
253989.583707459,5209329.82172259,25
241277.948517392,5256697.40143002,25
253716.227060757,5265634.05532228,25
247937.254409797,5262516.21313496,25
230008.483639878,5232458.17171936,25
221079.087834697,5245444.62882988,25
221066.85030576,5245215.3757418,25
240555.094653607,5229245.05027541,25
229419.790264524,5231397.50563653,25
229924.8655057,5230563.84703406,25
221765.966321811,5226896.34714135,25
217715.020147247,5231936.17722968,25
217225.707237317,5230338.93205088,25
217405.218651652,5229387.21884908,25
217409.155167938,5228710.12991575,25
217069.271146064,5227872.67877622,25
217564.357973074,5227102.67230541,25
217709.905186303,5225481.19917753,25
220644.179443302,5265648.64187477,25
227152.905780948,5266965.63589711,25
241204.194664348,5225984.94349225,25
231766.870443629,5261930.74523145,25
223687.80474875,5242904.56243172,25
226322.862460055,5221863.21894102,25
235974.904714242,5221348.71114059,25
223284.527499515,5225219.44420005,25
240019.374254066,5226026.88908005,25
230965.988475099,5218383.48362893,25
227845.060010674,5220197.020756,25
220773.545886938,5251907.91677787,25
216214.413317135,5244830.38715194,25
217824.017115903,5244771.30564105,25
213595.939132384,5224022.98056328,25
211028.762587984,5266106.29652245,25
219699.895822047,5265685.76889778,25
226814.047054819,5260522.56653066,25
234875.60962349,5259374.78598743,25
229808.90625642,5255540.77906804,25
232913.583764543,5251977.91341913,25
238280.154742159,5253586.48786962,25
233154.982104915,5251779.92052057,25
222470.29518173,5251839.94887599,25
247218.057627657,5242709.87432651,25
230431.982221552,5237795.19090812,25
239898.6355526,5236558.89480424,25
210558.825674119,5227323.59943076,25
213741.144394556,5227249.45383422,25
234182.20220927,5218214.11600189,25
235817.278295964,5218136.39368881,25
237357.898887001,5215989.2289217,25
252896.891332472,5244861.76876331,25
252855.50239263,5243652.28527248,25
227199.708376455,5241177.59373636,25
317582.872396623,5255418.43704097,25
233575.740049843,5266686.4250814,25
255774.551480154,5215716.37184013,25
236481.138082311,5232671.33802486,25
231684.042465572,5233697.21599994,25
216968.122304827,5227117.15121505,25
230937.636701612,5217328.44678373,25
234093.055617492,5214805.41710472,25
233001.442244656,5263469.81717086,25
236592.573207532,5261735.70664689,25
232715.569964455,5261872.17745015,25
225692.826823583,5243643.42612414,25
224226.857907581,5246073.65094014,25
228903.099465098,5243523.13321774,25
219153.787310555,5225401.94681942,25
215002.730216231,5227195.78527906,25
225603.217936696,5241240.72230601,25
320411.323771848,5257981.20719963,25
323621.542076211,5257606.32242564,25
322011.238870939,5257535.0788004,25
320230.926563605,5257780.02231327,25
213124.516481018,5247390.2714816,25
219813.350581256,5246313.37947661,25
231421.693556936,5228894.88426268,25
220337.209307324,5230076.21541009,25
218840.491985594,5232098.2306501,25
218960.024677616,5231873.23797015,25
220218.084265573,5230204.61787212,25
229671.021380296,5224927.27049691,25
240703.970902698,5222783.89092271,25
218511.052878961,5225433.83348121,25
223261.945315707,5225203.2533606,25
211099.938381887,5267723.70565242,25
217465.685266982,5267412.61528475,25
231873.061991572,5263539.96501304,25
255028.696569434,5215734.94685799,25
241402.575137198,5259914.02188363,25
251865.171610884,5264371.58885318,25
231646.413170883,5232884.24667539,25
241964.046014879,5233235.43123569,25
222559.731810607,5245375.73098315,25
222491.1218622,5243966.963323,25
241769.930999888,5229194.69582387,25
232983.259619501,5227992.5262306,25
223412.689179279,5228433.28033942,25
228768.460288359,5266887.7713256,25
223950.671166292,5267116.03522031,25
317247.398801592,5257226.98805382,25
226315.992390455,5221871.03647996,25
237575.772943131,5221310.75593812,25
232916.671972636,5226391.11199399,25
232578.486419661,5218296.91498792,25
227832.599630467,5220210.63691247,25
229392.304532608,5218491.5867941,25
225092.654923699,5232941.18203082,25
225037.151550974,5233217.00806979,25
225145.997263381,5231599.67460188,25
219959.074384989,5250339.33876947,25
215819.346688746,5244850.02417504,25
219430.576927415,5244700.59126304,25
212040.650307662,5224092.86731709,25
217420.888643698,5265787.87829572,25
216312.906313981,5259382.28275775,25
220331.004458349,5259199.43073842,25
222161.840105409,5259098.05856321,25
218719.111528485,5259269.16489845,25
215501.219326773,5259421.03449311,25
221138.104281444,5255935.64995289,25
237556.446906683,5252003.67152381,25
234500.009727263,5251262.05661258,25
223231.519987111,5252605.42324425,25
236664.747791585,5236700.10245004,25
230712.454878066,5237504.52056498,25
210927.747491779,5222527.57033446,25
211920.086750728,5222467.91461032,25
210346.924662331,5227344.51524991,25
212307.046191083,5227303.18229828,25
228799.108466737,5241114.55937613,25
237914.180022738,5228419.48902808,25
228269.224588933,5257214.22276411,25
241807.842189465,5230014.34490919,25
216269.805463764,5257769.98276024,25
232402.976313326,5257041.23396102,25
241245.165725313,5255880.32703031,25
235712.777489881,5214519.27128031,25
233456.887988855,5263450.13233057,25
238202.867114578,5261660.39842553,25
227305.527354457,5243586.39773381,25
215345.908033299,5227182.02277215,25
213672.904326396,5225630.23879579,25
216887.415365172,5225505.4265672,25
211587.444050742,5247518.25674126,25
234645.803798574,5228725.14127866,25
226467.253401328,5225106.61845027,25
232853.158753209,5224776.62034969,25
219058.480481447,5225406.70027759,25
221668.948810214,5225284.82052243,25
223284.359680481,5225215.2557735,25
227919.99137922,5221766.16742313,25
212623.174281431,5267649.51614281,25
219079.466292451,5267336.95156099,25
252917.346354562,5265780.18988391,25
240130.68966509,5230887.01511954,25
234871.775104746,5232745.95485327,25
239755.039343733,5233319.14647435,25
221768.673904367,5244599.99016778,25
237951.891997058,5229363.63889228,25
228210.894839243,5228215.97244895,25
221811.605670764,5228509.96948146,25
318773.118473914,5257258.78503356,25
224844.63036645,5223570.86365564,25
234530.080125623,5226284.04177275,25
231316.337775244,5226463.869402,25
225182.275318615,5232744.49827816,25
225075.885468505,5229984.29796522,25
215574.945746294,5261036.00015811,25
231689.171870782,5260301.57237143,25
232440.678959847,5260273.05415527,25
230056.680598137,5260370.28240703,25
223592.782077852,5260659.08807062,25
228342.496012272,5258854.0835718,25
221915.63895428,5259113.02281319,25
221762.240826258,5255910.5538806,25
228202.232704318,5255614.17000655,25
229001.30927726,5255579.18346475,25
223374.038757286,5255839.65185313,25
236080.451782801,5250557.44241961,25
238280.350109444,5236617.75467657,25
231823.193338849,5236934.76896291,25
235043.575904382,5236782.90345257,25
213529.465813299,5222407.04139209,25
218354.693218407,5222205.48806039,25
212013.112787624,5227309.47566328,25
212737.363043563,5227288.93557353,25
236345.526949296,5256082.96117984,25
223437.024672713,5257437.20941956,25
217834.736444394,5257693.19969404,25
221830.021273813,5257514.8374998,25
226657.472641608,5257295.89224284,25
231535.452420984,5257077.85816013,25
234734.386972995,5256156.45928477,25
239574.761157691,5255952.79266961,25
235067.167221773,5263402.54601457,25
234983.638456687,5261789.02975163,25
234987.676028826,5261792.84241563,25
212024.595349842,5225701.87475122,25
215268.355398964,5225562.10598624,25
211621.497612717,5247515.38594984,25
231465.480599759,5229679.7491397,25
226614.139793752,5228284.09435292,25
234618.692164761,5227911.8506799,25
228069.666341345,5225017.35942358,25
231227.740431418,5224861.44319838,25
234469.070845745,5224672.54460964,25
220120.15986976,5225349.82418108,25
212600.675324237,5267650.63198274,25
235068.478152292,5263403.68634268,25
238025.49512359,5230999.85068626,25
233264.950434749,5232831.2859228,25
233300.548796673,5233633.40441815,25
234690.393255935,5229519.06192038,25
236261.230443204,5227836.61743353,25
229816.566016856,5228145.03461062,25
231090.804343077,5221613.67323686,25
237797.945049469,5226155.99875714,25
229748.829753516,5226538.61105878,25
225189.890233705,5232694.2860255,25
212508.225205444,5266035.72654565,25
213963.169350978,5261114.57372771,25
230564.429919467,5260348.52281828,25
232147.871181942,5260284.15427832,25
232430.126623244,5260273.47420079,25
233169.67942675,5260079.8229889,25
232259.743187232,5260279.91329458,25
228159.313001207,5260464.54199009,25
225192.58645168,5260600.95833209,25
217184.817336076,5260955.08371752,25
226736.277565346,5258907.34984823,25
224989.183692857,5255766.60964383,25
226452.848805894,5252464.11435438,25
224843.695479026,5252535.24655737,25
233435.745688754,5236856.74961825,25
215140.879456659,5222341.69774231,25
212054.66269788,5222462.92880181,25
220959.045584052,5222087.5545398,25
220238.288850994,5257583.4815022,25
237960.411306615,5256022.05382918,25
233076.09476969,5229602.81633742,25
237725.19865368,5224561.56009528,25
229522.07761401,5221703.96615615,25
239645.157779244,5230922.98138166,25
234912.479700787,5233556.9080442,25
237879.031523012,5227760.08218242,25
231378.398243341,5228068.95753656,25
234367.154519364,5221447.66998916,25
226543.838105303,5226702.27033573,25
214202.61688628,5265945.60223608,25
212584.346111419,5266025.45309608,25
221996.925067898,5260748.8080466,25
228428.279606429,5260450.83643765,25
224460.96600491,5260628.67858943,25
225114.071391902,5259006.84292005,25
216751.137762107,5222270.5383289,25
219969.0221733,5222136.21270566,25
223131.075941641,5222011.7732422,25
237341.477433309,5233434.64314814,25
232743.804250696,5221529.03724503,25
223348.146412243,5226826.35825828,25
215819.905045545,5265873.01888953,25
218813.451545489,5260882.72632033,25
223519.8220295,5259042.41280987,25
221532.164989195,5222062.25190869,25
238141.690223877,5233401.15584557,25
224949.20599573,5226769.06828809,25
220425.063731533,5260809.06653807,25
276044.948234841,5232713.44513161,25
247708.364982272,5245092.43646611,25
219959.09435947,5250339.3377071,25
217824.017115903,5244771.30564105,25
211919.196838344,5224095.71111132,25
214202.61688628,5265945.60223608,25
233257.620291909,5259443.06228682,25
214989.821136662,5259440.07659545,25
221138.104281444,5255935.64995289,25
220166.89087852,5255698.6736348,25
244406.213175344,5254023.14068394,25
241173.727310781,5253668.0372438,25
239486.183329255,5254163.05907279,25
232031.204591464,5241743.18767094,25
245256.440788081,5242782.10285318,25
247218.058400671,5242709.89433701,25
210561.630386595,5227323.52824089,25
234182.805524169,5218214.07263334,25
252855.505909464,5243652.18558549,25
247162.789914823,5263051.20473245,25
233620.205715091,5266684.59688526,25
251895.28475954,5263969.84413054,25
216269.805463764,5257769.98276024,25
315026.440208084,5251474.1174039,25
316566.964544982,5253803.50787306,25
234987.676028826,5261792.84241563,25
274850.379817393,5229518.03669783,25
224226.877895498,5246073.65008247,25
216968.626086356,5227117.13128107,25
216890.117367128,5225505.33210893,25
320229.409572684,5257778.46164713,25
224046.87697198,5242907.97816204,25
224078.261356947,5243696.73381627,25
213124.941055829,5247390.25940034,25
220218.084265573,5230204.61787212,25
240012.788334559,5221191.44659826,25
226470.092534589,5225106.46415181,25
215836.846538814,5267492.47618247,25
225283.478560357,5234855.94239044,25
226837.033638165,5233621.19161043,25
227936.084180363,5233411.87448171,25
228831.402297384,5233041.04164857,25
253323.025252012,5211772.0058002,25
252858.281160102,5212602.42835362,25
254791.417119545,5214129.1512731,25
253989.592506622,5209329.698968,25
241277.968507602,5256697.40076888,25
247937.254409797,5262516.21313496,25
240130.68966509,5230887.01511954,25
231684.042465572,5233697.21599994,25
230008.319612922,5232458.30742462,25
229419.79097485,5231396.3320057,25
229924.830901203,5230563.84365429,25
221766.757130342,5226894.59668263,25
223415.209620418,5228433.16092484,25
217225.707237317,5230338.93205088,25
217405.218651652,5229387.21884908,25
217564.419626526,5227105.8896025,25
217709.843662635,5225480.3819549,25
220644.199421577,5265648.64082181,25
223950.57717076,5267116.03750418,25
241203.729645668,5225982.68856534,25
318773.895333354,5257258.79296818,25
226318.007012451,5221868.70878484,25
231093.270622961,5221613.53429911,25
223283.63131969,5225220.34565601,25
225075.885468505,5229984.29796522,25
225182.417494386,5232744.48625596,25
247708.364982272,5245092.43646611,25
220773.545886938,5251907.91677787,25
216214.41548919,5244830.38707265,25
219430.576927415,5244700.59126304,25
211919.196838344,5224095.71111132,25
212042.419533479,5224092.80933698,25
212584.428983405,5266025.4490069,25
234875.60962349,5259374.78598743,25
233257.620291909,5259443.06228682,25
213963.169350978,5261114.57372771,25
216312.906313981,5259382.28275775,25
221764.228219467,5255910.47343082,25
220166.89087852,5255698.6736348,25
220166.89087852,5255698.6736348,25
244406.213175344,5254023.14068394,25
239486.183329255,5254163.05907279,25
238280.118498124,5253586.46299815,25
234500.428436675,5251261.73026186,25
231308.895904754,5252265.36734346,25
232031.204591464,5241743.18767094,25
245256.440788081,5242782.10285318,25
247218.057627657,5242709.87432651,25
230431.982221552,5237795.19090812,25
231823.193338849,5236934.76896291,25
235043.575904382,5236782.90345257,25
210928.14458929,5222527.00355667,25
210347.021840562,5227342.97701163,25
212013.659513871,5227309.48392481,25
234198.235666552,5218212.98350809,25
237388.714609121,5216478.03201799,25
237388.714609121,5216478.03201799,25
225603.217936696,5241240.72230601,25
222491.184855829,5243966.90812873,25
231423.516155342,5228894.36964577,25
221282.072165377,5228545.10711454,25
230937.189058342,5217328.85343888,25
233620.205715091,5266684.59688526,25
242331.175583717,5256652.23955235,25
242331.175583717,5256652.23955235,25
226322.870765064,5257310.59250485,25
239499.676301472,5227447.59480477,25
235068.478152292,5263403.68634268,25
236592.573207532,5261735.70664689,25
224226.857907581,5246073.65094014,25
228903.099465098,5243523.13321774,25
218514.305109,5225433.69801672,25
215347.975938667,5227181.93996327,25
213674.502903798,5225630.16771972,25
238660.233249754,5227714.19319944,25
238660.233249754,5227714.19319944,25
238660.258956998,5227714.19146865,25
238660.258956998,5227714.19146865,25
238660.258956998,5227714.19146865,25
238660.258956998,5227714.19146865,25
238660.258956998,5227714.19146865,25
323630.050912973,5257609.08233316,25
322012.588581936,5257534.51084817,25
320412.709283847,5257981.57799264,25
211622.275501385,5247515.32083055,25
221082.312420467,5245444.47299648,25
231423.516155342,5228894.36964577,25
237921.078661827,5228416.93013218,25
218960.014484687,5231870.8525688,25
218840.491016444,5232098.2306737,25
220337.209307324,5230076.21541009,25
221282.072165377,5228545.10711454,25
221282.072165377,5228545.10711454,25
221282.072165377,5228545.10711454,25
221282.050581961,5228545.10824247,25
221282.050581961,5228545.10824247,25
221282.050581961,5228545.10824247,25
221282.072165377,5228545.10711454,25
221282.050581961,5228545.10824247,25
221282.072165377,5228545.10711454,25
237726.279557456,5224561.49500835,25
211099.732812867,5267723.7156647,25
217466.09124887,5267412.59537973,25
231872.796586532,5263534.60729937,25
231948.594365599,5265156.06171113,25
231766.787935549,5261928.65546879,25
233456.887988855,5263450.13233057,25
225283.478560357,5234855.94239044,25
226837.033638165,5233621.19161043,25
228831.402297384,5233041.04164857,25
255028.878003409,5215735.41960586,25
255774.430748063,5215716.37660881,25
241402.575137198,5259914.02188363,25
241277.968507602,5256697.40076888,25
253715.530476035,5265634.22908442,25
241807.842189465,5230014.34490919,25
230008.319612922,5232458.30742462,25
222559.731810607,5245375.73098315,25
221069.980679994,5245212.62246126,25
229419.77098886,5231396.33302232,25
229924.830901203,5230563.84365429,25
221742.144403324,5226959.38975037,25
221742.321813834,5226984.89439139,25
223415.209620418,5228433.16092484,25
217409.155410537,5228710.12971833,25
217715.013882165,5231936.20988479,25
217715.034448247,5231936.20883546,25
217715.013882165,5231936.20988479,25
217225.707237317,5230338.93205088,25
217409.155410537,5228710.12971833,25
217409.155410537,5228710.12971833,25
217409.155410537,5228710.12971833,25
217409.155410537,5228710.12971833,25
217409.155410537,5228710.12971833,25
217409.155410537,5228710.12971833,25
217409.155410537,5228710.12971833,25
217409.155410537,5228710.12971833,25
217409.155410537,5228710.12971833,25
217564.419626526,5227105.8896025,25
217709.843662635,5225480.3819549,25
217709.843662635,5225480.3819549,25
220644.199421577,5265648.64082181,25
227152.905780948,5266965.63589711,25
223950.57717076,5267116.03750418,25
241203.729645668,5225982.68856534,25
224932.314203462,5226769.79046457,25
231766.787935549,5261928.65546879,25
317582.763081936,5255417.52608456,25
224845.210899312,5223570.28137156,25
229525.41246363,5221703.75278035,25
237576.327915186,5221310.71599333,25
223283.63131969,5225220.34565601,25
223349.367210835,5226826.31362713,25
230967.56657435,5218383.39599316,25
225075.885468505,5229984.29796522,25
219929.505092285,5249529.84123452,25
219959.09435947,5250339.3377071,25
219929.505092285,5249529.84123452,25
217824.017115903,5244771.30564105,25
215819.346688746,5244850.02417504,25
213597.5457753,5224022.90978308,25
217420.888643698,5265787.87829572,25
211028.762587984,5266106.29652245,25
215819.905045545,5265873.01888953,25
230564.429919467,5260348.52281828,25
231691.231716514,5260301.48742223,25
233169.67942675,5260079.8229889,25
231691.231716514,5260301.48742223,25
215501.219326773,5259421.03449311,25
224989.183692857,5255766.60964383,25
222470.341476969,5251838.91547237,25
231308.895904754,5252265.36734346,25
237555.261224105,5252000.5377881,25
232914.305202936,5251977.86863954,25
233435.745688754,5236856.74961825,25
230712.454878066,5237504.52056498,25
230431.962263182,5237795.19227371,25
230431.982221552,5237795.19090812,25
239898.6355526,5236558.89480424,25
213531.731738875,5222406.9543677,25
210347.001776173,5227342.97779412,25
210561.630386595,5227323.52824089,25
213744.192407728,5227249.31918667,25
235818.680195126,5218136.31857399,25
234182.805524169,5218214.07263334,25
227199.708376455,5241177.59373636,25
231593.899520471,5216732.30225331,25
229394.929056352,5218488.82274823,25
227846.986043795,5220194.90965496,25
255774.430748063,5215716.37660881,25
231646.413170883,5232884.24667539,25
226322.870765064,5257310.59250485,25
226658.005512578,5257295.86524161,25
238660.258956998,5227714.19146865,25
232580.678696794,5218296.82506553,25
231593.899520471,5216732.30225331,25
230937.189058342,5217328.85343888,25
235714.789299765,5214519.12957879,25
233372.115162665,5261843.30811265,25
238202.867114578,5261660.39842553,25
234983.638456687,5261789.02975163,25
233372.115162665,5261843.30811265,25
227305.527354457,5243586.39773381,25
224129.101103089,5244355.72855272,25
224154.673726249,5244504.41745986,25
225692.826823583,5243643.42612414,25
220119.609834937,5225349.84683632,25
210527.77036766,5225722.11460907,25
215270.878670655,5225561.97960426,25
225603.217936696,5241240.72230601,25
225603.217936696,5241240.72230601,25
227199.708376455,5241177.59373636,25
228799.275465461,5241114.55264377,25
322012.588581936,5257534.51084817,25
323630.050912973,5257609.08233316,25
217949.054796098,5247207.02330438,25
211622.268902375,5247515.34145293,25
213124.941055829,5247390.25940034,25
213124.941055829,5247390.25940034,25
217949.054796098,5247207.02330438,25
234645.803798574,5228725.14127866,25
239576.786065553,5229292.22510437,25
231465.487096823,5229679.74877445,25
218840.491016444,5232098.2306737,25
218960.034481181,5231870.85170562,25
218960.014484687,5231870.8525688,25
220218.084265573,5230204.61787212,25
220337.209307324,5230076.21541009,25
238316.957333749,5227737.30493274,25
226318.155878606,5221868.5673459,25
226470.092534589,5225106.46415181,25
231228.916785418,5224861.3821384,25
240704.091136502,5222785.83296987,25
218514.305109,5225433.69801672,25
223262.032033482,5225203.29988393,25
231948.594365599,5265156.06171113,25
222244.146557943,5267158.48329751,25
220566.547662548,5267252.30585275,25
235067.138073603,5263402.5471675,25
233456.887988855,5263450.13233057,25
255028.878003409,5215735.41960586,25
241402.575137198,5259914.02188363,25
251865.151620064,5264371.5895606,25
252917.346354562,5265780.18988391,25
251865.151620064,5264371.5895606,25
240130.710107441,5230887.01434262,25
234868.534329614,5232746.10112565,25
231646.413170883,5232884.24667539,25
234912.479700787,5233556.9080442,25
221768.641537851,5244599.99193592,25
234690.393255935,5229519.06192038,25
221747.857430843,5227812.21477406,25
221766.757130342,5226894.59668263,25
227152.905780948,5266965.63589711,25
222244.146557943,5267158.48329751,25
237800.434059446,5226155.87722543,25
317582.763081936,5255417.52608456,25
317253.423176104,5257227.61998861,25
226318.007012451,5221868.70878484,25
226318.007012451,5221868.70878484,25
226318.155878606,5221868.5673459,25
226318.155878606,5221868.5673459,25
227921.740396423,5221766.08419738,25
231093.270622961,5221613.53429911,25
229525.41246363,5221703.75278035,25
235976.680346824,5221348.70262099,25
223349.367210835,5226826.31362713,25
232843.684011575,5218286.54993714,25
227834.961242449,5220208.05190127,25
227846.95736988,5220194.9114098,25
227846.95736988,5220194.9114098,25
225145.906937088,5231597.75630779,25
225037.220241712,5233216.41006482,25
225182.417494386,5232744.48625596,25
225092.666894036,5232940.51750999,25
225145.926909869,5231597.75525913,25
219024.163549021,5265715.41451269,25
215574.945746294,5261036.00015811,25
228342.496012272,5258854.0835718,25
229001.30927726,5255579.18346475,25
223374.038757286,5255839.65185313,25
223231.519987111,5252605.42324425,25
236081.083724118,5250557.38440576,25
237555.240185059,5252000.53869903,25
234500.428436675,5251261.73026186,25
232914.305202936,5251977.86863954,25
222470.341476969,5251838.91547237,25
238280.350109444,5236617.75467657,25
239898.6355526,5236558.89480424,25
215143.722654718,5222341.56339987,25
211922.860920973,5222467.81183206,25
210928.14458929,5222527.00355667,25
210928.14458929,5222527.00355667,25
211922.860920973,5222467.81183206,25
212057.32488261,5222462.85018615,25
229394.929056352,5218488.82274823,25
217834.736444394,5257693.19969404,25
217834.736444394,5257693.19969404,25
241245.177107076,5255880.32653653,25
230967.56657435,5218383.39599316,25
234094.438167572,5214804.50718925,25
234983.638456687,5261789.02975163,25
225692.826823583,5243643.42612414,25
227305.527354457,5243586.39773381,25
225692.826823583,5243643.42612414,25
224131.84699821,5244391.2796372,25
210527.77036766,5225722.11460907,25
212028.37601858,5225701.72566261,25
219507.677910083,5246585.62521451,25
219813.382628613,5246313.37770388,25
241769.930999889,5229194.69582387,25
234620.354201014,5227911.77756353,25
238318.274789882,5227737.21623239,25
238316.957333749,5227737.30493274,25
238318.274789882,5227737.21623239,25
238318.274789882,5227737.21623239,25
238318.274789882,5227737.21623239,25
238318.274789882,5227737.21623239,25
238318.274789882,5227737.21623239,25
229673.797892214,5224927.19444805,25
234470.416336915,5224672.50131966,25
239954.864268528,5224422.68574052,25
223262.032033482,5225203.29988393,25
223262.032033482,5225203.29988393,25
221670.576740141,5225284.75097666,25
223283.495134321,5225214.7919521,25
212625.277440365,5267649.41370804,25
214234.625119731,5267571.03010694,25
220566.547662548,5267252.30585275,25
220566.547662548,5267252.30585275,25
219073.602475818,5267337.2376696,25
252917.346354562,5265780.18988391,25
233259.884742383,5232831.62128611,25
231684.042465572,5233697.21599994,25
233300.548796673,5233633.40441815,25
238141.690223877,5233401.15584557,25
231465.487096823,5229679.74877445,25
233076.016418282,5229602.81976079,25
237951.891997058,5229363.63889228,25
230368.184177478,5266810.76408868,25
228768.460288359,5266887.7713256,25
240020.557721585,5226026.83246993,25
232744.724832123,5221528.99688899,25
234530.136010477,5226284.036428,25
219699.895822047,5265685.76889778,25
217184.817336076,5260955.08371752,25
232468.988121539,5260271.9018557,25
232150.422880562,5260284.05754534,25
228342.496012272,5258854.0835718,25
218720.621841531,5259269.09411779,25
221764.228219467,5255910.47343082,25
226591.097628543,5255691.43472163,25
223374.038757286,5255839.65185313,25
228067.257044807,5252392.41555583,25
223231.519987111,5252605.42324425,25
224843.695479026,5252535.24655737,25
236664.747791585,5236700.10245004,25
216751.192579554,5222270.53576079,25
220239.342512059,5257583.45584847,25
239755.039343733,5233319.14647435,25
220239.342512059,5257583.45584847,25
220239.342512059,5257583.45584847,25
229881.013889353,5257150.9320907,25
234094.438167572,5214804.50718925,25
240555.095312045,5229245.0702647,25
236263.330716553,5227836.50921825,25
229673.797892214,5224927.19444805,25
228073.027179061,5225017.18015822,25
232853.911948437,5224776.56912414,25
234470.416336915,5224672.50131966,25
223283.495134321,5225214.7919521,25
230368.184177478,5266810.76408868,25
230368.184177478,5266810.76408868,25
236481.138082311,5232671.33802486,25
233259.884742383,5232831.62128611,25
233300.548796673,5233633.40441815,25
237341.479121319,5233434.64308079,25
228213.353138933,5228215.86355203,25
228768.460288359,5266887.7713256,25
234368.581105437,5221447.59133919,25
234530.136010477,5226284.036428,25
218813.451545489,5260882.72632033,25
232262.526505688,5260279.80778106,25
228067.257044807,5252392.41555583,25
226452.848805894,5252464.11435438,25
218357.372409102,5222205.38191589,25
241964.046014879,5233235.43123569,25
239755.039343733,5233319.14647435,25
223440.077441573,5257437.07463519,25
221831.529742408,5257514.76463155,25
228269.278520679,5257214.22003132,25
234734.386972995,5256156.45928477,25
229817.013021666,5228145.01337558,25
234620.354201014,5227911.77756353,25
237881.998198494,5227759.94042132,25
231228.916785418,5224861.3821384,25
232853.911948437,5224776.56912414,25
238025.49512359,5230999.85068626,25
231379.407700054,5228068.90834502,25
232984.753181628,5227992.45392973,25
226615.739567593,5228284.02123897,25
226543.122407295,5226702.30350584,25
234368.581105437,5221447.59133919,25
226543.122407295,5226702.30350584,25
231317.565658408,5226463.81478052,25
220425.063731533,5260809.06653807,25
221999.28892219,5260748.75298367,25
220331.004458349,5259199.43073842,25
222161.840105409,5259098.05856321,25
226736.277565346,5258907.34984823,25
220331.004458349,5259199.43073842,25
220331.004458349,5259199.43073842,25
228202.232704318,5255614.17000655,25
228202.232704318,5255614.17000655,25
226591.097628543,5255691.43472163,25
226452.848805894,5252464.11435438,25
218357.372409102,5222205.38191589,25
223440.077441573,5257437.07463519,25
221831.529742408,5257514.76463155,25
226658.005512578,5257295.86524161,25
228269.278520679,5257214.22003132,25
227773.057366961,5257239.36417526,25
227409.116164784,5257257.82555495,25
229259.608581197,5257175.33570411,25
228708.769451251,5257196.98108094,25
234734.386972995,5256156.45928477,25
231616.857799426,5257074.43961405,25
236345.526949296,5256082.96117984,25
229817.013021666,5228145.01337558,25
229817.013021666,5228145.01337558,25
231379.407700054,5228068.90834502,25
239645.157779244,5230922.98138166,25
226615.739567593,5228284.02123897,25
232919.369369819,5226391.00785464,25
231317.565658408,5226463.81478052,25
229749.831653266,5226538.56567335,25
220425.063731533,5260809.06653807,25
220425.063731533,5260809.06653807,25
221999.28892219,5260748.75298367,25
226814.047054819,5260522.56653066,25
224785.741282148,5259006.77698576,25
226736.277565346,5258907.34984823,25
221915.63895428,5259113.02281319,25
219970.653991106,5222136.13058679,25
223134.23298257,5222011.67971672,25
227409.116164784,5257257.82555495,25
227773.057366961,5257239.36417526,25
228708.769451251,5257196.98108094,25
229259.608581197,5257175.33570411,25
229881.013889353,5257150.9320907,25
229881.013889353,5257150.9320907,25
231536.315567612,5257077.82170081,25
237960.411306615,5256022.05382918,25
229749.831653266,5226538.56567335,25
229749.831653266,5226538.56567335,25
228428.279606429,5260450.83643765,25
223592.782077852,5260659.08807062,25
221915.63895428,5259113.02281319,25
223519.8220295,5259042.41280987,25
223134.23298257,5222011.67971672,25
221533.19812253,5222062.21633519,25
219970.653991106,5222136.13058679,25
231616.857799426,5257074.43961405,25
231536.315567612,5257077.82170081,25
239574.731964629,5255952.79392209,25
230056.680598137,5260370.28240703,25
228428.279606429,5260450.83643765,25
228159.313001207,5260464.54199009,25
225192.58645168,5260600.95833209,25
223519.8220295,5259042.41280987,25
239574.731964629,5255952.79392209,25
230056.680598137,5260370.28240703,25
230056.680598137,5260370.28240703,25
226814.047054819,5260522.56653066,25
224460.96600491,5260628.67858943,25
223592.782077852,5260659.08807062,25
276562.669721517,5233194.85712214,50
212509.660433948,5266035.62859704,50
211587.2692995,5247518.25130023,50
212601.157751092,5267650.58846233,50
241571.596672428,5224471.70830061,25
241204.390275092,5225985.94154183,25
219969.52342323,5222136.19749364,25
230939.123079426,5217327.11001519,25
232580.565428503,5218296.83949834,25
230966.783038195,5218383.44952027,25
228135.43887409,5226631.22852598,25
224849.006617814,5223566.007756,25
229524.315849552,5221703.83296615,25
218513.283823631,5225433.75056479,25
223132.132590493,5222011.75194399,25
225014.584395756,5228360.1402244,25
218356.896681108,5222205.41077118,25
231378.857887026,5228068.94514966,25
226468.56406832,5225106.55723417,25
213530.097155754,5222407.02715233,25
211924.242491279,5222467.7706541,25
210529.213050074,5225722.11200658,25
210561.727220459,5227323.53769653,25
220959.312053044,5222087.55274647,25
256245.860100472,5215697.82674785,25
315026.595804886,5251475.20071647,25
234644.122299033,5228725.22627505,25
234499.211390718,5251262.6915312,25
234732.962127876,5256156.54156232,25
212623.992081452,5267649.48632355,25
231536.135842179,5257077.83930133,25
221002.0710709,5251896.01088574,25
213125.085483412,5247390.26529471,25
226839.35668033,5233620.42067276,25
223592.41715646,5260659.11739875,25
236081.322776612,5250557.37250217,25
225285.19985083,5234855.05728076,25
229925.210708503,5230563.89079712,25
228830.358576561,5233042.4978308,25
231422.401149694,5228894.69486241,25
226454.45082649,5252464.05572737,25
216115.546164502,5257785.14358933,25
220239.343064495,5257583.46583799,25
229433.903509607,5231365.06518047,25
222470.364601506,5251838.17584164,25
230008.302256906,5232458.33476262,25
218960.027312043,5231871.51421979,25
247038.199670865,5259746.69589155,25
217948.055719149,5247207.06277032,25
237915.179761806,5228419.128863,25
217834.839086293,5257693.20543174,25
218813.429526145,5260882.73724043,25
214233.574687467,5267571.09128031,25
245257.742206154,5242783.57703077,25
230432.084265479,5237797.63145705,25
226658.982859989,5257295.82573103,25
223229.031400627,5252605.54971108,25
247338.593636256,5243476.02632047,25
242908.867712071,5257329.16808878,25
234873.925512945,5259374.85463581,25
234914.919480773,5233556.78923808,25
234691.332711225,5229519.0340075,25
234870.304558812,5232746.03123654,25
212055.485693539,5222462.90831809,25
212025.995868616,5225701.82211628,25
234095.169862893,5214804.03760063,25
234183.066310636,5218214.06391283,25
234365.035858643,5221447.79680948,25
234468.254245951,5224672.58088819,25
234529.563774142,5226284.10120148,25
234620.540928602,5227911.77935867,25
275351.49271516,5232740.18345495,25
221110.832158075,5255932.56966203,25
240131.138780939,5230884.51503363,25
220166.154897016,5255698.71418681,25
239488.541119466,5254163.13962753,25
233619.487054271,5266684.64153747,25
232914.327200953,5251977.87729338,25
239577.244167259,5255952.69614916,25
231690.723252857,5260301.51840006,25
223414.982815118,5228433.18168174,25
217709.799976759,5225479.66846626,25
229749.557709965,5226538.58809307,25
226814.505819015,5260522.56158602,25
226614.681691397,5228284.07959719,25
229817.213322429,5228145.01387153,25
227151.94224622,5266965.70591181,25
227841.613221145,5220200.78390213,25
231595.990185055,5216730.38950984,25
216749.353427835,5222270.63193286,25
217715.413744191,5231934.17878065,25
223348.418129774,5226826.35833124,25
226541.606559643,5226702.38377083,25
220338.448682196,5230076.18849165,25
226321.839651994,5221864.32367658,25
211621.479314337,5247515.39751663,25
221769.119366203,5244599.58656395,25
223275.868543933,5225228.16831783,25
238280.447437034,5253586.67659537,25
221998.073500591,5260748.79129805,25
228071.081988636,5225017.2939279,25
217564.345912699,5227102.56488347,25
242329.09999312,5256650.39308186,25
247091.907526654,5261331.38090437,25
225190.063867383,5232713.34740121,25
227869.027645232,5220170.60275143,25
224720.589700755,5221936.63585179,25
239647.623901341,5230922.85021379,25
237952.764704228,5229363.61337064,25
233075.392130167,5229602.83702792,25
233300.851439477,5233633.4007074,25
238143.33477858,5233401.08071023,25
232147.584100588,5260284.17516854,25
219840.999625624,5246288.74914785,25
228270.319009475,5257214.18417368,25
224843.400437076,5252535.27009799,25
221829.267916602,5257514.88412474,25
223438.041173143,5257437.17398579,25
238026.491771392,5230999.80457328,25
236346.21938159,5256082.93961015,25
237960.499155146,5256022.06006937,25
231465.968388698,5229679.73173342,25
233264.124608028,5232831.35061678,25
224948.22054347,5226769.10041009,25
228210.97081208,5228215.95907372,25
237586.530626449,5221198.73163407,25
217267.825156184,5230312.40370272,25
217387.414814527,5228728.30570926,25
220598.942592934,5264042.04849388,25
218840.587059937,5232098.23833817,25
241244.701707306,5255880.35717039,25
231316.234006439,5226463.8841522,25
227921.819857299,5221766.09042761,25
221533.331849378,5222062.22173655,25
232434.517034995,5260273.2977564,25
220218.09198612,5230204.06911524,25
229394.70046001,5218489.04524526,25
244413.192425946,5254026.49819632,25
235715.963703584,5214519.05688462,25
221768.056966983,5226891.69519849,25
221811.45315543,5228509.96686485,25
