cat,a_cat,b_cat,to_x,to_y
1,839,1,276044.948234841,5232713.44513161
2,1516,1,247708.364982272,5245092.43646611
3,431,1,219959.09435947,5250339.3377071
4,1021,1,217824.017115903,5244771.30564105
5,1467,1,211919.196838344,5224095.71111132
6,995,1,214202.61688628,5265945.60223608
7,1761,1,233257.620291909,5259443.06228682
8,1802,1,214989.821136662,5259440.07659545
9,1184,1,221138.104281444,5255935.64995289
10,1249,1,220166.89087852,5255698.6736348
11,978,1,244406.213175344,5254023.14068394
12,976,1,241173.727310781,5253668.0372438
13,2046,1,239486.183329255,5254163.05907279
14,306,1,232031.204591464,5241743.18767094
15,1280,1,245256.440788081,5242782.10285318
16,1280,1,247218.058400671,5242709.89433701
17,2494,1,210561.630386595,5227323.52824089
18,14,1,234182.805524169,5218214.07263334
19,1388,1,252855.505909464,5243652.18558549
20,353,1,247162.789914823,5263051.20473245
21,421,1,233620.205715091,5266684.59688526
22,1127,1,251895.28475954,5263969.84413054
23,1950,1,216269.805463764,5257769.98276024
24,310,1,315026.440208084,5251474.1174039
25,2758,1,316566.964544982,5253803.50787306
26,2020,1,234987.676028826,5261792.84241563
27,348,1,274850.379817393,5229518.03669783
28,923,1,224226.877895498,5246073.65008247
29,201,1,216968.626086356,5227117.13128107
30,201,1,216890.117367128,5225505.33210893
31,1196,1,320229.409572684,5257778.46164713
32,745,1,224046.87697198,5242907.97816204
33,1716,1,224078.261356947,5243696.73381627
34,759,1,213124.941055829,5247390.25940034
35,1296,1,220218.084265573,5230204.61787212
36,371,1,240012.788334559,5221191.44659826
37,351,1,226470.092534589,5225106.46415181
38,1104,1,215836.846538814,5267492.47618247
39,1776,1,225283.478560357,5234855.94239044
40,558,1,226837.033638165,5233621.19161043
41,815,1,227936.084180363,5233411.87448171
42,1080,1,228831.402297384,5233041.04164857
43,375,1,253323.025252012,5211772.0058002
44,260,1,252858.281160102,5212602.42835362
45,204,1,254791.417119545,5214129.1512731
46,258,1,253989.592506622,5209329.698968
47,426,1,241277.968507602,5256697.40076888
48,597,1,247937.254409797,5262516.21313496
49,1200,1,240130.68966509,5230887.01511954
50,1863,1,231684.042465572,5233697.21599994
51,1780,1,230008.319612922,5232458.30742462
52,1749,1,229419.79097485,5231396.3320057
53,1780,1,229924.830901203,5230563.84365429
54,3275,1,221766.757130342,5226894.59668263
55,218,1,223415.209620418,5228433.16092484
56,1296,1,217225.707237317,5230338.93205088
57,1303,1,217405.218651652,5229387.21884908
58,3275,1,217564.419626526,5227105.8896025
59,2242,1,217709.843662635,5225480.3819549
60,1692,1,220644.199421577,5265648.64082181
61,1883,1,223950.57717076,5267116.03750418
62,3275,1,241203.729645668,5225982.68856534
63,2240,1,318773.895333354,5257258.79296818
64,351,1,226318.007012451,5221868.70878484
65,78,1,231093.270622961,5221613.53429911
66,218,1,223283.63131969,5225220.34565601
67,1297,1,225075.885468505,5229984.29796522
68,1776,1,225182.417494386,5232744.48625596
69,774,1,247708.364982272,5245092.43646611
70,667,1,220773.545886938,5251907.91677787
71,516,1,216214.41548919,5244830.38707265
72,1505,1,219430.576927415,5244700.59126304
73,1960,1,211919.196838344,5224095.71111132
74,1688,1,212042.419533479,5224092.80933698
75,1238,1,212584.428983405,5266025.4490069
76,2020,1,234875.60962349,5259374.78598743
77,421,1,233257.620291909,5259443.06228682
78,995,1,213963.169350978,5261114.57372771
79,1810,1,216312.906313981,5259382.28275775
80,1886,1,221764.228219467,5255910.47343082
81,1003,1,220166.89087852,5255698.6736348
82,1712,1,220166.89087852,5255698.6736348
83,977,1,244406.213175344,5254023.14068394
84,2016,1,239486.183329255,5254163.05907279
85,711,1,238280.118498124,5253586.46299815
86,421,1,234500.428436675,5251261.73026186
87,1307,1,231308.895904754,5252265.36734346
88,1314,1,232031.204591464,5241743.18767094
89,1745,1,245256.440788081,5242782.10285318
90,1288,1,247218.057627657,5242709.87432651
91,1519,1,230431.982221552,5237795.19090812
92,908,1,231823.193338849,5236934.76896291
93,421,1,235043.575904382,5236782.90345257
94,3007,1,210928.14458929,5222527.00355667
95,3275,1,210347.021840562,5227342.97701163
96,1688,1,212013.659513871,5227309.48392481
97,2235,1,234198.235666552,5218212.98350809
98,199,1,237388.714609121,5216478.03201799
99,2770,1,237388.714609121,5216478.03201799
100,264,1,225603.217936696,5241240.72230601
101,926,1,222491.184855829,5243966.90812873
102,1863,1,231423.516155342,5228894.36964577
103,5,1,221282.072165377,5228545.10711454
104,2484,1,230937.189058342,5217328.85343888
105,1761,1,233620.205715091,5266684.59688526
106,1175,1,242331.175583717,5256652.23955235
107,426,1,242331.175583717,5256652.23955235
108,426,1,226322.870765064,5257310.59250485
109,79,1,239499.676301472,5227447.59480477
110,2020,1,235068.478152292,5263403.68634268
111,547,1,236592.573207532,5261735.70664689
112,1882,1,224226.857907581,5246073.65094014
113,1492,1,228903.099465098,5243523.13321774
114,2496,1,218514.305109,5225433.69801672
115,87,1,215347.975938667,5227181.93996327
116,373,1,213674.502903798,5225630.16771972
117,1302,1,238660.233249754,5227714.19319944
118,2762,1,238660.233249754,5227714.19319944
119,1683,1,238660.258956998,5227714.19146865
120,1167,1,238660.258956998,5227714.19146865
121,2486,1,238660.258956998,5227714.19146865
122,1333,1,238660.258956998,5227714.19146865
123,2763,1,238660.258956998,5227714.19146865
124,407,1,323630.050912973,5257609.08233316
125,1191,1,322012.588581936,5257534.51084817
126,967,1,320412.709283847,5257981.57799264
127,1238,1,211622.275501385,5247515.32083055
128,273,1,221082.312420467,5245444.47299648
129,1862,1,231423.516155342,5228894.36964577
130,2107,1,237921.078661827,5228416.93013218
131,1200,1,218960.014484687,5231870.8525688
132,1301,1,218840.491016444,5232098.2306737
133,2003,1,220337.209307324,5230076.21541009
134,189,1,221282.072165377,5228545.10711454
135,1476,1,221282.072165377,5228545.10711454
136,124,1,221282.072165377,5228545.10711454
137,147,1,221282.050581961,5228545.10824247
138,3,1,221282.050581961,5228545.10824247
139,1302,1,221282.050581961,5228545.10824247
140,300,1,221282.072165377,5228545.10711454
141,2762,1,221282.050581961,5228545.10824247
142,1683,1,221282.072165377,5228545.10711454
143,369,1,237726.279557456,5224561.49500835
144,1110,1,211099.732812867,5267723.7156647
145,849,1,217466.09124887,5267412.59537973
146,1932,1,231872.796586532,5263534.60729937
147,932,1,231948.594365599,5265156.06171113
148,488,1,231766.787935549,5261928.65546879
149,1761,1,233456.887988855,5263450.13233057
150,264,1,225283.478560357,5234855.94239044
151,1774,1,226837.033638165,5233621.19161043
152,1079,1,228831.402297384,5233041.04164857
153,3555,1,255028.878003409,5215735.41960586
154,3021,1,255774.430748063,5215716.37660881
155,1068,1,241402.575137198,5259914.02188363
156,1175,1,241277.968507602,5256697.40076888
157,486,1,253715.530476035,5265634.22908442
158,2053,1,241807.842189465,5230014.34490919
159,1083,1,230008.319612922,5232458.30742462
160,926,1,222559.731810607,5245375.73098315
161,273,1,221069.980679994,5245212.62246126
162,1200,1,229419.77098886,5231396.33302232
163,1083,1,229924.830901203,5230563.84365429
164,352,1,221742.144403324,5226959.38975037
165,352,1,221742.321813834,5226984.89439139
166,2336,1,223415.209620418,5228433.16092484
167,116,1,217409.155410537,5228710.12971833
168,1200,1,217715.013882165,5231936.20988479
169,1749,1,217715.034448247,5231936.20883546
170,784,1,217715.013882165,5231936.20988479
171,1297,1,217225.707237317,5230338.93205088
172,8,1,217409.155410537,5228710.12971833
173,2696,1,217409.155410537,5228710.12971833
174,1587,1,217409.155410537,5228710.12971833
175,1527,1,217409.155410537,5228710.12971833
176,3210,1,217409.155410537,5228710.12971833
177,1061,1,217409.155410537,5228710.12971833
178,1409,1,217409.155410537,5228710.12971833
179,239,1,217409.155410537,5228710.12971833
180,146,1,217409.155410537,5228710.12971833
181,368,1,217564.419626526,5227105.8896025
182,310,1,217709.843662635,5225480.3819549
183,2493,1,217709.843662635,5225480.3819549
184,234,1,220644.199421577,5265648.64082181
185,1635,1,227152.905780948,5266965.63589711
186,1176,1,223950.57717076,5267116.03750418
187,368,1,241203.729645668,5225982.68856534
188,2945,1,224932.314203462,5226769.79046457
189,715,1,231766.787935549,5261928.65546879
190,1977,1,317582.763081936,5255417.52608456
191,80,1,224845.210899312,5223570.28137156
192,353,1,229525.41246363,5221703.75278035
193,369,1,237576.327915186,5221310.71599333
194,2336,1,223283.63131969,5225220.34565601
195,218,1,223349.367210835,5226826.31362713
196,78,1,230967.56657435,5218383.39599316
197,1296,1,225075.885468505,5229984.29796522
198,1180,1,219929.505092285,5249529.84123452
199,1179,1,219959.09435947,5250339.3377071
200,1640,1,219929.505092285,5249529.84123452
201,1270,1,217824.017115903,5244771.30564105
202,1980,1,215819.346688746,5244850.02417504
203,373,1,213597.5457753,5224022.90978308
204,849,1,217420.888643698,5265787.87829572
205,1110,1,211028.762587984,5266106.29652245
206,1104,1,215819.905045545,5265873.01888953
207,2017,1,230564.429919467,5260348.52281828
208,1308,1,231691.231716514,5260301.48742223
209,1762,1,233169.67942675,5260079.8229889
210,1307,1,231691.231716514,5260301.48742223
211,1104,1,215501.219326773,5259421.03449311
212,428,1,224989.183692857,5255766.60964383
213,925,1,222470.341476969,5251838.91547237
214,1308,1,231308.895904754,5252265.36734346
215,427,1,237555.261224105,5252000.5377881
216,828,1,232914.305202936,5251977.86863954
217,1875,1,233435.745688754,5236856.74961825
218,1624,1,230712.454878066,5237504.52056498
219,306,1,230431.962263182,5237795.19227371
220,1777,1,230431.982221552,5237795.19090812
221,289,1,239898.6355526,5236558.89480424
222,373,1,213531.731738875,5222406.9543677
223,1428,1,210347.001776173,5227342.97779412
224,1439,1,210561.630386595,5227323.52824089
225,373,1,213744.192407728,5227249.31918667
226,195,1,235818.680195126,5218136.31857399
227,1906,1,234182.805524169,5218214.07263334
228,928,1,227199.708376455,5241177.59373636
229,199,1,231593.899520471,5216732.30225331
230,353,1,229394.929056352,5218488.82274823
231,77,1,227846.986043795,5220194.90965496
232,377,1,255774.430748063,5215716.37660881
233,1862,1,231646.413170883,5232884.24667539
234,1175,1,226322.870765064,5257310.59250485
235,1635,1,226658.005512578,5257295.86524161
236,300,1,238660.258956998,5227714.19146865
237,1958,1,232580.678696794,5218296.82506553
238,2770,1,231593.899520471,5216732.30225331
239,78,1,230937.189058342,5217328.85343888
240,195,1,235714.789299765,5214519.12957879
241,1761,1,233372.115162665,5261843.30811265
242,1534,1,238202.867114578,5261660.39842553
243,488,1,234983.638456687,5261789.02975163
244,421,1,233372.115162665,5261843.30811265
245,743,1,227305.527354457,5243586.39773381
246,1716,1,224129.101103089,5244355.72855272
247,910,1,224154.673726249,5244504.41745986
248,1252,1,225692.826823583,5243643.42612414
249,3282,1,220119.609834937,5225349.84683632
250,2494,1,210527.77036766,5225722.11460907
251,87,1,215270.878670655,5225561.97960426
252,1252,1,225603.217936696,5241240.72230601
253,1489,1,225603.217936696,5241240.72230601
254,743,1,227199.708376455,5241177.59373636
255,1492,1,228799.275465461,5241114.55264377
256,1201,1,322012.588581936,5257534.51084817
257,1993,1,323630.050912973,5257609.08233316
258,1021,1,217949.054796098,5247207.02330438
259,910,1,211622.268902375,5247515.34145293
260,1017,1,213124.941055829,5247390.25940034
261,1499,1,213124.941055829,5247390.25940034
262,1020,1,217949.054796098,5247207.02330438
263,421,1,234645.803798574,5228725.14127866
264,2114,1,239576.786065553,5229292.22510437
265,1862,1,231465.487096823,5229679.74877445
266,1056,1,218840.491016444,5232098.2306737
267,1749,1,218960.034481181,5231870.85170562
268,784,1,218960.014484687,5231870.8525688
269,1297,1,220218.084265573,5230204.61787212
270,1060,1,220337.209307324,5230076.21541009
271,1302,1,238316.957333749,5227737.30493274
272,202,1,226318.155878606,5221868.5673459
273,1895,1,226470.092534589,5225106.46415181
274,78,1,231228.916785418,5224861.3821384
275,80,1,240704.091136502,5222785.83296987
276,431,1,218514.305109,5225433.69801672
277,310,1,223262.032033482,5225203.29988393
278,670,1,231948.594365599,5265156.06171113
279,1408,1,222244.146557943,5267158.48329751
280,1003,1,220566.547662548,5267252.30585275
281,1932,1,235067.138073603,5263402.5471675
282,421,1,233456.887988855,5263450.13233057
283,313,1,255028.878003409,5215735.41960586
284,1192,1,241402.575137198,5259914.02188363
285,932,1,251865.151620064,5264371.5895606
286,1225,1,252917.346354562,5265780.18988391
287,670,1,251865.151620064,5264371.5895606
288,1509,1,240130.710107441,5230887.01434262
289,421,1,234868.534329614,5232746.10112565
290,1863,1,231646.413170883,5232884.24667539
291,421,1,234912.479700787,5233556.9080442
292,910,1,221768.641537851,5244599.99193592
293,421,1,234690.393255935,5229519.06192038
294,352,1,221747.857430843,5227812.21477406
295,368,1,221766.757130342,5226894.59668263
296,1636,1,227152.905780948,5266965.63589711
297,1227,1,222244.146557943,5267158.48329751
298,369,1,237800.434059446,5226155.87722543
299,1194,1,317582.763081936,5255417.52608456
300,1464,1,317253.423176104,5257227.61998861
301,1895,1,226318.007012451,5221868.70878484
302,1596,1,226318.007012451,5221868.70878484
303,2243,1,226318.155878606,5221868.5673459
304,256,1,226318.155878606,5221868.5673459
305,65,1,227921.740396423,5221766.08419738
306,2484,1,231093.270622961,5221613.53429911
307,293,1,229525.41246363,5221703.75278035
308,195,1,235976.680346824,5221348.70262099
309,2336,1,223349.367210835,5226826.31362713
310,2235,1,232843.684011575,5218286.54993714
311,65,1,227834.961242449,5220208.05190127
312,149,1,227846.95736988,5220194.9114098
313,1682,1,227846.95736988,5220194.9114098
314,1200,1,225145.906937088,5231597.75630779
315,1080,1,225037.220241712,5233216.41006482
316,264,1,225182.417494386,5232744.48625596
317,560,1,225092.666894036,5232940.51750999
318,1749,1,225145.926909869,5231597.75525913
319,587,1,219024.163549021,5265715.41451269
320,1104,1,215574.945746294,5261036.00015811
321,1405,1,228342.496012272,5258854.0835718
322,425,1,229001.30927726,5255579.18346475
323,1176,1,223374.038757286,5255839.65185313
324,1883,1,223231.519987111,5252605.42324425
325,547,1,236081.083724118,5250557.38440576
326,1688,1,237555.240185059,5252000.53869903
327,1313,1,234500.428436675,5251261.73026186
328,827,1,232914.305202936,5251977.86863954
329,429,1,222470.341476969,5251838.91547237
330,1549,1,238280.350109444,5236617.75467657
331,1743,1,239898.6355526,5236558.89480424
332,87,1,215143.722654718,5222341.56339987
333,1960,1,211922.860920973,5222467.81183206
334,1441,1,210928.14458929,5222527.00355667
335,1964,1,210928.14458929,5222527.00355667
336,1467,1,211922.860920973,5222467.81183206
337,1688,1,212057.32488261,5222462.85018615
338,293,1,229394.929056352,5218488.82274823
339,1949,1,217834.736444394,5257693.19969404
340,997,1,217834.736444394,5257693.19969404
341,976,1,241245.177107076,5255880.32653653
342,2484,1,230967.56657435,5218383.39599316
343,1906,1,234094.438167572,5214804.50718925
344,715,1,234983.638456687,5261789.02975163
345,264,1,225692.826823583,5243643.42612414
346,928,1,227305.527354457,5243586.39773381
347,1489,1,225692.826823583,5243643.42612414
348,1716,1,224131.84699821,5244391.2796372
349,1439,1,210527.77036766,5225722.11460907
350,1688,1,212028.37601858,5225701.72566261
351,1268,1,219507.677910083,5246585.62521451
352,923,1,219813.382628613,5246313.37770388
353,2053,1,241769.930999889,5229194.69582387
354,14,1,234620.354201014,5227911.77756353
355,300,1,238318.274789882,5227737.21623239
356,2762,1,238316.957333749,5227737.30493274
357,1683,1,238318.274789882,5227737.21623239
358,2486,1,238318.274789882,5227737.21623239
359,1167,1,238318.274789882,5227737.21623239
360,1333,1,238318.274789882,5227737.21623239
361,2763,1,238318.274789882,5227737.21623239
362,353,1,229673.797892214,5224927.19444805
363,14,1,234470.416336915,5224672.50131966
364,314,1,239954.864268528,5224422.68574052
365,2493,1,223262.032033482,5225203.29988393
366,2242,1,223262.032033482,5225203.29988393
367,352,1,221670.576740141,5225284.75097666
368,218,1,223283.495134321,5225214.7919521
369,1238,1,212625.277440365,5267649.41370804
370,995,1,214234.625119731,5267571.03010694
371,1712,1,220566.547662548,5267252.30585275
372,1578,1,220566.547662548,5267252.30585275
373,854,1,219073.602475818,5267337.2376696
374,1928,1,252917.346354562,5265780.18988391
375,1875,1,233259.884742383,5232831.62128611
376,1862,1,231684.042465572,5233697.21599994
377,2110,1,233300.548796673,5233633.40441815
378,1549,1,238141.690223877,5233401.15584557
379,1863,1,231465.487096823,5229679.74877445
380,654,1,233076.016418282,5229602.81976079
381,2107,1,237951.891997058,5229363.63889228
382,1460,1,230368.184177478,5266810.76408868
383,716,1,228768.460288359,5266887.7713256
384,264,1,240020.557721585,5226026.83246993
385,194,1,232744.724832123,5221528.99688899
386,14,1,234530.136010477,5226284.036428
387,848,1,219699.895822047,5265685.76889778
388,849,1,217184.817336076,5260955.08371752
389,1311,1,232468.988121539,5260271.9018557
390,797,1,232150.422880562,5260284.05754534
391,924,1,228342.496012272,5258854.0835718
392,587,1,218720.621841531,5259269.09411779
393,1408,1,221764.228219467,5255910.47343082
394,1635,1,226591.097628543,5255691.43472163
395,1883,1,223374.038757286,5255839.65185313
396,1405,1,228067.257044807,5252392.41555583
397,1176,1,223231.519987111,5252605.42324425
398,428,1,224843.695479026,5252535.24655737
399,309,1,236664.747791585,5236700.10245004
400,201,1,216751.192579554,5222270.53576079
401,1249,1,220239.342512059,5257583.45584847
402,289,1,239755.039343733,5233319.14647435
403,1712,1,220239.342512059,5257583.45584847
404,1003,1,220239.342512059,5257583.45584847
405,1460,1,229881.013889353,5257150.9320907
406,14,1,234094.438167572,5214804.50718925
407,1348,1,240555.095312045,5229245.0702647
408,3532,1,236263.330716553,5227836.50921825
409,293,1,229673.797892214,5224927.19444805
410,65,1,228073.027179061,5225017.18015822
411,194,1,232853.911948437,5224776.56912414
412,1906,1,234470.416336915,5224672.50131966
413,2336,1,223283.495134321,5225214.7919521
414,235,1,230368.184177478,5266810.76408868
415,1461,1,230368.184177478,5266810.76408868
416,1865,1,236481.138082311,5232671.33802486
417,2110,1,233259.884742383,5232831.62128611
418,1875,1,233300.548796673,5233633.40441815
419,655,1,237341.479121319,5233434.64308079
420,71,1,228213.353138933,5228215.86355203
421,1931,1,228768.460288359,5266887.7713256
422,1906,1,234368.581105437,5221447.59133919
423,1906,1,234530.136010477,5226284.036428
424,587,1,218813.451545489,5260882.72632033
425,1537,1,232262.526505688,5260279.80778106
426,924,1,228067.257044807,5252392.41555583
427,1636,1,226452.848805894,5252464.11435438
428,431,1,218357.372409102,5222205.38191589
429,1093,1,241964.046014879,5233235.43123569
430,1743,1,239755.039343733,5233319.14647435
431,1176,1,223440.077441573,5257437.07463519
432,1408,1,221831.529742408,5257514.76463155
433,924,1,228269.278520679,5257214.22003132
434,1313,1,234734.386972995,5256156.45928477
435,2764,1,229817.013021666,5228145.01337558
436,1906,1,234620.354201014,5227911.77756353
437,369,1,237881.998198494,5227759.94042132
438,2484,1,231228.916785418,5224861.3821384
439,1592,1,232853.911948437,5224776.56912414
440,1549,1,238025.49512359,5230999.85068626
441,78,1,231379.407700054,5228068.90834502
442,194,1,232984.753181628,5227992.45392973
443,351,1,226615.739567593,5228284.02123897
444,351,1,226543.122407295,5226702.30350584
445,14,1,234368.581105437,5221447.59133919
446,1895,1,226543.122407295,5226702.30350584
447,2484,1,231317.565658408,5226463.81478052
448,1712,1,220425.063731533,5260809.06653807
449,1408,1,221999.28892219,5260748.75298367
450,1712,1,220331.004458349,5259199.43073842
451,490,1,222161.840105409,5259098.05856321
452,1635,1,226736.277565346,5258907.34984823
453,1003,1,220331.004458349,5259199.43073842
454,1249,1,220331.004458349,5259199.43073842
455,924,1,228202.232704318,5255614.17000655
456,1405,1,228202.232704318,5255614.17000655
457,1636,1,226591.097628543,5255691.43472163
458,1635,1,226452.848805894,5252464.11435438
459,2496,1,218357.372409102,5222205.38191589
460,1883,1,223440.077441573,5257437.07463519
461,1886,1,221831.529742408,5257514.76463155
462,1636,1,226658.005512578,5257295.86524161
463,1405,1,228269.278520679,5257214.22003132
464,1175,1,227773.057366961,5257239.36417526
465,1175,1,227409.116164784,5257257.82555495
466,426,1,229259.608581197,5257175.33570411
467,426,1,228708.769451251,5257196.98108094
468,421,1,234734.386972995,5256156.45928477
469,1175,1,231616.857799426,5257074.43961405
470,547,1,236345.526949296,5256082.96117984
471,293,1,229817.013021666,5228145.01337558
472,353,1,229817.013021666,5228145.01337558
473,2484,1,231379.407700054,5228068.90834502
474,289,1,239645.157779244,5230922.98138166
475,3734,1,226615.739567593,5228284.02123897
476,194,1,232919.369369819,5226391.00785464
477,78,1,231317.565658408,5226463.81478052
478,293,1,229749.831653266,5226538.56567335
479,1003,1,220425.063731533,5260809.06653807
480,1249,1,220425.063731533,5260809.06653807
481,1886,1,221999.28892219,5260748.75298367
482,1636,1,226814.047054819,5260522.56653066
483,720,1,224785.741282148,5259006.77698576
484,1636,1,226736.277565346,5258907.34984823
485,1886,1,221915.63895428,5259113.02281319
486,247,1,219970.653991106,5222136.13058679
487,218,1,223134.23298257,5222011.67971672
488,426,1,227409.116164784,5257257.82555495
489,426,1,227773.057366961,5257239.36417526
490,1175,1,228708.769451251,5257196.98108094
491,1175,1,229259.608581197,5257175.33570411
492,1463,1,229881.013889353,5257150.9320907
493,1461,1,229881.013889353,5257150.9320907
494,1307,1,231536.315567612,5257077.82170081
495,825,1,237960.411306615,5256022.05382918
496,353,1,229749.831653266,5226538.56567335
497,2764,1,229749.831653266,5226538.56567335
498,924,1,228428.279606429,5260450.83643765
499,1176,1,223592.782077852,5260659.08807062
500,1408,1,221915.63895428,5259113.02281319
501,1883,1,223519.8220295,5259042.41280987
502,2336,1,223134.23298257,5222011.67971672
503,352,1,221533.19812253,5222062.21633519
504,3282,1,219970.653991106,5222136.13058679
505,426,1,231616.857799426,5257074.43961405
506,1308,1,231536.315567612,5257077.82170081
507,2016,1,239574.731964629,5255952.79392209
508,1463,1,230056.680598137,5260370.28240703
509,1405,1,228428.279606429,5260450.83643765
510,722,1,228159.313001207,5260464.54199009
511,1466,1,225192.58645168,5260600.95833209
512,1176,1,223519.8220295,5259042.41280987
513,2046,1,239574.731964629,5255952.79392209
514,1461,1,230056.680598137,5260370.28240703
515,1460,1,230056.680598137,5260370.28240703
516,1635,1,226814.047054819,5260522.56653066
517,1231,1,224460.96600491,5260628.67858943
518,1883,1,223592.782077852,5260659.08807062
