402259.490963335,4949090.81238249,25
429598.830588779,4950654.30353531,25
417326.103278153,4940119.00913449,25
417815.1747122,4941309.72833428,25
419837.571125955,4943015.34517011,25
400092.197972959,4923356.6264699,25
438466.391124767,4945964.95921658,25
424673.491498396,4944243.7908555,25
429625.089311666,4944870.32436779,25
431029.862367459,4944848.32800606,25
425487.642933089,4946313.02448981,25
419919.445779152,4947204.78493466,25
428786.456685374,4948663.67086519,25
398149.288972562,4927446.54349409,25
397328.757723469,4926652.82340047,25
383766.26834263,4942092.34804329,25
421406.003696339,4938480.06753747,25
427849.477480476,4941489.86971257,25
426239.493516431,4941261.48770851,25
391844.5674909,4942811.90136185,25
400444.862819364,4941036.6101533,25
419597.274677458,4947197.89447295,25
413297.830691623,4925060.61737373,25
400407.390500843,4918264.91634129,25
404678.750382359,4919380.42064447,25
406881.540203098,4921340.87853556,25
409067.256954749,4920904.20298154,25
410862.266925916,4921722.99434796,25
413285.17434418,4937185.05325519,25
370825.529542123,4925835.06372667,25
385637.525959444,4942575.58615374,25
402397.34229543,4940197.44428356,25
384463.203432885,4923712.2549456,25
372634.45270738,4933373.71979067,25
374198.207561413,4932279.67521255,25
373038.672640712,4935380.86384555,25
432657.171658495,4946811.63118899,25
387508.412137641,4934652.23959031,25
388556.497678034,4929187.46864933,25
405330.616578185,4929710.15501224,25
387842.790631158,4937995.73328546,25
389164.391445485,4937155.68314513,25
414926.590500758,4928407.9067276,25
416737.604748919,4949400.93530893,25
418040.004614977,4948800.48037429,25
427996.624287562,4951540.72574194,25
426798.694812021,4950313.62349656,25
426372.369081666,4949655.32956299,25
426065.91191148,4948711.06540585,25
382695.657035015,4941655.45756419,25
378050.966236611,4934245.86874579,25
378681.20521049,4935105.77881549,25
379503.92259209,4936739.89951968,25
386448.043403565,4923558.03554659,25
392306.036432709,4934564.22843447,25
390667.949720975,4933709.39542907,25
390582.651755961,4942823.54103937,25
395313.464787009,4923442.566936,25
391671.58870859,4938565.09164262,25
392758.3683238,4938527.16279022,25
397291.485534401,4935566.83475516,25
397776.700229777,4934554.90175328,25
424621.654998856,4950359.36563449,25
417580.026585366,4950035.97890458,25
376459.761521811,4948629.79139534,25
377802.460290552,4947794.40782005,25
374314.277995214,4946233.84010462,25
371102.817909415,4943059.0508512,25
370919.710117871,4939842.24079393,25
370214.01300457,4938243.77221797,25
371450.845638242,4923790.30490128,25
372062.200697989,4925373.44788912,25
369273.223059404,4928876.86624653,25
379039.304892352,4931668.39272852,25
381437.289670455,4931412.28750241,25
382939.265218951,4930320.99857293,25
384117.353682391,4930029.22433216,25
389390.727879505,4930199.00688861,25
402035.758348794,4937573.43659487,25
403197.571828229,4936960.32970975,25
395617.151884981,4941502.67970546,25
395631.084908514,4942751.06213394,25
394806.607580899,4941919.87195518,25
403246.363629736,4931374.08890287,25
402171.881223626,4931758.56207518,25
406960.787015794,4930345.26683936,25
407973.129704914,4931283.08797296,25
405604.430460815,4936016.84571151,25
418339.052451974,4950421.85039845,25
420844.806703996,4933502.23970556,25
410018.970075974,4934718.11893694,25
414987.34975869,4941313.08889885,25
415790.38372663,4941755.69346787,25
402029.621482019,4923316.35757655,25
402614.538577867,4935794.02197072,25
402000.349800259,4935820.02385921,25
403868.267369834,4932923.30783691,25
418036.308068764,4950629.29163586,25
386201.470623392,4931815.73411929,25
394220.635813284,4932292.71167485,25
409691.104732515,4938490.08150992,25
389403.436283124,4931163.61152451,25
386234.890521317,4932641.00599243,25
386630.602631682,4933987.90061773,25
382758.429176227,4934843.7480146,25
411022.911031491,4944312.86420334,25
379612.207679961,4944557.35325636,25
375101.685713696,4941413.12702291,25
375502.496818399,4941405.2782531,25
374710.810234096,4940604.81774931,25
374703.125351503,4939355.06103228,25
374935.374622845,4938192.68765187,25
416584.80569083,4932004.9077388,25
418045.533147973,4931168.37609395,25
422107.146471026,4945515.27722918,25
383650.761217069,4946713.01955868,25
389140.656588221,4935899.46275859,25
403684.315592564,4924918.48843496,25
405180.359659409,4924884.9896559,25
406540.114494342,4923922.4469714,25
425201.135596816,4942279.54585487,25
420510.348558339,4952053.10165044,25
381123.121805316,4928485.84821461,25
379381.655390207,4929293.36145341,25
390851.290803191,4943099.95196764,25
393249.175660263,4943888.24214651,25
395636.527687055,4942974.82328546,25
369215.935931365,4947021.04640957,25
371598.761837011,4946297.39335176,25
374837.846486593,4948245.32529672,25
373232.960558093,4948062.82723037,25
377315.242613981,4951676.50544298,25
375597.973738636,4926475.79127411,25
375263.802418055,4927733.91134431,25
374801.880981017,4930161.36221822,25
395598.709409494,4939623.39665828,25
397786.00359381,4941096.28488341,25
397823.053314096,4933156.91311557,25
401300.727776879,4942208.26417221,25
408559.57750476,4929272.86721244,25
408998.061360989,4929669.46188958,25
408594.908410872,4931698.46991219,25
405612.845839314,4928101.76837662,25
408506.703265352,4924182.10532127,25
410880.879014729,4924444.55868271,25
427101.710428811,4944977.83860922,25
423155.19187692,4950719.95878235,25
423985.545488963,4953411.43891683,25
424393.502346551,4951988.62015718,25
414666.863725908,4937639.76108417,25
413306.614867127,4938324.96331705,25
371672.426795142,4926506.53547177,25
370808.757516548,4925034.94826918,25
386816.761769854,4942859.886988,25
414904.636576712,4937433.6039373,25
416182.741676769,4935989.97769093,25
385421.514731558,4923571.30265411,25
382616.92517213,4947744.90189097,25
381628.288624521,4949383.8110236,25
381240.406276768,4950809.90991251,25
394126.522581141,4927900.22273267,25
395713.765263935,4926676.97818287,25
375452.300928453,4925319.2121746,25
376458.471345503,4924092.56263554,25
377328.239376515,4922101.06879796,25
376389.841772544,4920471.05593171,25
376906.580940265,4927704.30794972,25
374412.784598772,4934166.05135652,25
377085.904239887,4936549.44915077,25
374674.215855638,4937215.71196976,25
367698.295614123,4953534.79166237,25
370885.606915573,4949551.68173497,25
371644.660164485,4949506.15007081,25
372142.598192947,4949517.65308769,25
371694.094652964,4951136.09955211,25
379315.874853836,4926970.22752585,25
391516.898551947,4935521.03385243,25
388839.671794678,4933950.34960674,25
400381.475763322,4935645.26043793,25
398360.826570325,4935237.45525615,25
410923.668170102,4929825.62388251,25
404950.801371917,4930963.86274701,25
416634.166000612,4943416.69030764,25
397125.46717582,4933341.30723031,25
395514.433496529,4934159.60837476,25
414853.927743314,4934914.12095204,25
372850.359695229,4923759.89325729,25
372436.121153886,4923662.2351178,25
392260.096237246,4926712.0347277,25
411887.824046777,4952105.26468673,25
380323.106698901,4936494.15017437,25
381111.995169283,4936860.75073124,25
381147.373236288,4938096.58488993,25
398974.886950388,4929296.97481568,25
367371.630569878,4935325.46167292,25
366884.534191009,4933469.79829042,25
367727.782046939,4932452.54265595,25
371823.007336283,4938227.4819236,25
370641.029487217,4937193.63361162,25
375094.454776946,4933350.57659738,25
388543.664853034,4928519.95112776,25
404052.92575654,4940982.32677383,25
380373.671239709,4934880.44803987,25
412586.075284384,4929636.60820682,25
413325.857825203,4929469.87955962,25
379475.596165611,4934654.81852717,25
384360.66550728,4930020.20341267,25
410194.239571809,4929928.70905927,25
381096.081876563,4935817.52739639,25
409457.335148338,4940111.54724297,25
410944.398903005,4941337.04822832,25
377946.899437776,4941767.87625844,25
376354.058238333,4942487.80625753,25
375339.022107003,4942382.70818913,25
374732.896979132,4941961.87126295,25
373136.56827905,4942228.60611306,25
371955.566673794,4943044.36909065,25
378687.29004275,4935759.26241303,25
373882.821745933,4938206.58046943,25
386079.992662222,4924130.30995532,25
387720.635471859,4923620.33746237,25
384619.308239571,4932512.2980244,25
383845.605686796,4933224.22232381,25
383473.235268304,4934206.94285244,25
391910.756952155,4933563.31303552,25
392007.012708332,4932661.65352565,25
386269.004133583,4933995.34826398,25
384514.567972032,4928531.95739304,25
396456.293267686,4925048.67342543,25
393309.083090494,4926737.10551072,25
387580.267482597,4939499.78186037,25
389207.348984759,4940489.5902189,25
390815.987738996,4940976.13088989,25
391521.022464846,4940374.85888852,25
392915.091695294,4938716.0322151,25
405969.124449617,4929699.85886328,25
415436.923287426,4934395.24732821,25
414828.318646142,4933418.73912349,25
413305.439865095,4927896.43462625,25
411210.394756661,4926440.65885376,25
410146.462895452,4925967.44054434,25
406111.764465927,4926476.45132267,25
427065.395175313,4942659.97450271,25
426248.296204026,4942252.83228715,25
430235.989118669,4947054.87357117,25
429544.900915618,4946665.42336706,25
427519.103142836,4946497.65174048,25
416540.539330654,4924169.49887632,25
382508.240547905,4928041.85572394,25
381360.111636407,4927570.83002096,25
384494.54534348,4926142.91333755,25
382897.295969067,4926742.07338692,25
419884.742374805,4941127.10497707,25
420151.177826394,4940731.58113095,25
420810.924015694,4940720.31001366,25
408534.57528489,4941322.40974081,25
407326.332111664,4941287.0125377,25
408552.697110577,4942547.76661833,25
408594.71700183,4944552.57054265,25
378966.426314075,4949407.51729779,25
378046.82751201,4947248.40491799,25
373160.381243525,4943421.27385061,25
374782.141985529,4943806.69247266,25
374737.521904487,4943008.23381377,25
371151.693364911,4944667.67580504,25
373197.711342537,4946028.52403862,25
381907.020486168,4936473.458829,25
371539.238526502,4931974.25535516,25
370900.14819427,4929811.77191596,25
387541.948854472,4936382.61976695,25
385916.653123674,4927865.72716712,25
391021.37399034,4929942.21969719,25
389833.047080885,4929951.59840764,25
400417.492196723,4938539.47252868,25
398991.691728184,4940117.63723038,25
398842.926443189,4941457.6279653,25
397235.081247424,4941859.17923109,25
393003.271987128,4941950.89496901,25
393216.277207664,4942431.41921708,25
407258.157603651,4937012.60297715,25
402088.681547296,4926364.2864128,25
419939.5697423,4949337.96430349,25
419877.475961686,4948822.32131495,25
419931.86873631,4948318.16835883,25
419266.725133861,4933523.06603734,25
416469.377659585,4934868.18044198,25
418104.587999657,4935575.92618071,25
417712.550611044,4935962.04013632,25
415043.955751963,4944146.30972799,25
413450.693334614,4945287.98392544,25
415465.67997576,4945636.66321354,25
415209.086596509,4944700.77701331,25
415271.628335128,4944035.40440596,25
413123.126140925,4938852.48237291,25
410095.425354227,4938082.2200278,25
396734.765860637,4942719.30344261,25
421918.020680741,4948741.82682817,25
423421.906140969,4950341.31321073,25
381247.595953276,4945897.42109962,25
378836.962212274,4946255.00264513,25
378025.338284678,4946072.61369815,25
374817.00858071,4947034.08780244,25
382834.233210709,4946713.0232294,25
393670.09997441,4924177.81235788,25
390903.220482873,4924530.80542218,25
389282.376518968,4923920.65073037,25
401879.674216347,4935895.64026234,25
400392.576371681,4936483.74602286,25
398384.785475903,4936936.99284306,25
380482.046961247,4923734.15145439,25
422526.080017028,4951912.57452064,25
422518.369972651,4952021.56876657,25
398267.841812342,4937025.1167636,25
395875.933324149,4937868.93642438,25
395578.762501809,4938126.46924719,25
407072.927796895,4935436.77150644,25
408164.745827304,4934461.11704031,25
407287.533451977,4932877.67035076,25
385362.63845753,4940453.61555658,25
386429.886961394,4940439.20515994,25
387585.078157849,4942039.25008707,25
386081.356080932,4925600.95793481,25
378829.511869335,4944569.79096495,25
378005.115172675,4944971.97000975,25
375510.7323454,4939794.82618053,25
376275.868128717,4938171.51524454,25
424786.915085209,4951368.15101503,25
426382.347553723,4951087.58341057,25
423150.195274319,4951552.44620335,25
382804.259341761,4944717.13121454,25
381211.621977719,4944112.04957163,25
380660.905852747,4943303.5405431,25
390543.253900995,4935535.17804328,25
403077.629170456,4942612.61988284,25
406469.65187075,4932898.35496831,25
412184.990114379,4932672.02729428,25
413370.570110742,4932228.17196069,25
414997.943779411,4932300.25391043,25
422164.323610899,4951505.4188965,25
421536.607663008,4951643.6823202,25
374102.953375278,4947858.05904546,25
380117.61850071,4934883.68988474,25
385112.633437385,4935680.0371597,25
389315.306894751,4926748.37963577,25
400436.15127151,4940139.57027698,25
416208.010305763,4931835.88629392,25
388136.03111074,4943165.04318467,25
389640.925135448,4943287.3780708,25
387787.858359139,4931626.87714885,25
389395.712417297,4930426.87382266,25
403692.920462545,4940486.74741716,25
402894.706864874,4940458.90469552,25
405298.089911531,4940019.63272581,25
402079.925134993,4925749.89716653,25
400517.052352363,4925122.52329621,25
398919.842958632,4924831.00405552,25
397296.318227633,4923406.90303077,25
374802.628267902,4932354.16466413,25
376276.173768601,4936396.98031262,25
375805.272181298,4936574.89330932,25
378681.419461915,4935309.71839451,25
400666.171648257,4932011.33051436,25
399048.387780181,4931954.17357859,25
398240.086025911,4932518.36562287,25
389924.522472156,4928120.35953011,25
390938.048692144,4927259.76309472,25
392011.810208412,4926728.35474821,25
380308.26092271,4934858.9846972,25
381403.089103554,4934612.50734151,25
381165.149529658,4939707.05505324,25
397349.798463906,4929356.39532581,25
395751.605947845,4929856.19025325,25
393353.845646595,4930003.42229985,25
391685.558380855,4930310.30937406,25
382923.320047741,4929179.32481446,25
378566.306357353,4942970.2411583,25
380259.577742965,4942139.31420335,25
390715.018565036,4934082.06260303,25
403709.951655564,4927667.38821588,25
402106.62958691,4928123.49356593,25
400608.598453882,4928994.53149194,25
398983.620173977,4928951.42622968,25
414092.898876677,4923528.91908294,25
413409.112834417,4924797.17316989,25
411613.345791916,4934427.05450024,25
411313.742597021,4933623.79970537,25
384752.992029574,4938059.624132,25
385131.43497436,4936979.1124211,25
385116.046996577,4935915.20505903,25
386095.61307767,4927529.55177942,25
386640.511935448,4926809.86781435,25
417383.530113789,4940813.9726841,25
418798.612554,4942363.13297487,25
437469.522489987,4945085.26619937,25
436669.072044337,4945058.5803711,25
424307.800340585,4943893.1997564,25
427963.288080217,4948317.86695408,25
384394.249270753,4942870.34540607,25
400456.727850038,4942003.24358206,25
402031.875883007,4919264.11033111,25
403644.331780284,4919232.18912988,25
418926.915659139,4924307.67284893,25
417315.700941417,4924512.72864222,25
417118.100217336,4934571.88015963,25
395942.517062108,4923430.95542063,25
431041.135663948,4946369.45872756,25
377913.402618373,4938242.93908682,25
377928.226154355,4940156.63916836,25
404449.699798073,4923274.798012,25
368662.717308999,4936537.02395414,25
369022.845900122,4936841.88575654,25
410643.883257042,4929664.50047024,25
410185.660819431,4929332.36382182,25
417210.836349229,4947221.51790275,25
416711.976760416,4947345.18999207,25
428343.060249909,4951927.81591375,25
373334.309566899,4939841.95354407,25
379450.813490234,4932914.07070296,25
397155.937287,4935832.83918279,25
376464.096745169,4949444.2422804,25
371202.383431218,4941282.15030537,25
370749.643654743,4942173.76279845,25
370731.870677351,4941453.94097988,25
370690.371427387,4939701.27877792,25
370929.351927477,4931411.15694156,25
402839.047733327,4937274.78765086,25
401750.617623493,4937794.30190651,25
395263.955167338,4942743.24870267,25
399608.366568568,4925250.59996303,25
420385.65731055,4934118.07523748,25
419679.78538023,4934061.00083277,25
415561.315973428,4941661.50416202,25
412738.45419556,4938293.50765119,25
405359.129210319,4923208.93711432,25
418332.699526157,4950495.35456812,25
384488.356619445,4925594.94350042,25
387173.7822093,4933167.91555765,25
410790.145105661,4942505.37685227,25
410958.336463534,4942515.2333355,25
374432.401269132,4939811.15473238,25
375599.063899908,4937924.7679148,25
391881.633059001,4931163.15051067,25
386074.569172064,4946886.37295273,25
389513.182996467,4935554.81503366,25
396162.281036323,4942727.16443954,25
430935.898846189,4947047.21998997,25
430822.011058619,4946447.75460718,25
370829.751544362,4946539.35782813,25
376428.701689072,4946876.87184405,25
374966.109249677,4930021.58661856,25
397219.002649699,4940326.31945164,25
396661.211805659,4940079.04427392,25
397002.225768825,4940268.68235237,25
397926.511560261,4933008.25192442,25
400899.031480128,4941963.300551,25
422343.220363588,4950376.94266669,25
412218.945740418,4938306.84934608,25
371136.264468844,4925401.81810905,25
397309.140305176,4925013.91605644,25
374627.745494559,4933611.18382462,25
374835.252067378,4933354.9511446,25
378730.036076377,4939747.01119566,25
377890.541925856,4938141.19886726,25
365808.265676093,4948013.93939117,25
366926.848040256,4952880.22405802,25
368510.200372876,4952841.31683986,25
404560.20623903,4931346.74846639,25
417826.413858125,4944786.89544073,25
417208.253547544,4943447.09395293,25
372331.267044219,4923772.62657025,25
381154.899109567,4938910.22152264,25
368794.602400497,4936655.59998222,25
424397.514033663,4951501.29672016,25
373438.818453866,4939822.50366051,25
382875.294414387,4925412.77397716,25
378767.735069144,4932922.73084645,25
392006.864243279,4932784.30802001,25
413528.398972875,4928023.42722608,25
408520.272356908,4925332.05009993,25
378778.738367833,4947781.22789233,25
374775.054527383,4943081.73631211,25
374750.683285448,4942451.88875773,25
370792.625121099,4944615.35325349,25
373863.829156438,4946240.28489065,25
379516.518355908,4938132.69878023,25
379280.538959484,4938116.57580805,25
370203.813817953,4930266.74526586,25
370924.84192406,4930250.2769911,25
371458.254937518,4930235.962774,25
386107.364584234,4928134.18039155,25
390620.717951473,4929832.72841211,25
398825.20309392,4939908.65645108,25
401708.913143607,4926562.36335865,25
418084.355562985,4934601.19525941,25
423153.831599141,4950113.85585793,25
383159.527615688,4945318.47664494,25
403350.121948123,4932643.23188534,25
403398.160275099,4932921.30367677,25
422786.779618424,4953629.59792938,25
378810.224897215,4945044.08888924,25
424786.719738309,4951394.06819672,25
385213.739330878,4935621.29640796,25
387548.601230933,4942855.84165224,25
399007.673837946,4924999.90552471,25
396458.705516149,4922981.69282067,25
382914.714034431,4929543.47369993,25
392380.169818834,4931531.0660892,25
388308.056282782,4925152.67012037,25
387687.23768154,4925166.3853949,25
424149.325985539,4942294.70215164,25
418296.810023569,4947212.05764822,25
418382.282561368,4947193.17875264,25
419112.221065694,4947197.50403454,25
373092.917244987,4939844.56603028,25
370732.375627522,4941453.22403483,25
390984.314173287,4929763.04979155,25
430693.964899859,4947519.19028284,25
421932.711255376,4950361.48145192,25
366006.721706282,4948954.81433046,25
365996.771484391,4948644.53903773,25
417684.504632201,4943996.595224,25
392030.093875052,4933091.95667881,25
413494.034032512,4928023.02041721,25
374618.875107405,4942692.05727926,25
390701.32180292,4929797.11571167,25
390841.162057821,4929746.81419143,25
390905.366542845,4929746.20981192,25
402262.520176063,4949091.14459693,25
419837.809225469,4943015.28864094,25
438465.215046943,4945962.55612264,25
436660.745980644,4945057.19829647,25
429622.337279475,4944868.4856064,25
431028.847223473,4944848.3684778,25
425485.780706184,4946308.6476216,25
398149.142262885,4927439.20805995,25
384064.943116654,4942876.69200977,25
421405.377778122,4938480.03123762,25
427847.342250427,4941489.88852244,25
391844.54687454,4942811.90151317,25
400447.559327535,4941036.58668806,25
419597.058174007,4947196.71733314,25
399925.983627938,4917540.63799645,25
402030.797725357,4919264.13187591,25
404679.090420095,4919380.86439606,25
413285.363622225,4937185.05464911,25
370827.496271289,4925834.16969063,25
385638.952118485,4942574.61479204,25
402397.342204933,4940197.43868912,25
384467.974240593,4923712.21148986,25
372120.136000234,4933568.42089831,25
374198.262775662,4932279.27698775,25
373037.879392792,4935381.3408972,25
387507.264312343,4934652.54749298,25
388556.069096591,4929187.5181336,25
405330.698146796,4929712.0855225,25
387842.747544841,4937993.88672344,25
389163.834150664,4937155.68337528,25
414929.330413411,4928405.71970153,25
416731.64719109,4949399.08132188,25
418037.653246061,4948791.2096015,25
426796.947842311,4950306.90005807,25
426064.368285701,4948717.70980151,25
382695.656859278,4941655.54781077,25
378089.654973697,4934288.3437626,25
379504.423858821,4936739.89400476,25
390667.471096362,4933708.69494706,25
392757.969289502,4938527.14586278,25
397777.783808801,4934551.50772923,25
402935.208561506,4928305.96217069,25
424621.640607167,4950360.83604506,25
417579.340416253,4950035.20484037,25
377802.413928418,4947799.59689821,25
374314.948040069,4946232.13661554,25
371103.661031643,4943057.19011918,25
370732.835375247,4941452.57175282,25
370214.941284625,4938245.30134463,25
372062.260199721,4925375.42504361,25
379039.807732724,4931669.8989245,25
381440.767052447,4931412.54248407,25
389390.279732005,4930199.02386114,25
402036.722051975,4937573.197639,25
403198.985355166,4936956.78546978,25
395621.322930775,4941502.61931222,25
395635.074894025,4942751.08827922,25
394806.587166027,4941920.38997283,25
402171.561621695,4931758.56428377,25
406960.253127983,4930345.27067692,25
407973.482572434,4931284.95309378,25
405601.792625438,4936016.82526693,25
420844.889793812,4933500.45591415,25
410019.626570874,4934718.1058028,25
414987.71323669,4941313.06157679,25
402032.220099979,4923316.36004272,25
402613.223831403,4935793.83454811,25
401998.448897787,4935820.17502823,25
418037.161556976,4950629.06741413,25
409691.137768961,4938485.91016099,25
389402.294933051,4931163.64778864,25
386631.343823673,4933982.33721863,25
382761.319762259,4934849.29349926,25
410789.836291894,4942503.4590486,25
411024.846792591,4944312.58272758,25
379612.527085823,4944566.3975586,25
375101.684419425,4941413.33672553,25
375502.464571977,4941406.17128054,25
374700.765808518,4939355.68087043,25
374935.342408205,4938193.57000885,25
416584.207474073,4932004.83739625,25
422107.156433576,4945514.7764016,25
403686.093340674,4924918.50701733,25
405180.288958629,4924883.48707067,25
406539.91398133,4923922.38599417,25
420510.348558339,4952053.10165044,25
381123.024228555,4928478.82494631,25
379381.608241978,4929292.44642606,25
390851.290803191,4943099.95196764,25
393249.175660263,4943888.24214651,25
371597.375607641,4946297.44281217,25
373231.196531638,4948063.40463692,25
377326.682341992,4951674.72079528,25
375263.706232847,4927734.16897424,25
395600.669263199,4939623.31737104,25
397218.839009283,4940326.29813605,25
397797.227475764,4941076.01223537,25
401304.430464187,4942210.06231014,25
408560.043192278,4929272.86674193,25
408997.338895798,4929668.19590043,25
408594.237199244,4931698.48838439,25
405612.767173317,4928099.13028082,25
427101.021840785,4944977.86198632,25
421932.727392078,4950359.39013457,25
423985.907243171,4953411.43987925,25
414667.183446023,4937637.99080534,25
412220.625302057,4938305.04515172,25
371666.870249777,4926506.64649323,25
414905.65833914,4937433.57830069,25
416182.953843839,4935989.39342113,25
381629.744762235,4949386.0031287,25
381238.809974597,4950810.10094459,25
394126.223691433,4927900.22666206,25
395715.203036609,4926676.57417223,25
376467.35286617,4924090.66214042,25
376906.701298613,4927701.40300266,25
374414.385645198,4934168.72747163,25
374834.996216535,4933356.15878521,25
377890.545740609,4938140.51961281,25
377080.816921783,4936123.69200537,25
374673.847950784,4937215.83139547,25
391516.910648456,4935520.13388271,25
388839.647284754,4933952.66921019,25
400383.347724702,4935645.0879489,25
398357.668188909,4935237.51848602,25
410925.966737139,4929825.55416792,25
400745.410090042,4927366.98808247,25
416627.906863921,4943416.48306786,25
397124.915361028,4933341.47247528,25
414854.377372761,4934914.07242038,25
411884.224880986,4952105.22445298,25
380323.049330605,4936492.99012122,25
381111.283607625,4936860.65874804,25
381147.331877214,4938097.94046587,25
367372.487870289,4935324.92546751,25
366884.597217962,4933469.85125166,25
371823.268224985,4938226.51717841,25
375095.30017294,4933351.92563253,25
404061.228360084,4940972.44331001,25
380373.693072348,4934881.53909028,25
412586.08480513,4929634.77503856,25
379478.024105495,4934654.79818605,25
381101.70623196,4935817.36672239,25
409457.091633515,4940108.98875517,25
410945.0452009,4941336.7275625,25
376352.708616153,4942487.91026989,25
375329.724620776,4942390.31493367,25
374732.072323777,4941961.89924272,25
373136.025910451,4942228.60029117,25
371955.600039075,4943045.33079491,25
378687.594825629,4935759.25849128,25
373887.061728586,4938217.95497929,25
373602.181134541,4938436.97914044,25
373693.525421859,4938696.61601222,25
374058.046208642,4937984.81236191,25
386076.091990281,4924131.6667092,25
384618.433480938,4932512.6840918,25
383842.090268728,4933231.06543364,25
391910.850951424,4933561.42982631,25
386268.696549093,4933988.35290511,25
384512.714193929,4928532.08885157,25
396456.737643383,4925047.06769158,25
393309.063250692,4926737.11100563,25
387586.786256822,4939498.51868864,25
391520.980002137,4940370.09890166,25
419923.991582291,4949623.75204899,25
415436.849474519,4934394.43269573,25
414825.93256834,4933418.78690023,25
408519.384958297,4925332.09397696,25
406111.797958431,4926476.26875143,25
427061.209092573,4942659.91157913,25
430235.988222733,4947054.62835362,25
381350.720413594,4927570.76645049,25
384493.050338543,4926142.99667211,25
382890.292848286,4926743.83135399,25
419885.664192251,4941122.98128747,25
420809.906237948,4940717.56621462,25
407322.133643108,4941287.36976517,25
408552.691928685,4942546.92199666,25
408593.503058996,4944552.60214689,25
378488.308693498,4949664.05342313,25
373162.714324493,4943421.20797417,25
373862.615216887,4946238.16144313,25
381907.013375408,4936472.63716921,25
371539.299370624,4931972.87401961,25
387545.327309377,4936382.61491133,25
385919.091686538,4927871.00685704,25
391021.381630036,4929941.90265502,25
390983.397507344,4929763.0176851,25
389833.847811788,4929950.32236109,25
400422.252044654,4938539.31370089,25
398990.932821148,4940115.86956482,25
398843.88650185,4941457.43572374,25
397235.771717891,4941858.98655073,25
393003.280017814,4941949.34397398,25
407255.701207073,4937013.41957522,25
401708.907532092,4926561.61846424,25
419875.570161735,4948818.62011349,25
419930.393182823,4948318.13774552,25
419266.688568467,4933521.24009937,25
417118.109447977,4934571.87481445,25
418104.037225056,4935576.01444706,25
417712.601799733,4935961.0179042,25
415465.588597896,4945634.80929013,25
415207.101031671,4944712.23399854,25
415271.471111711,4944032.7638587,25
413123.601486919,4938851.6504344,25
410083.023017887,4938082.38968822,25
421918.103911586,4948744.27808677,25
423421.89731137,4950342.80668773,25
378838.035819985,4946255.13412295,25
378030.125748767,4946069.24164319,25
374815.710593379,4947034.14473114,25
382836.467227279,4946711.46832399,25
393668.226523191,4924178.27447043,25
390902.305006996,4924530.79124762,25
389284.185236761,4923921.26781163,25
401878.328147309,4935887.97889585,25
400394.879670581,4936484.06844671,25
398383.917782338,4936937.05987969,25
380483.507892913,4923734.08354622,25
422525.814244238,4951912.59408553,25
398267.861543957,4937022.91676778,25
395875.957096543,4937869.44136584,25
407074.001442381,4935434.82089709,25
408164.901786572,4934474.08536656,25
407287.48449003,4932877.05461892,25
385363.165894459,4940451.58929599,25
386429.878370742,4940439.43762527,25
387589.726465201,4942032.10118622,25
378013.648781638,4944972.08912327,25
376275.871494883,4938171.15971408,25
424774.582015613,4951368.5565996,25
424394.043998737,4951501.2401993,25
423152.836189564,4951552.37082606,25
380656.606503392,4943299.85504476,25
390543.341524354,4935533.2457498,25
403077.673323566,4942610.1555128,25
406469.622356504,4932897.65587378,25
413373.259909798,4932228.11811118,25
421535.704298088,4951643.53038476,25
374103.007028144,4947853.25794286,25
380117.618040625,4934883.38117941,25
385107.207376663,4935681.61120417,25
389318.608442087,4926748.36443003,25
416208.022118502,4931834.22787709,25
423993.017628772,4950377.15765293,25
389640.925135448,4943287.3780708,25
387800.090995241,4931626.46542954,25
389334.06084619,4930580.68012079,25
403695.597537005,4940486.7252885,25
402895.535046374,4940458.90572399,25
405297.984195606,4940019.63091483,25
402081.478883512,4925749.85302549,25
400517.264547787,4925122.51466208,25
397296.280751014,4923406.17384069,25
374802.618981087,4932354.27523494,25
376276.693632699,4936396.95751902,25
377561.13724473,4935410.89104124,25
377351.716346691,4935878.99172529,25
377318.892348911,4936027.56848177,25
400667.370828785,4932011.31765838,25
398239.555256121,4932518.3762451,25
389924.635362346,4928119.92291334,25
390937.895469895,4927259.59551215,25
381402.26669881,4934612.60643992,25
381165.156022166,4939708.84388935,25
397352.502664512,4929355.75460062,25
391684.02154243,4930309.77397473,25
382923.586271759,4929179.2728751,25
378566.69085815,4942971.39536995,25
380261.082259701,4942135.16591785,25
390715.109587718,4934082.11083172,25
402099.770074028,4928123.58404266,25
400610.733536542,4928994.51592147,25
411613.278868401,4934427.87035784,25
385133.129693902,4936979.40688246,25
385112.19549285,4935914.90879419,25
386098.297300941,4927529.47728847,25
429598.83034811,4950654.28147994,25
429598.83034811,4950654.28147994,25
429598.83034811,4950654.28147994,25
429598.83034811,4950654.28147994,25
429598.83034811,4950654.28147994,25
429598.83034811,4950654.28147994,25
429598.83034811,4950654.28147994,25
429598.83034811,4950654.28147994,25
417814.536555051,4941309.59867171,25
417383.564606457,4940810.68949958,25
417325.799529636,4940116.79811602,25
417383.5846178,4940810.68898221,25
418797.687089556,4942361.31054689,25
419837.809225469,4943015.28864094,25
400092.149968581,4923355.53941821,25
400092.149968581,4923355.53941821,25
400092.149968581,4923355.53941821,25
400092.149968581,4923355.53941821,25
424147.459625494,4942286.88609322,25
424673.992490592,4944243.865144,25
419917.503193031,4947204.8448034,25
419917.503193031,4947204.8448034,25
428786.208339879,4948660.8273993,25
427966.16623322,4948317.97621802,25
397329.550957685,4926652.97686078,25
398036.15440925,4927031.23140887,25
383763.560120073,4942087.62679058,25
421405.377778122,4938480.03123762,25
426239.475500775,4941261.48615639,25
426239.475500775,4941261.48615639,25
391844.54687454,4942811.90151317,25
391844.54687454,4942811.90151317,25
391844.54687454,4942811.90151317,25
391844.54687454,4942811.90151317,25
391844.54687454,4942811.90151317,25
400447.559327535,4941036.58668806,25
400447.559327535,4941036.58668806,25
400901.586317315,4941963.26386948,25
419597.078151267,4947196.71538556,25
403712.187630564,4927667.26258322,25
413296.457231402,4925060.63340203,25
413296.457231402,4925060.63340203,25
410861.135220324,4921722.34192321,25
406882.125293137,4921340.86683859,25
400414.232595222,4918266.45975102,25
400414.232595222,4918266.45975102,25
406882.125293137,4921340.86683859,25
410861.135220324,4921722.34192321,25
413285.363622225,4937185.05464911,25
370827.496271289,4925834.16969063,25
370827.496271289,4925834.16969063,25
370827.496271289,4925834.16969063,25
386203.698914188,4931815.60412581,25
379318.500727767,4926969.49320794,25
416469.951174305,4934868.1645756,25
402397.342204933,4940197.43868912,25
382616.901933206,4947744.90230235,25
377328.453049101,4922098.8092965,25
375452.387244403,4925319.59078213,25
372634.367293155,4933376.79954501,25
431043.356660099,4946369.49877412,25
432653.43828174,4946811.69179787,25
432653.43828174,4946811.69179787,25
377085.908635629,4936548.75139878,25
377922.881597322,4940156.64638968,25
375802.639645274,4936596.54478323,25
375553.32708081,4936862.74463048,25
376007.335650198,4936418.55029161,25
375850.727072489,4936456.91862848,25
371694.094799219,4951136.13689916,25
372142.536739095,4949517.20979079,25
387507.264788257,4934652.56807239,25
384745.735115856,4938050.47565679,25
388556.069096591,4929187.5181336,25
405330.698146796,4929712.0855225,25
404560.193885833,4931345.3602309,25
387842.747544841,4937993.88672344,25
387842.767545538,4937993.88665425,25
393360.97360186,4930003.49568016,25
395750.859806341,4929856.21913237,25
367729.960630926,4932452.38420296,25
368663.904673299,4936537.20169366,25
368794.256702889,4936653.61772965,25
414929.330413411,4928405.71970153,25
384117.948331815,4930028.26086816,25
382940.85417828,4930320.40009488,25
410183.845417717,4929332.26199383,25
410643.838478533,4929662.26298614,25
410193.737549137,4929928.80665992,25
426364.183350478,4949654.95575769,25
428343.060249909,4951927.81591375,25
428343.060249909,4951927.81591375,25
427992.136545834,4951537.79449009,25
426364.183350478,4949654.95575769,25
378829.467686391,4944566.97697686,25
378675.86633143,4935105.92771392,25
378675.86633143,4935105.92771392,25
373091.639664719,4939844.59161099,25
375568.893098676,4926731.66761186,25
386448.040117179,4923556.87374531,25
386448.02011859,4923556.87401615,25
386448.040117179,4923556.87374531,25
386448.02011859,4923556.87401615,25
386448.040117179,4923556.87374531,25
386448.02011859,4923556.87401615,25
386448.040117179,4923556.87374531,25
386448.02011859,4923556.87401615,25
378766.403655165,4932922.73565448,25
392304.235984548,4934564.09953429,25
392304.235984548,4934564.09953429,25
390582.631559791,4942823.54127263,25
390582.651755961,4942823.54103937,25
390582.631559791,4942823.54127263,25
390582.651755961,4942823.54103937,25
395313.103910172,4923441.44663538,25
395313.103910172,4923441.44663538,25
395313.103910172,4923441.44663538,25
395313.103910172,4923441.44663538,25
392915.059010807,4938715.15073945,25
390816.886848497,4940976.54592696,25
389216.069468071,4940489.77082086,25
397159.74696969,4935832.76291046,25
397291.02367293,4935570.38014824,25
427521.54118943,4946498.37911585,25
429543.164092073,4946665.90842752,25
414084.900099505,4923529.07907404,25
376464.036521322,4949441.81868782,25
376462.705139782,4948629.75612872,25
374750.443653857,4942451.90291687,25
374777.613572567,4943806.7891051,25
370643.111087409,4937193.58955193,25
370919.884947944,4939842.53022255,25
370749.961318502,4942173.92179656,25
370663.966255306,4941975.87831074,25
370919.884947944,4939842.53022255,25
370919.884947944,4939842.53022255,25
370691.684756772,4939701.64179264,25
371423.289083328,4923622.90758499,25
371450.742716185,4923789.22818415,25
372062.240212433,4925375.42587968,25
368984.188860215,4928975.32207626,25
369278.451899347,4928876.60313481,25
389513.237087156,4935553.99963448,25
382940.85417828,4930320.40009488,25
384117.948331815,4930028.26086816,25
402837.631102169,4937274.78630039,25
401750.540309526,4937792.46202185,25
400438.255374351,4940139.55345163,25
395621.322930775,4941502.61931222,25
395635.074894025,4942751.08827922,25
395263.933588922,4942743.24922993,25
405601.792625438,4936016.82526693,25
398920.226414042,4924831.01381063,25
399007.538161764,4924998.1860816,25
418338.566668307,4950414.07578403,25
418338.546625114,4950414.07577007,25
419679.52397423,4934061.00129982,25
420387.055300245,4934117.97950173,25
420844.889793812,4933500.45591415,25
425200.943702529,4942278.89369758,25
413450.237869034,4945287.98096608,25
415044.449192045,4944146.20666486,25
415560.7957544,4941658.75315035,25
415791.651565144,4941755.63854458,25
404451.480771909,4923274.81478218,25
405358.792565862,4923208.64610136,25
416538.655107273,4924166.93953631,25
403834.147102819,4932382.15612524,25
403868.264066427,4932923.23532015,25
380468.649073722,4923666.30450098,25
418330.879426235,4950496.35295881,25
386203.698914188,4931815.60412581,25
387173.978300541,4933174.30822379,25
382871.767273377,4925411.90049119,25
383471.892835123,4934206.92243427,25
386235.673398706,4932641.0275899,25
410958.206586778,4942515.23593838,25
379612.527085823,4944566.3975586,25
375468.666787221,4936896.01609213,25
375216.123832789,4936958.89674406,25
374710.548793626,4940604.79718411,25
374432.402697195,4939811.4234902,25
374432.402697195,4939811.4234902,25
374700.765808518,4939355.68087043,25
375599.33305119,4937924.61086871,25
388136.03111074,4943165.04318467,25
395556.572696387,4938021.58644053,25
422162.007653085,4951506.61351732,25
386085.09920288,4925600.5926596,25
386074.569172064,4946886.37295273,25
383651.960023324,4946713.19896713,25
377946.564836751,4941767.88643202,25
389140.388898774,4935899.47003045,25
389513.237087156,4935553.99963448,25
384360.674178457,4930018.77841913,25
410880.230924574,4924444.56569645,25
408507.568219739,4924182.10000379,25
403686.093340674,4924918.50701733,25
414988.534260899,4932299.59766848,25
425200.943702529,4942278.89369758,25
420510.348558339,4952053.10165044,25
420510.348558339,4952053.10165044,25
420510.348558339,4952053.10165044,25
395638.815467613,4942974.08668162,25
395638.815467613,4942974.08668162,25
396162.260739077,4942727.16512939,25
430693.964899859,4947519.19028284,25
430821.893330711,4946448.78924892,25
369222.183295444,4947021.50917897,25
370831.179834018,4946539.40929355,25
376430.789245116,4946878.28814909,25
374837.960332384,4948245.31651978,25
374837.960332384,4948245.31651978,25
375510.731979671,4939794.85311046,25
375584.03190578,4926513.88669452,25
374963.302493615,4930023.67742719,25
374800.902184026,4930163.13564663,25
395600.669263199,4939623.31737104,25
396663.645992229,4940078.82132395,25
397823.741416341,4933155.1950129,25
399049.891191368,4931954.14188835,25
400460.426810826,4942003.31810837,25
408560.043192278,4929272.86674193,25
408560.043192278,4929272.86674193,25
408997.338895798,4929668.19590043,25
408594.237199244,4931698.48838439,25
413409.114726523,4924796.28360136,25
408507.568219739,4924182.10000379,25
408507.568219739,4924182.10000379,25
410880.230924574,4924444.56569645,25
423151.717996137,4950719.9802103,25
424393.502484937,4951988.59946001,25
424393.502484937,4951988.59946001,25
424393.502484937,4951988.59946001,25
424393.502484937,4951988.59946001,25
413307.572483457,4938325.06674836,25
413307.572483457,4938325.06674836,25
370808.991797323,4925035.05525443,25
370808.991797323,4925035.05525443,25
370808.991797323,4925035.05525443,25
370808.991797323,4925035.05525443,25
371136.538645534,4925403.29785745,25
386816.761769854,4942859.886988,25
386816.741760929,4942859.88711029,25
386816.761769854,4942859.886988,25
386816.741760929,4942859.88711029,25
385421.550524328,4923572.09283636,25
385421.550524328,4923572.09283636,25
382616.92517213,4947744.90189097,25
381247.595953276,4945897.42109962,25
395715.203036609,4926676.57417223,25
397309.55232315,4925013.91290572,25
375452.366980122,4925319.59099696,25
376791.316206322,4923687.23090999,25
377328.453049101,4922098.8092965,25
376391.510284542,4920472.75624778,25
376644.188819658,4920867.67682957,25
376391.510284542,4920472.75624778,25
374631.970892711,4933611.17214571,25
378730.023171241,4939739.30755682,25
377912.662003232,4938242.88699608,25
371645.159356898,4949506.14690014,25
370886.962814373,4949551.62655981,25
368510.135933846,4952837.89627906,25
366923.235422593,4952876.76850187,25
366016.109785833,4948960.74362731,25
367712.075291383,4953527.90182225,25
370886.962814373,4949551.62655981,25
370886.962814373,4949551.62655981,25
370886.962814373,4949551.62655981,25
370886.962814373,4949551.62655981,25
370886.962814373,4949551.62655981,25
370901.337457192,4949548.91227484,25
371645.159356898,4949506.14690014,25
372142.536739095,4949517.20979079,25
371694.094799219,4951136.13689916,25
379318.500727767,4926969.49320794,25
391516.910648456,4935520.13388271,25
388539.37405203,4928519.96658515,25
400383.347724702,4935645.0879489,25
400383.347724702,4935645.0879489,25
395522.017319993,4934158.10826856,25
413330.041657529,4929469.49097993,25
411210.365273249,4926438.18524916,25
413306.999378514,4927896.40341937,25
404953.862958497,4930963.24716941,25
417684.161992503,4943994.17552021,25
417826.257338334,4944785.52705011,25
395522.017319993,4934158.10826856,25
372850.315485803,4923759.06285003,25
372850.315485803,4923759.06285003,25
372850.315485803,4923759.06285003,25
372850.315485803,4923759.06285003,25
372444.259426039,4923656.26655387,25
372331.353931824,4923772.49923556,25
392260.110315368,4926712.73882808,25
392260.110315368,4926712.73882808,25
381154.605418439,4938901.6946051,25
398980.305511857,4928951.47072264,25
369025.304198206,4936841.58967056,25
367372.487870289,4935324.92546751,25
367729.960630926,4932452.38420296,25
370643.111087409,4937193.58955193,25
388539.37405203,4928519.96658515,25
404061.228360084,4940972.44331001,25
412586.08480513,4929634.77503856,25
413330.041657529,4929469.49097993,25
384360.674178457,4930018.77841913,25
410193.737549137,4929928.80665992,25
409457.111752657,4940108.98905729,25
408531.750794619,4941322.46633752,25
426377.016937881,4951086.67844855,25
377946.564836751,4941767.88643202,25
374732.072323777,4941961.89924272,25
373708.982042701,4938229.1005033,25
373674.30178354,4938415.96704032,25
373596.961555172,4939368.90729085,25
373550.042586171,4939418.63083978,25
373436.43956595,4939835.46613377,25
373430.195878826,4939840.90832444,25
373076.569968654,4939866.11913068,25
373882.812723309,4938205.58430871,25
384486.53606105,4925594.94928704,25
382871.767273377,4925411.90049119,25
387721.841801285,4923620.34954111,25
387721.841801285,4923620.34954111,25
388110.630144988,4923561.57797848,25
383842.112838355,4933231.06520866,25
383471.892835123,4934206.92243427,25
379449.703337372,4932914.08752671,25
392006.745392224,4932782.2872361,25
392006.745392224,4932782.2872361,25
392007.003442679,4932661.26140996,25
396456.737643383,4925047.06769158,25
393309.063250692,4926737.11100563,25
389216.069276107,4940489.75081394,25
390816.886848497,4940976.54592696,25
390816.886848497,4940976.54592696,25
392915.038626053,4938715.14490396,25
405969.308460673,4929699.37639779,25
405969.308460673,4929699.37639779,25
413306.999378514,4927896.40341937,25
411210.345274715,4926438.18552249,25
410145.67504904,4925967.25275365,25
408519.384958297,4925332.09397696,25
408519.384958297,4925332.09397696,25
406111.777882985,4926476.26904135,25
426248.776211005,4942252.85590126,25
426248.776211005,4942252.85590126,25
430235.988222733,4947054.62835362,25
430235.988222733,4947054.62835362,25
430235.988222733,4947054.62835362,25
429543.164092073,4946665.90842752,25
427521.54118943,4946498.37911585,25
416538.655107273,4924166.93953631,25
416538.672088675,4924166.92888315,25
382510.450700034,4928012.68497094,25
382508.40906322,4928040.70299103,25
382890.292848286,4926743.83135399,25
420151.394174605,4940729.72238118,25
420151.373989616,4940729.72281048,25
420809.927319988,4940717.56567458,25
408531.750794619,4941322.46633752,25
408593.503058996,4944552.60214689,25
378047.623509782,4947248.5826769,25
378965.495119367,4949404.67521452,25
378965.495119367,4949404.67521452,25
378778.143865041,4947789.87555763,25
374777.613572567,4943806.7891051,25
374769.203440137,4943076.89611522,25
374618.972443873,4942692.92869721,25
371151.658083661,4944667.38481504,25
373198.054530553,4946028.56819721,25
379520.892799311,4938132.64625516,25
379280.535395329,4938116.46321439,25
370931.660377368,4931411.65756968,25
370203.712262416,4930266.51605147,25
370924.838077116,4930249.55436274,25
371458.302462661,4930237.33938799,25
371458.282466577,4930237.33978381,25
370951.805831646,4930268.33180789,25
380468.649073722,4923666.30450098,25
380464.084166849,4923460.2514579,25
387545.326942704,4936382.59491349,25
389833.847811788,4929950.32236109,25
400422.252044654,4938539.31370089,25
400422.252044654,4938539.31370089,25
398826.212945641,4939908.67064569,25
393217.098305187,4942431.38982646,25
393217.098305187,4942431.38982646,25
401708.887524558,4926561.6185891,25
402089.506761834,4926364.32926414,25
419940.136531012,4949338.01904669,25
419940.136531012,4949338.01904669,25
419930.393182823,4948318.13774552,25
419266.688568467,4933521.24009937,25
416469.951174305,4934868.1645756,25
418084.163984962,4934601.18952314,25
415044.449192045,4944146.20666486,25
413450.237869034,4945287.98096608,25
396734.712778675,4942716.83727928,25
396734.712778675,4942716.83727928,25
396734.712778675,4942716.83727928,25
396734.712778675,4942716.83727928,25
396734.712778675,4942716.83727928,25
396734.712778675,4942716.83727928,25
423149.393596944,4950113.20737562,25
381247.595953276,4945897.42109962,25
381247.595953276,4945897.42109962,25
381247.595953276,4945897.42109962,25
381247.595953276,4945897.42109962,25
381247.595953276,4945897.42109962,25
374815.710593379,4947034.14473114,25
382836.467227279,4946711.46832399,25
381211.621977719,4944112.04957163,25
382804.259341761,4944717.13121454,25
393668.226523191,4924178.27447043,25
400394.879670581,4936484.06844671,25
400394.879670581,4936484.06844671,25
403398.847241589,4932929.0967757,25
403353.052917803,4932646.36530131,25
422518.379447135,4952021.59389598,25
422786.779618678,4953629.59794178,25
422786.779618678,4953629.59794178,25
398267.861543957,4937022.91676778,25
395579.515407698,4938126.56751794,25
407287.504484502,4932877.05403155,25
386085.09920288,4925600.5926596,25
386638.304931978,4926802.32525299,25
378829.467686391,4944566.97697686,25
378817.012308883,4945043.97856304,25
375510.731979671,4939794.85311046,25
375510.731979671,4939794.85311046,25
426377.016842209,4951086.65814615,25
424774.073958156,4951406.74790347,25
383159.527615688,4945318.47664494,25
382804.259341761,4944717.13121454,25
381211.621977719,4944112.04957163,25
381211.621977719,4944112.04957163,25
381211.621977719,4944112.04957163,25
381211.621977719,4944112.04957163,25
381211.621977719,4944112.04957163,25
390543.341524354,4935533.2457498,25
403077.653322404,4942610.15553336,25
406469.642340511,4932897.65456231,25
414988.534260899,4932299.59766848,25
422162.007653085,4951506.61351732,25
385213.782389596,4935621.15420711,25
400438.255374351,4940139.55345163,25
400438.255374351,4940139.55345163,25
387548.601230933,4942855.84165224,25
389393.396080534,4930427.44666963,25
405297.984195606,4940019.63091483,25
399607.72289076,4925250.64427787,25
398920.226414042,4924831.01381063,25
397296.280751014,4923406.17384069,25
397296.280751014,4923406.17384069,25
397296.280751014,4923406.17384069,25
396462.676794537,4922983.07820951,25
395942.746171645,4923430.34581075,25
374802.618981087,4932354.27523494,25
377050.128594239,4936125.60471995,25
377008.615186615,4936128.19213042,25
376271.904336422,4936397.16750716,25
377434.174382017,4935644.77416077,25
377380.100265909,4935677.16732029,25
399049.891191368,4931954.14188835,25
395750.859806341,4929856.21913237,25
393360.97360186,4930003.49568016,25
382914.551914902,4929529.12469386,25
390715.109587718,4934082.11083172,25
390715.109587718,4934082.11083172,25
403712.187630564,4927667.26258322,25
398980.305511857,4928951.47072264,25
414084.900099505,4923529.07907404,25
413409.114726523,4924796.28360136,25
413409.134739141,4924796.2833349,25
392379.623322837,4931528.99024973,25
391881.484176689,4931163.17385499,25
384745.735115856,4938050.47565679,25
388308.064580917,4925152.65587316,25
386098.297300941,4927529.47728847,25
386638.304931978,4926802.32525299,25
387689.43342925,4925166.36797128,25
388308.064580917,4925152.65587316,25
437469.120733247,4945085.26579807,25
437469.120733247,4945085.26579807,25
424147.459625494,4942286.88609322,25
424306.128872927,4943889.83991928,25
384394.263691186,4942870.34621307,25
384064.943116654,4942876.69200977,25
384064.943116654,4942876.69200977,25
384064.943116654,4942876.69200977,25
384394.263691186,4942870.34621307,25
403647.509353842,4919232.44672087,25
402030.797725357,4919264.13187591,25
402030.797725357,4919264.13187591,25
403647.509353842,4919232.44672087,25
418926.874050396,4924307.67429371,25
417314.028128055,4924512.78227746,25
417314.028128055,4924512.78227746,25
418926.874050396,4924307.67429371,25
396462.676794537,4922983.07820951,25
376791.316206322,4923687.23090999,25
377085.908635629,4936548.75139878,25
377922.881597322,4940156.64638968,25
375805.327059659,4936574.4720667,25
405358.792565862,4923208.64610136,25
410643.838478533,4929662.26298614,25
410183.845417717,4929332.26199383,25
418383.137711529,4947191.41083056,25
416703.162213427,4947346.04612276,25
428343.060249909,4951927.81591375,25
428343.060249909,4951927.81591375,25
374963.302493615,4930023.67742719,25
374963.302493615,4930023.67742719,25
374750.443653857,4942451.90291687,25
374769.203440137,4943076.89611522,25
371202.600426472,4941282.04898179,25
370734.364728603,4941450.40657999,25
370749.961318502,4942173.92179656,25
370734.364728603,4941450.40657999,25
370691.684756772,4939701.64179264,25
371450.742716185,4923789.22818415,25
371450.742716185,4923789.22818415,25
371450.742716185,4923789.22818415,25
370931.660377368,4931411.65756968,25
370931.660377368,4931411.65756968,25
370931.660377368,4931411.65756968,25
369278.451899347,4928876.60313481,25
392030.066779201,4933091.67230358,25
392006.745392224,4932782.2872361,25
395263.933588922,4942743.24922993,25
395263.933588922,4942743.24922993,25
395263.933588922,4942743.24922993,25
395263.933588922,4942743.24922993,25
395263.933588922,4942743.24922993,25
378679.695748287,4935309.75292489,25
403868.244059189,4932923.23561656,25
386235.673398706,4932641.0275899,25
387173.958303494,4933174.30857159,25
387173.958303494,4933174.30857159,25
375164.454625445,4936930.81590858,25
374686.81597501,4937211.47610775,25
374432.402697195,4939811.4234902,25
374710.548793626,4940604.79718411,25
392379.643836831,4931528.98978484,25
396162.260739077,4942727.16512939,25
396162.260739077,4942727.16512939,25
396162.260739077,4942727.16512939,25
396162.260739077,4942727.16512939,25
396162.260739077,4942727.16512939,25
430935.898846189,4947047.21998997,25
370831.179834018,4946539.40929355,25
370831.179834018,4946539.40929355,25
370831.179834018,4946539.40929355,25
370831.179834018,4946539.40929355,25
370831.179834018,4946539.40929355,25
374800.878873255,4930163.13624939,25
397001.903507447,4940265.04696522,25
397927.738370855,4933003.76182014,25
397823.741416341,4933155.1950129,25
397927.718094496,4933003.76079013,25
400460.426810826,4942003.31810837,25
400460.426810826,4942003.31810837,25
422339.752593885,4950377.01222698,25
371136.518542688,4925403.2989613,25
374631.970892711,4933611.17214571,25
377912.662003232,4938242.88699608,25
374673.847950784,4937215.83139547,25
365822.792900239,4948024.19025757,25
365996.836214954,4948647.045868,25
365822.792900239,4948024.19025757,25
370901.337457192,4949548.91227484,25
417207.056189262,4943447.00879652,25
372444.259426039,4923656.26655387,25
372331.353931824,4923772.49923556,25
372331.353931824,4923772.49923556,25
372331.353931824,4923772.49923556,25
381147.331877214,4938097.94046587,25
381147.331877214,4938097.94046587,25
373438.763197749,4939822.80249616,25
373332.753114019,4939841.9735895,25
374055.197360357,4937987.26546691,25
374016.999718141,4937991.30683916,25
378766.403655165,4932922.73565448,25
392030.086777117,4933091.67197073,25
392030.086777117,4933091.67197073,25
410145.67504904,4925967.25275365,25
370794.379075902,4944615.15405305,25
370794.379075902,4944615.15405305,25
371151.658083661,4944667.38481504,25
370901.929063479,4929812.06330445,25
370901.929063479,4929812.06330445,25
370901.929063479,4929812.06330445,25
370901.929063479,4929812.06330445,25
370924.818099303,4930249.5553648,25
370910.68162274,4929814.8473609,25
386108.493192598,4928134.97383673,25
386108.493192598,4928134.97383673,25
383159.527615688,4945318.47664494,25
403353.052917803,4932646.36530131,25
403398.867296636,4932929.09647702,25
422518.379447135,4952021.59389598,25
422518.379447135,4952021.59389598,25
422518.379447135,4952021.59389598,25
422786.779618678,4953629.59794178,25
395579.515407698,4938126.56751794,25
385213.782389596,4935621.15420711,25
387548.57998785,4942855.84176378,25
387548.601230933,4942855.84165224,25
387548.57998785,4942855.84176378,25
399007.538161764,4924998.1860816,25
395942.746171645,4923430.34581075,25
395942.746171645,4923430.34581075,25
395942.746171645,4923430.34581075,25
376520.276643678,4936384.97308187,25
376137.76119917,4936410.34531402,25
375805.327059659,4936574.4720667,25
378679.695748287,4935309.75292489,25
382923.586271759,4929179.2728751,25
424306.128872927,4943889.83991928,25
418383.115687688,4947191.41064968,25
419112.276796967,4947195.67537428,25
418295.99385756,4947212.05253973,25
417230.245832893,4947221.35945845,25
430935.898846189,4947047.21998997,25
430935.898846189,4947047.21998997,25
430935.898846189,4947047.21998997,25
373438.763197749,4939822.80249616,25
373438.763197749,4939822.80249616,25
419112.256795839,4947195.67523669,25
418136.635101074,4947211.7396808,25
419823.599195004,4947207.7588489,50
374201.936993524,4932252.92284889,50
422480.787798819,4952001.03218789,50
386015.044412438,4932457.24355355,50
397833.010542319,4933127.1803357,50
412246.300792466,4938277.493751,50
385114.505757556,4932414.50617073,50
392005.982498864,4932748.77611789,50
371540.363433385,4931946.02864491,50
413141.917695823,4938819.63418393,50
422905.534105448,4952767.31153937,50
407092.228551826,4935402.58098591,50
422196.392589676,4951488.3023315,50
374804.806479752,4932327.58076208,50
386074.406682649,4946886.38393743,25
383650.38902468,4946712.95374652,25
381211.122052893,4944111.97702231,25
382803.709436715,4944717.12301047,25
395942.617350173,4923430.69243328,25
396459.110105174,4922981.84455343,25
406876.119463744,4921340.99690757,25
403637.713072014,4919231.99357488,25
400412.365442376,4918266.04881811,25
409064.731555845,4920904.50735846,25
410859.527125648,4921721.42640437,25
402030.97647376,4919264.13830598,25
377328.393975916,4922099.32775387,25
397296.382910774,4923407.59563728,25
404676.59025644,4919377.81707307,25
367728.665740289,4932452.47649182,25
370883.584385338,4949551.77404031,25
366882.292090418,4933467.90120253,25
403709.547345286,4927667.42094863,25
399048.467081714,4931954.18190922,25
419918.807085623,4947204.81462336,25
426370.666075983,4949655.24178401,25
416471.812213441,4934868.12309347,25
374633.211797481,4933611.17871592,25
378834.602601352,4946254.72375348,25
410947.486808876,4941335.52731191,25
376468.6431752,4924090.39626251,25
410195.33324526,4929928.51018281,25
406541.036401465,4923922.73778115,25
373235.016541368,4948062.1647817,25
407287.407473097,4932873.79823419,25
414929.872709722,4928405.29963019,25
416540.353359325,4924169.25992604,25
414086.731000178,4923529.05245447,25
408593.525509259,4931698.51797438,25
420844.887585575,4933500.71823618,25
421286.388474244,4933474.43118795,25
407324.673220789,4941287.16372087,25
405296.713939382,4940019.61915597,25
401985.616446665,4935793.95414066,25
410145.568147685,4925967.23755284,25
413305.764522077,4927896.43813166,25
398980.54130311,4928951.4775585,25
412586.095672697,4929634.60801907,25
389285.020693266,4923921.56341077,25
397353.930016366,4929355.426685,25
378682.178891853,4935309.7010181,25
418045.523033012,4931167.75350418,25
400609.822502874,4928994.53256561,25
402101.401011159,4928123.57253153,25
396455.882256138,4925050.12110647,25
400394.665756786,4936484.05119,25
398843.754575744,4941457.47233905,25
393668.671326491,4924178.17505329,25
392379.867918817,4931529.91506615,25
408533.649938574,4941322.43828477,25
380117.631562015,4934885.74393802,25
386233.145609086,4932640.96785884,25
418085.053799869,4934601.22617063,25
386638.383477815,4926802.55807934,25
432656.352701304,4946811.65009732,25
426796.711218262,4950305.94961563,25
398267.842060054,4937024.54928953,25
371645.204794283,4949506.15661174,25
395715.399502489,4926676.52935309,25
386098.155822671,4927529.49121854,25
395749.919708547,4929856.26552581,25
416584.828739313,4932004.9205179,25
389393.517305106,4930427.42699117,25
387798.883125213,4931626.52009063,25
397309.007879902,4925013.92706939,25
410880.504178748,4924444.57273983,25
374967.929302023,4930020.24329482,25
419680.915104326,4934061.00189635,25
383475.783950823,4934206.9916186,25
395875.992785236,4937869.9867755,25
398384.379386702,4936937.03424667,25
393308.627157613,4926737.24216429,25
427995.979415226,4951540.31647576,25
398920.282010038,4924831.02522822,25
402081.275710166,4925749.86880155,25
388307.337857937,4925153.88372696,25
386084.321948504,4925600.65792869,25
386202.478256834,4931815.68535322,25
375452.052172211,4925317.72727947,25
374801.92468027,4930161.30518959,25
403398.846308155,4932928.97581455,25
405180.305119745,4924883.61777612,25
374818.02074602,4947034.05341929,25
400517.892825122,4925122.49910605,25
399007.66937832,4924999.97613256,25
393360.483519262,4930003.50063543,25
389832.637817231,4929952.26942485,25
405602.012969926,4936016.83697501,25
408508.868028822,4924182.10201314,25
408519.815909288,4925332.082681,25
371645.199909566,4949506.15664277,25
413325.88759369,4929469.88683782,25
384497.39800723,4926142.76433991,25
406111.842262589,4926475.53061903,25
411210.372797526,4926439.06129176,25
403682.598998494,4924918.48049236,25
408164.896539383,4934472.96158155,25
419740.146843225,4947211.14688698,25
392030.106769684,4933092.87513911,25
403352.00607161,4932645.26078664,25
367821.856513734,4931956.30841363,25
374802.775718321,4932352.52856929,25
383840.505144323,4933234.07478715,25
402836.961164251,4937274.79566174,25
402612.742639691,4935793.77605332,25
407073.858949103,4935435.1005186,25
400438.310931331,4940139.56530439,25
395638.319284422,4942974.25694483,25
387688.381153151,4925166.38632158,25
390984.978283567,4929763.04856035,25
376394.835441248,4920476.15906399,25
390903.226529061,4924530.7953835,25
390937.905512983,4927259.61828374,25
401750.618547989,4937794.562093,25
376427.958414847,4946876.36233466,25
397236.053141061,4941858.9183998,25
396162.370198368,4942725.73985414,25
434259.693543878,4946592.56549834,25
402033.105154399,4937574.10477285,25
403690.363970699,4940486.77854943,25
390816.937227863,4940976.584188,25
367372.647803338,4935324.84143697,25
390851.412081293,4943099.96653612,25
426382.293965184,4951087.56416993,25
402169.866501431,4931758.58599807,25
382834.433754934,4946712.89583167,25
382892.239045346,4926743.35311772,25
393248.863743938,4943888.26378584,25
375262.821574071,4927737.22944847,25
428344.454569219,4951931.92288718,25
426065.143860801,4948714.32721917,25
384618.715107912,4932512.5707287,25
406469.63341694,4932887.15880845,25
383159.461188396,4945317.9725767,25
392006.756433218,4932782.30464196,25
376286.504616831,4936396.53736307,25
381247.841985922,4945897.41261473,25
400660.475524336,4932011.39359776,25
438256.040907065,4945845.82487701,75
