cat,a_cat,b_cat,to_x,to_y
1,2675,1,402262.520176063,4949091.14459693
2,1549,1,419837.809225469,4943015.28864094
3,2693,1,438465.215046943,4945962.55612264
4,2694,1,436660.745980644,4945057.19829647
5,1942,1,429622.337279475,4944868.4856064
6,2691,1,431028.847223473,4944848.3684778
7,1942,1,425485.780706184,4946308.6476216
8,2577,1,398149.142262885,4927439.20805995
9,260,1,384064.943116654,4942876.69200977
10,1725,1,421405.377778122,4938480.03123762
11,2411,1,427847.342250427,4941489.88852244
12,2506,1,391844.54687454,4942811.90151317
13,1486,1,400447.559327535,4941036.58668806
14,2738,1,419597.058174007,4947196.71733314
15,512,1,399925.983627938,4917540.63799645
16,2062,1,402030.797725357,4919264.13187591
17,1316,1,404679.090420095,4919380.86439606
18,223,1,413285.363622225,4937185.05464911
19,830,1,370827.496271289,4925834.16969063
20,1243,1,385638.952118485,4942574.61479204
21,1274,1,402397.342204933,4940197.43868912
22,937,1,384467.974240593,4923712.21148986
23,1419,1,372120.136000234,4933568.42089831
24,2226,1,374198.262775662,4932279.27698775
25,1643,1,373037.879392792,4935381.3408972
26,1906,1,387507.264312343,4934652.54749298
27,945,1,388556.069096591,4929187.5181336
28,1080,1,405330.698146796,4929712.0855225
29,1248,1,387842.747544841,4937993.88672344
30,2640,1,389163.834150664,4937155.68337528
31,1729,1,414929.330413411,4928405.71970153
32,338,1,416731.64719109,4949399.08132188
33,1659,1,418037.653246061,4948791.2096015
34,671,1,426796.947842311,4950306.90005807
35,1659,1,426064.368285701,4948717.70980151
36,2634,1,382695.656859278,4941655.54781077
37,441,1,378089.654973697,4934288.3437626
38,2459,1,379504.423858821,4936739.89400476
39,1907,1,390667.471096362,4933708.69494706
40,1171,1,392757.969289502,4938527.14586278
41,276,1,397777.783808801,4934551.50772923
42,482,1,402935.208561506,4928305.96217069
43,671,1,424621.640607167,4950360.83604506
44,1026,1,417579.340416253,4950035.20484037
45,1976,1,377802.413928418,4947799.59689821
46,324,1,374314.948040069,4946232.13661554
47,1011,1,371103.661031643,4943057.19011918
48,2673,1,370732.835375247,4941452.57175282
49,1123,1,370214.941284625,4938245.30134463
50,2126,1,372062.260199721,4925375.42504361
51,2140,1,379039.807732724,4931669.8989245
52,2275,1,381440.767052447,4931412.54248407
53,943,1,389390.279732005,4930199.02386114
54,2666,1,402036.722051975,4937573.197639
55,288,1,403198.985355166,4936956.78546978
56,830,1,395621.322930775,4941502.61931222
57,1269,1,395635.074894025,4942751.08827922
58,1815,1,394806.587166027,4941920.38997283
59,1157,1,402171.561621695,4931758.56428377
60,814,1,406960.253127983,4930345.27067692
61,1479,1,407973.482572434,4931284.95309378
62,1926,1,405601.792625438,4936016.82526693
63,2242,1,420844.889793812,4933500.45591415
64,1283,1,410019.626570874,4934718.1058028
65,1545,1,414987.71323669,4941313.06157679
66,1329,1,402032.220099979,4923316.36004272
67,2675,1,402613.223831403,4935793.83454811
68,2666,1,401998.448897787,4935820.17502823
69,676,1,418037.161556976,4950629.06741413
70,616,1,409691.137768961,4938485.91016099
71,943,1,389402.294933051,4931163.64778864
72,1907,1,386631.343823673,4933982.33721863
73,2644,1,382761.319762259,4934849.29349926
74,2612,1,410789.836291894,4942503.4590486
75,2610,1,411024.846792591,4944312.58272758
76,2723,1,379612.527085823,4944566.3975586
77,2833,1,375101.684419425,4941413.33672553
78,2833,1,375502.464571977,4941406.17128054
79,1332,1,374700.765808518,4939355.68087043
80,2639,1,374935.342408205,4938193.57000885
81,2618,1,416584.207474073,4932004.83739625
82,509,1,422107.156433576,4945514.7764016
83,2675,1,403686.093340674,4924918.50701733
84,1052,1,405180.288958629,4924883.48707067
85,1160,1,406539.91398133,4923922.38599417
86,3749,1,420510.348558339,4952053.10165044
87,2865,1,381123.024228555,4928478.82494631
88,1800,1,379381.608241978,4929292.44642606
89,1868,1,390851.290803191,4943099.95196764
90,2505,1,393249.175660263,4943888.24214651
91,645,1,371597.375607641,4946297.44281217
92,1643,1,373231.196531638,4948063.40463692
93,1649,1,377326.682341992,4951674.72079528
94,1789,1,375263.706232847,4927734.16897424
95,1817,1,395600.669263199,4939623.31737104
96,1488,1,397218.839009283,4940326.29813605
97,488,1,397797.227475764,4941076.01223537
98,282,1,401304.430464187,4942210.06231014
99,1477,1,408560.043192278,4929272.86674193
100,1080,1,408997.338895798,4929668.19590043
101,2147,1,408594.237199244,4931698.48838439
102,2884,1,405612.767173317,4928099.13028082
103,400,1,427101.021840785,4944977.86198632
104,671,1,421932.727392078,4950359.39013457
105,4138,1,423985.907243171,4953411.43987925
106,233,1,414667.183446023,4937637.99080534
107,1536,1,412220.625302057,4938305.04515172
108,2129,1,371666.870249777,4926506.64649323
109,1231,1,414905.65833914,4937433.57830069
110,234,1,416182.953843839,4935989.39342113
111,3766,1,381629.744762235,4949386.0031287
112,1330,1,381238.809974597,4950810.10094459
113,2213,1,394126.223691433,4927900.22666206
114,873,1,395715.203036609,4926676.57417223
115,469,1,376467.35286617,4924090.66214042
116,1789,1,376906.701298613,4927701.40300266
117,440,1,374414.385645198,4934168.72747163
118,2086,1,374834.996216535,4933356.15878521
119,2639,1,377890.545740609,4938140.51961281
120,1100,1,377080.816921783,4936123.69200537
121,1331,1,374673.847950784,4937215.83139547
122,1251,1,391516.910648456,4935520.13388271
123,1907,1,388839.647284754,4933952.66921019
124,1170,1,400383.347724702,4935645.0879489
125,1493,1,398357.668188909,4935237.51848602
126,422,1,410925.966737139,4929825.55416792
127,2577,1,400745.410090042,4927366.98808247
128,1555,1,416627.906863921,4943416.48306786
129,2166,1,397124.915361028,4933341.47247528
130,1231,1,414854.377372761,4934914.07242038
131,350,1,411884.224880986,4952105.22445298
132,2647,1,380323.049330605,4936492.99012122
133,1098,1,381111.283607625,4936860.65874804
134,2639,1,381147.331877214,4938097.94046587
135,1511,1,367372.487870289,4935324.92546751
136,2371,1,366884.597217962,4933469.85125166
137,2639,1,371823.268224985,4938226.51717841
138,2086,1,375095.30017294,4933351.92563253
139,2290,1,404061.228360084,4940972.44331001
140,2644,1,380373.693072348,4934881.53909028
141,1728,1,412586.08480513,4929634.77503856
142,640,1,379478.024105495,4934654.79818605
143,1098,1,381101.70623196,4935817.36672239
144,548,1,409457.091633515,4940108.98875517
145,2610,1,410945.0452009,4941336.7275625
146,326,1,376352.708616153,4942487.91026989
147,1415,1,375329.724620776,4942390.31493367
148,1332,1,374732.072323777,4941961.89924272
149,1643,1,373136.025910451,4942228.60029117
150,1011,1,371955.600039075,4943045.33079491
151,1102,1,378687.594825629,4935759.25849128
152,1100,1,373887.061728586,4938217.95497929
153,1100,1,373602.181134541,4938436.97914044
154,1100,1,373693.525421859,4938696.61601222
155,1100,1,374058.046208642,4937984.81236191
156,1258,1,386076.091990281,4924131.6667092
157,937,1,384618.433480938,4932512.6840918
158,2226,1,383842.090268728,4933231.06543364
159,63,1,391910.850951424,4933561.42982631
160,1907,1,386268.696549093,4933988.35290511
161,937,1,384512.714193929,4928532.08885157
162,1203,1,396456.737643383,4925047.06769158
163,2585,1,393309.063250692,4926737.11100563
164,1906,1,387586.786256822,4939498.51868864
165,829,1,391520.980002137,4940370.09890166
166,2351,1,419923.991582291,4949623.75204899
167,2226,1,415436.849474519,4934394.43269573
168,1231,1,414825.93256834,4933418.78690023
169,1477,1,408519.384958297,4925332.09397696
170,2524,1,406111.797958431,4926476.26875143
171,400,1,427061.209092573,4942659.91157913
172,2207,1,430235.988222733,4947054.62835362
173,2275,1,381350.720413594,4927570.76645049
174,937,1,384493.050338543,4926142.99667211
175,1261,1,382890.292848286,4926743.83135399
176,389,1,419885.664192251,4941122.98128747
177,2230,1,420809.906237948,4940717.56621462
178,610,1,407322.133643108,4941287.36976517
179,1938,1,408552.691928685,4942546.92199666
180,2668,1,408593.503058996,4944552.60214689
181,1650,1,378488.308693498,4949664.05342313
182,1643,1,373162.714324493,4943421.20797417
183,324,1,373862.615216887,4946238.16144313
184,2647,1,381907.013375408,4936472.63716921
185,2226,1,371539.299370624,4931972.87401961
186,2638,1,387545.327309377,4936382.61491133
187,1588,1,385919.091686538,4927871.00685704
188,2222,1,391021.381630036,4929941.90265502
189,204,1,390983.397507344,4929763.0176851
190,594,1,389833.847811788,4929950.32236109
191,2537,1,400422.252044654,4938539.31370089
192,491,1,398990.932821148,4940115.86956482
193,1833,1,398843.88650185,4941457.43572374
194,1488,1,397235.771717891,4941858.98655073
195,1815,1,393003.280017814,4941949.34397398
196,603,1,407255.701207073,4937013.41957522
197,2524,1,401708.907532092,4926561.61846424
198,1659,1,419875.570161735,4948818.62011349
199,2338,1,419930.393182823,4948318.13774552
200,2242,1,419266.688568467,4933521.24009937
201,2243,1,417118.109447977,4934571.87481445
202,1226,1,418104.037225056,4935576.01444706
203,235,1,417712.601799733,4935961.0179042
204,2737,1,415465.588597896,4945634.80929013
205,1672,1,415207.101031671,4944712.23399854
206,1675,1,415271.471111711,4944032.7638587
207,1536,1,413123.601486919,4938851.6504344
208,249,1,410083.023017887,4938082.38968822
209,1659,1,421918.103911586,4948744.27808677
210,671,1,423421.89731137,4950342.80668773
211,2330,1,378838.035819985,4946255.13412295
212,2726,1,378030.125748767,4946069.24164319
213,1331,1,374815.710593379,4947034.14473114
214,2535,1,382836.467227279,4946711.46832399
215,1204,1,393668.226523191,4924178.27447043
216,204,1,390902.305006996,4924530.79124762
217,1589,1,389284.185236761,4923921.26781163
218,954,1,401878.328147309,4935887.97889585
219,1170,1,400394.879670581,4936484.06844671
220,1493,1,398383.917782338,4936937.05987969
221,2515,1,380483.507892913,4923734.08354622
222,2908,1,422525.814244238,4951912.59408553
223,569,1,398267.861543957,4937022.91676778
224,2898,1,395875.957096543,4937869.44136584
225,1536,1,407074.001442381,4935434.82089709
226,2226,1,408164.901786572,4934474.08536656
227,2221,1,407287.48449003,4932877.05461892
228,251,1,385363.165894459,4940451.58929599
229,251,1,386429.878370742,4940439.43762527
230,1901,1,387589.726465201,4942032.10118622
231,2726,1,378013.648781638,4944972.08912327
232,2639,1,376275.871494883,4938171.15971408
233,501,1,424774.582015613,4951368.5565996
234,2555,1,424394.043998737,4951501.2401993
235,1180,1,423152.836189564,4951552.37082606
236,653,1,380656.606503392,4943299.85504476
237,1251,1,390543.341524354,4935533.2457498
238,283,1,403077.673323566,4942610.1555128
239,2221,1,406469.622356504,4932897.65587378
240,1878,1,413373.259909798,4932228.11811118
241,2188,1,421535.704298088,4951643.53038476
242,1976,1,374103.007028144,4947853.25794286
243,2644,1,380117.618040625,4934883.38117941
244,921,1,385107.207376663,4935681.61120417
245,1589,1,389318.608442087,4926748.36443003
246,1089,1,416208.022118502,4931834.22787709
247,857,1,423993.017628772,4950377.15765293
248,1869,1,389640.925135448,4943287.3780708
249,1259,1,387800.090995241,4931626.46542954
250,1272,1,389334.06084619,4930580.68012079
251,2674,1,403695.597537005,4940486.7252885
252,2675,1,402895.535046374,4940458.90572399
253,2667,1,405297.984195606,4940019.63091483
254,1157,1,402081.478883512,4925749.85302549
255,876,1,400517.264547787,4925122.51466208
256,2365,1,397296.280751014,4923406.17384069
257,1152,1,374802.618981087,4932354.27523494
258,326,1,376276.693632699,4936396.95751902
259,442,1,377561.13724473,4935410.89104124
260,442,1,377351.716346691,4935878.99172529
261,442,1,377318.892348911,4936027.56848177
262,1522,1,400667.370828785,4932011.31765838
263,878,1,398239.555256121,4932518.3762451
264,1865,1,389924.635362346,4928119.92291334
265,204,1,390937.895469895,4927259.59551215
266,2643,1,381402.26669881,4934612.60643992
267,1902,1,381165.156022166,4939708.84388935
268,527,1,397352.502664512,4929355.75460062
269,2222,1,391684.02154243,4930309.77397473
270,2650,1,382923.586271759,4929179.2728751
271,434,1,378566.69085815,4942971.39536995
272,1901,1,380261.082259701,4942135.16591785
273,1903,1,390715.109587718,4934082.11083172
274,1157,1,402099.770074028,4928123.58404266
275,1522,1,400610.733536542,4928994.51592147
276,2226,1,411613.278868401,4934427.87035784
277,921,1,385133.129693902,4936979.40688246
278,921,1,385112.19549285,4935914.90879419
279,938,1,386098.297300941,4927529.47728847
280,1503,1,429598.83034811,4950654.28147994
281,844,1,429598.83034811,4950654.28147994
282,1494,1,429598.83034811,4950654.28147994
283,2816,1,429598.83034811,4950654.28147994
284,5474,1,429598.83034811,4950654.28147994
285,2912,1,429598.83034811,4950654.28147994
286,845,1,429598.83034811,4950654.28147994
287,1801,1,429598.83034811,4950654.28147994
288,2246,1,417814.536555051,4941309.59867171
289,2230,1,417383.564606457,4940810.68949958
290,902,1,417325.799529636,4940116.79811602
291,2229,1,417383.5846178,4940810.68898221
292,1673,1,418797.687089556,4942361.31054689
293,554,1,419837.809225469,4943015.28864094
294,2363,1,400092.149968581,4923355.53941821
295,2211,1,400092.149968581,4923355.53941821
296,2365,1,400092.149968581,4923355.53941821
297,2212,1,400092.149968581,4923355.53941821
298,2913,1,424147.459625494,4942286.88609322
299,1393,1,424673.992490592,4944243.865144
300,2338,1,419917.503193031,4947204.8448034
301,1347,1,419917.503193031,4947204.8448034
302,1659,1,428786.208339879,4948660.8273993
303,502,1,427966.16623322,4948317.97621802
304,527,1,397329.550957685,4926652.97686078
305,2216,1,398036.15440925,4927031.23140887
306,1901,1,383763.560120073,4942087.62679058
307,2230,1,421405.377778122,4938480.03123762
308,394,1,426239.475500775,4941261.48615639
309,1714,1,426239.475500775,4941261.48615639
310,1822,1,391844.54687454,4942811.90151317
311,1680,1,391844.54687454,4942811.90151317
312,2540,1,391844.54687454,4942811.90151317
313,3323,1,391844.54687454,4942811.90151317
314,1174,1,391844.54687454,4942811.90151317
315,1487,1,400447.559327535,4941036.58668806
316,2537,1,400447.559327535,4941036.58668806
317,1601,1,400901.586317315,4941963.26386948
318,2739,1,419597.078151267,4947196.71538556
319,2675,1,403712.187630564,4927667.26258322
320,2068,1,413296.457231402,4925060.63340203
321,1878,1,413296.457231402,4925060.63340203
322,948,1,410861.135220324,4921722.34192321
323,1324,1,406882.125293137,4921340.86683859
324,2367,1,400414.232595222,4918266.45975102
325,144,1,400414.232595222,4918266.45975102
326,583,1,406882.125293137,4921340.86683859
327,1301,1,410861.135220324,4921722.34192321
328,1878,1,413285.363622225,4937185.05464911
329,868,1,370827.496271289,4925834.16969063
330,869,1,370827.496271289,4925834.16969063
331,831,1,370827.496271289,4925834.16969063
332,1258,1,386203.698914188,4931815.60412581
333,1007,1,379318.500727767,4926969.49320794
334,2618,1,416469.951174305,4934868.1645756
335,1275,1,402397.342204933,4940197.43868912
336,2958,1,382616.901933206,4947744.90230235
337,2965,1,377328.453049101,4922098.8092965
338,2126,1,375452.387244403,4925319.59078213
339,2086,1,372634.367293155,4933376.79954501
340,2691,1,431043.356660099,4946369.49877412
341,1617,1,432653.43828174,4946811.69179787
342,1616,1,432653.43828174,4946811.69179787
343,2832,1,377085.908635629,4936548.75139878
344,330,1,377922.881597322,4940156.64638968
345,1100,1,375802.639645274,4936596.54478323
346,1100,1,375553.32708081,4936862.74463048
347,1100,1,376007.335650198,4936418.55029161
348,1100,1,375850.727072489,4936456.91862848
349,327,1,371694.094799219,4951136.13689916
350,2326,1,372142.536739095,4949517.20979079
351,2638,1,387507.264788257,4934652.56807239
352,2639,1,384745.735115856,4938050.47565679
353,2282,1,388556.069096591,4929187.5181336
354,1728,1,405330.698146796,4929712.0855225
355,1479,1,404560.193885833,4931345.3602309
356,2639,1,387842.747544841,4937993.88672344
357,2638,1,387842.767545538,4937993.88665425
358,1208,1,393360.97360186,4930003.49568016
359,2215,1,395750.859806341,4929856.21913237
360,3111,1,367729.960630926,4932452.38420296
361,1508,1,368663.904673299,4936537.20169366
362,1903,1,368794.256702889,4936653.61772965
363,1730,1,414929.330413411,4928405.71970153
364,1918,1,384117.948331815,4930028.26086816
365,1261,1,382940.85417828,4930320.40009488
366,2436,1,410183.845417717,4929332.26199383
367,1728,1,410643.838478533,4929662.26298614
368,2436,1,410193.737549137,4929928.80665992
369,1714,1,426364.183350478,4949654.95575769
370,1855,1,428343.060249909,4951927.81591375
371,1520,1,428343.060249909,4951927.81591375
372,502,1,427992.136545834,4951537.79449009
373,2561,1,426364.183350478,4949654.95575769
374,2723,1,378829.467686391,4944566.97697686
375,2322,1,378675.86633143,4935105.92771392
376,1102,1,378675.86633143,4935105.92771392
377,1643,1,373091.639664719,4939844.59161099
378,1790,1,375568.893098676,4926731.66761186
379,632,1,386448.040117179,4923556.87374531
380,1593,1,386448.02011859,4923556.87401615
381,257,1,386448.040117179,4923556.87374531
382,633,1,386448.02011859,4923556.87401615
383,271,1,386448.040117179,4923556.87374531
384,1731,1,386448.02011859,4923556.87401615
385,585,1,386448.040117179,4923556.87374531
386,589,1,386448.02011859,4923556.87401615
387,2322,1,378766.403655165,4932922.73565448
388,835,1,392304.235984548,4934564.09953429
389,2900,1,392304.235984548,4934564.09953429
390,2956,1,390582.631559791,4942823.54127263
391,898,1,390582.651755961,4942823.54103937
392,1912,1,390582.631559791,4942823.54127263
393,261,1,390582.651755961,4942823.54103937
394,2212,1,395313.103910172,4923441.44663538
395,2363,1,395313.103910172,4923441.44663538
396,2211,1,395313.103910172,4923441.44663538
397,2365,1,395313.103910172,4923441.44663538
398,2534,1,392915.059010807,4938715.15073945
399,204,1,390816.886848497,4940976.54592696
400,2638,1,389216.069468071,4940489.77082086
401,2166,1,397159.74696969,4935832.76291046
402,1173,1,397291.02367293,4935570.38014824
403,2920,1,427521.54118943,4946498.37911585
404,2690,1,429543.164092073,4946665.90842752
405,2819,1,414084.900099505,4923529.07907404
406,2326,1,376464.036521322,4949441.81868782
407,326,1,376462.705139782,4948629.75612872
408,1331,1,374750.443653857,4942451.90291687
409,1332,1,374777.613572567,4943806.7891051
410,601,1,370643.111087409,4937193.58955193
411,2087,1,370919.884947944,4939842.53022255
412,522,1,370749.961318502,4942173.92179656
413,727,1,370663.966255306,4941975.87831074
414,1418,1,370919.884947944,4939842.53022255
415,1902,1,370919.884947944,4939842.53022255
416,601,1,370691.684756772,4939701.64179264
417,1837,1,371423.289083328,4923622.90758499
418,746,1,371450.742716185,4923789.22818415
419,1458,1,372062.240212433,4925375.42587968
420,1226,1,368984.188860215,4928975.32207626
421,2373,1,369278.451899347,4928876.60313481
422,2261,1,389513.237087156,4935553.99963448
423,2650,1,382940.85417828,4930320.40009488
424,594,1,384117.948331815,4930028.26086816
425,2675,1,402837.631102169,4937274.78630039
426,953,1,401750.540309526,4937792.46202185
427,2537,1,400438.255374351,4940139.55345163
428,1817,1,395621.322930775,4941502.61931222
429,2497,1,395635.074894025,4942751.08827922
430,3323,1,395263.933588922,4942743.24922993
431,2667,1,405601.792625438,4936016.82526693
432,1202,1,398920.226414042,4924831.01381063
433,1524,1,399007.538161764,4924998.1860816
434,2346,1,418338.566668307,4950414.07578403
435,671,1,418338.546625114,4950414.07577007
436,1549,1,419679.52397423,4934061.00129982
437,2802,1,420387.055300245,4934117.97950173
438,1884,1,420844.889793812,4933500.45591415
439,1184,1,425200.943702529,4942278.89369758
440,1027,1,413450.237869034,4945287.98096608
441,1029,1,415044.449192045,4944146.20666486
442,230,1,415560.7957544,4941658.75315035
443,229,1,415791.651565144,4941755.63854458
444,1316,1,404451.480771909,4923274.81478218
445,957,1,405358.792565862,4923208.64610136
446,1372,1,416538.655107273,4924166.93953631
447,827,1,403834.147102819,4932382.15612524
448,530,1,403868.264066427,4932923.23532015
449,1949,1,380468.649073722,4923666.30450098
450,677,1,418330.879426235,4950496.35295881
451,938,1,386203.698914188,4931815.60412581
452,2262,1,387173.978300541,4933174.30822379
453,1261,1,382871.767273377,4925411.90049119
454,927,1,383471.892835123,4934206.92243427
455,1258,1,386235.673398706,4932641.0275899
456,2610,1,410958.206586778,4942515.23593838
457,323,1,379612.527085823,4944566.3975586
458,1100,1,375468.666787221,4936896.01609213
459,1100,1,375216.123832789,4936958.89674406
460,1331,1,374710.548793626,4940604.79718411
461,1902,1,374432.402697195,4939811.4234902
462,1418,1,374432.402697195,4939811.4234902
463,1331,1,374700.765808518,4939355.68087043
464,2457,1,375599.33305119,4937924.61086871
465,2531,1,388136.03111074,4943165.04318467
466,2896,1,395556.572696387,4938021.58644053
467,1942,1,422162.007653085,4951506.61351732
468,938,1,386085.09920288,4925600.5926596
469,1722,1,386074.569172064,4946886.37295273
470,3356,1,383651.960023324,4946713.19896713
471,330,1,377946.564836751,4941767.88643202
472,2640,1,389140.388898774,4935899.47003045
473,1251,1,389513.237087156,4935553.99963448
474,594,1,384360.674178457,4930018.77841913
475,2064,1,410880.230924574,4924444.56569645
476,1477,1,408507.568219739,4924182.10000379
477,481,1,403686.093340674,4924918.50701733
478,2443,1,414988.534260899,4932299.59766848
479,2913,1,425200.943702529,4942278.89369758
480,3086,1,420510.348558339,4952053.10165044
481,1855,1,420510.348558339,4952053.10165044
482,1520,1,420510.348558339,4952053.10165044
483,2497,1,395638.815467613,4942974.08668162
484,1269,1,395638.815467613,4942974.08668162
485,3323,1,396162.260739077,4942727.16512939
486,2182,1,430693.964899859,4947519.19028284
487,1941,1,430821.893330711,4946448.78924892
488,2515,1,369222.183295444,4947021.50917897
489,1377,1,370831.179834018,4946539.40929355
490,326,1,376430.789245116,4946878.28814909
491,1331,1,374837.960332384,4948245.31651978
492,1332,1,374837.960332384,4948245.31651978
493,2087,1,375510.731979671,4939794.85311046
494,473,1,375584.03190578,4926513.88669452
495,1452,1,374963.302493615,4930023.67742719
496,1788,1,374800.902184026,4930163.13564663
497,830,1,395600.669263199,4939623.31737104
498,489,1,396663.645992229,4940078.82132395
499,2226,1,397823.741416341,4933155.1950129
500,1858,1,399049.891191368,4931954.14188835
501,2537,1,400460.426810826,4942003.31810837
502,2148,1,408560.043192278,4929272.86674193
503,2147,1,408560.043192278,4929272.86674193
504,1728,1,408997.338895798,4929668.19590043
505,2148,1,408594.237199244,4931698.48838439
506,1372,1,413409.114726523,4924796.28360136
507,2147,1,408507.568219739,4924182.10000379
508,2148,1,408507.568219739,4924182.10000379
509,1403,1,410880.230924574,4924444.56569645
510,1180,1,423151.717996137,4950719.9802103
511,3749,1,424393.502484937,4951988.59946001
512,3086,1,424393.502484937,4951988.59946001
513,1855,1,424393.502484937,4951988.59946001
514,1520,1,424393.502484937,4951988.59946001
515,223,1,413307.572483457,4938325.06674836
516,1878,1,413307.572483457,4938325.06674836
517,831,1,370808.991797323,4925035.05525443
518,830,1,370808.991797323,4925035.05525443
519,869,1,370808.991797323,4925035.05525443
520,868,1,370808.991797323,4925035.05525443
521,2126,1,371136.538645534,4925403.29785745
522,261,1,386816.761769854,4942859.886988
523,1912,1,386816.741760929,4942859.88711029
524,898,1,386816.761769854,4942859.886988
525,2956,1,386816.741760929,4942859.88711029
526,632,1,385421.550524328,4923572.09283636
527,585,1,385421.550524328,4923572.09283636
528,2534,1,382616.92517213,4947744.90189097
529,963,1,381247.595953276,4945897.42109962
530,2215,1,395715.203036609,4926676.57417223
531,527,1,397309.55232315,4925013.91290572
532,1458,1,375452.366980122,4925319.59099696
533,1949,1,376791.316206322,4923687.23090999
534,2587,1,377328.453049101,4922098.8092965
535,2966,1,376391.510284542,4920472.75624778
536,2254,1,376644.188819658,4920867.67682957
537,2591,1,376391.510284542,4920472.75624778
538,1332,1,374631.970892711,4933611.17214571
539,1902,1,378730.023171241,4939739.30755682
540,2322,1,377912.662003232,4938242.88699608
541,1328,1,371645.159356898,4949506.14690014
542,2105,1,370886.962814373,4949551.62655981
543,3245,1,368510.135933846,4952837.89627906
544,3245,1,366923.235422593,4952876.76850187
545,569,1,366016.109785833,4948960.74362731
546,817,1,367712.075291383,4953527.90182225
547,1200,1,370886.962814373,4949551.62655981
548,2925,1,370886.962814373,4949551.62655981
549,3250,1,370886.962814373,4949551.62655981
550,1850,1,370886.962814373,4949551.62655981
551,1377,1,370886.962814373,4949551.62655981
552,2326,1,370901.337457192,4949548.91227484
553,322,1,371645.159356898,4949506.14690014
554,2722,1,372142.536739095,4949517.20979079
555,1009,1,371694.094799219,4951136.13689916
556,2322,1,379318.500727767,4926969.49320794
557,2261,1,391516.910648456,4935520.13388271
558,945,1,388539.37405203,4928519.96658515
559,2537,1,400383.347724702,4935645.0879489
560,2163,1,400383.347724702,4935645.0879489
561,830,1,395522.017319993,4934158.10826856
562,2068,1,413330.041657529,4929469.49097993
563,1084,1,411210.365273249,4926438.18524916
564,2068,1,413306.999378514,4927896.40341937
565,813,1,404953.862958497,4930963.24716941
566,684,1,417684.161992503,4943994.17552021
567,1032,1,417826.257338334,4944785.52705011
568,1817,1,395522.017319993,4934158.10826856
569,1103,1,372850.315485803,4923759.06285003
570,1153,1,372850.315485803,4923759.06285003
571,870,1,372850.315485803,4923759.06285003
572,746,1,372850.315485803,4923759.06285003
573,1470,1,372444.259426039,4923656.26655387
574,746,1,372331.353931824,4923772.49923556
575,1859,1,392260.110315368,4926712.73882808
576,2218,1,392260.110315368,4926712.73882808
577,918,1,381154.605418439,4938901.6946051
578,1858,1,398980.305511857,4928951.47072264
579,2515,1,369025.304198206,4936841.58967056
580,3111,1,367372.487870289,4935324.92546751
581,2372,1,367729.960630926,4932452.38420296
582,522,1,370643.111087409,4937193.58955193
583,2282,1,388539.37405203,4928519.96658515
584,602,1,404061.228360084,4940972.44331001
585,1080,1,412586.08480513,4929634.77503856
586,1878,1,413330.041657529,4929469.49097993
587,1918,1,384360.674178457,4930018.77841913
588,2815,1,410193.737549137,4929928.80665992
589,1228,1,409457.111752657,4940108.98905729
590,2669,1,408531.750794619,4941322.46633752
591,1714,1,426377.016937881,4951086.67844855
592,2322,1,377946.564836751,4941767.88643202
593,1331,1,374732.072323777,4941961.89924272
594,1100,1,373708.982042701,4938229.1005033
595,1100,1,373674.30178354,4938415.96704032
596,1100,1,373596.961555172,4939368.90729085
597,1100,1,373550.042586171,4939418.63083978
598,1100,1,373436.43956595,4939835.46613377
599,1100,1,373430.195878826,4939840.90832444
600,1100,1,373076.569968654,4939866.11913068
601,2639,1,373882.812723309,4938205.58430871
602,937,1,384486.53606105,4925594.94928704
603,2650,1,382871.767273377,4925411.90049119
604,941,1,387721.841801285,4923620.34954111
605,2656,1,387721.841801285,4923620.34954111
606,588,1,388110.630144988,4923561.57797848
607,2262,1,383842.112838355,4933231.06520866
608,926,1,383471.892835123,4934206.92243427
609,640,1,379449.703337372,4932914.08752671
610,61,1,392006.745392224,4932782.2872361
611,2923,1,392006.745392224,4932782.2872361
612,886,1,392007.003442679,4932661.26140996
613,1524,1,396456.737643383,4925047.06769158
614,1208,1,393309.063250692,4926737.11100563
615,2637,1,389216.069276107,4940489.75081394
616,2636,1,390816.886848497,4940976.54592696
617,1903,1,390816.886848497,4940976.54592696
618,2535,1,392915.038626053,4938715.14490396
619,1080,1,405969.308460673,4929699.37639779
620,1728,1,405969.308460673,4929699.37639779
621,1878,1,413306.999378514,4927896.40341937
622,744,1,411210.345274715,4926438.18552249
623,2436,1,410145.67504904,4925967.25275365
624,2147,1,408519.384958297,4925332.09397696
625,2148,1,408519.384958297,4925332.09397696
626,480,1,406111.777882985,4926476.26904135
627,1714,1,426248.776211005,4942252.85590126
628,394,1,426248.776211005,4942252.85590126
629,2924,1,430235.988222733,4947054.62835362
630,4140,1,430235.988222733,4947054.62835362
631,5465,1,430235.988222733,4947054.62835362
632,1297,1,429543.164092073,4946665.90842752
633,1192,1,427521.54118943,4946498.37911585
634,1052,1,416538.655107273,4924166.93953631
635,1378,1,416538.672088675,4924166.92888315
636,940,1,382510.450700034,4928012.68497094
637,2651,1,382508.40906322,4928040.70299103
638,2650,1,382890.292848286,4926743.83135399
639,2229,1,420151.394174605,4940729.72238118
640,2230,1,420151.373989616,4940729.72281048
641,2229,1,420809.927319988,4940717.56567458
642,2668,1,408531.750794619,4941322.46633752
643,451,1,408593.503058996,4944552.60214689
644,2726,1,378047.623509782,4947248.5826769
645,2722,1,378965.495119367,4949404.67521452
646,2326,1,378965.495119367,4949404.67521452
647,1976,1,378778.143865041,4947789.87555763
648,1331,1,374777.613572567,4943806.7891051
649,1332,1,374769.203440137,4943076.89611522
650,435,1,374618.972443873,4942692.92869721
651,323,1,371151.658083661,4944667.38481504
652,1643,1,373198.054530553,4946028.56819721
653,2459,1,379520.892799311,4938132.64625516
654,2639,1,379280.535395329,4938116.46321439
655,868,1,370931.660377368,4931411.65756968
656,454,1,370203.712262416,4930266.51605147
657,1788,1,370924.838077116,4930249.55436274
658,1788,1,371458.302462661,4930237.33938799
659,1918,1,371458.282466577,4930237.33978381
660,784,1,370951.805831646,4930268.33180789
661,1792,1,380468.649073722,4923666.30450098
662,409,1,380464.084166849,4923460.2514579
663,1906,1,387545.326942704,4936382.59491349
664,1918,1,389833.847811788,4929950.32236109
665,1487,1,400422.252044654,4938539.31370089
666,2163,1,400422.252044654,4938539.31370089
667,1833,1,398826.212945641,4939908.67064569
668,2541,1,393217.098305187,4942431.38982646
669,2542,1,393217.098305187,4942431.38982646
670,480,1,401708.887524558,4926561.6185891
671,1157,1,402089.506761834,4926364.32926414
672,2338,1,419940.136531012,4949338.01904669
673,1019,1,419940.136531012,4949338.01904669
674,1019,1,419930.393182823,4948318.13774552
675,1884,1,419266.688568467,4933521.24009937
676,1896,1,416469.951174305,4934868.1645756
677,1226,1,418084.163984962,4934601.18952314
678,1545,1,415044.449192045,4944146.20666486
679,1885,1,413450.237869034,4945287.98096608
680,1822,1,396734.712778675,4942716.83727928
681,2506,1,396734.712778675,4942716.83727928
682,2540,1,396734.712778675,4942716.83727928
683,1174,1,396734.712778675,4942716.83727928
684,3323,1,396734.712778675,4942716.83727928
685,1680,1,396734.712778675,4942716.83727928
686,1180,1,423149.393596944,4950113.20737562
687,3025,1,381247.595953276,4945897.42109962
688,1008,1,381247.595953276,4945897.42109962
689,1789,1,381247.595953276,4945897.42109962
690,1971,1,381247.595953276,4945897.42109962
691,320,1,381247.595953276,4945897.42109962
692,1332,1,374815.710593379,4947034.14473114
693,2121,1,382836.467227279,4946711.46832399
694,3025,1,381211.621977719,4944112.04957163
695,2535,1,382804.259341761,4944717.13121454
696,2582,1,393668.226523191,4924178.27447043
697,2163,1,400394.879670581,4936484.06844671
698,2537,1,400394.879670581,4936484.06844671
699,2221,1,403398.847241589,4932929.0967757
700,2675,1,403353.052917803,4932646.36530131
701,3086,1,422518.379447135,4952021.59389598
702,4820,1,422786.779618678,4953629.59794178
703,5464,1,422786.779618678,4953629.59794178
704,1248,1,398267.861543957,4937022.91676778
705,1817,1,395579.515407698,4938126.56751794
706,530,1,407287.504484502,4932877.05403155
707,1258,1,386085.09920288,4925600.5926596
708,2273,1,386638.304931978,4926802.32525299
709,323,1,378829.467686391,4944566.97697686
710,2330,1,378817.012308883,4945043.97856304
711,1418,1,375510.731979671,4939794.85311046
712,1902,1,375510.731979671,4939794.85311046
713,1835,1,426377.016842209,4951086.65814615
714,501,1,424774.073958156,4951406.74790347
715,895,1,383159.527615688,4945318.47664494
716,2121,1,382804.259341761,4944717.13121454
717,320,1,381211.621977719,4944112.04957163
718,963,1,381211.621977719,4944112.04957163
719,1008,1,381211.621977719,4944112.04957163
720,1971,1,381211.621977719,4944112.04957163
721,1789,1,381211.621977719,4944112.04957163
722,2261,1,390543.341524354,4935533.2457498
723,2856,1,403077.653322404,4942610.15553336
724,530,1,406469.642340511,4932897.65456231
725,1730,1,414988.534260899,4932299.59766848
726,1536,1,422162.007653085,4951506.61351732
727,1251,1,385213.782389596,4935621.15420711
728,2163,1,400438.255374351,4940139.55345163
729,1487,1,400438.255374351,4940139.55345163
730,261,1,387548.601230933,4942855.84165224
731,943,1,389393.396080534,4930427.44666963
732,1926,1,405297.984195606,4940019.63091483
733,529,1,399607.72289076,4925250.64427787
734,1858,1,398920.226414042,4924831.01381063
735,2211,1,397296.280751014,4923406.17384069
736,2363,1,397296.280751014,4923406.17384069
737,2212,1,397296.280751014,4923406.17384069
738,1630,1,396462.676794537,4922983.07820951
739,2212,1,395942.746171645,4923430.34581075
740,2226,1,374802.618981087,4932354.27523494
741,1100,1,377050.128594239,4936125.60471995
742,1100,1,377008.615186615,4936128.19213042
743,1100,1,376271.904336422,4936397.16750716
744,442,1,377434.174382017,4935644.77416077
745,442,1,377380.100265909,4935677.16732029
746,1202,1,399049.891191368,4931954.14188835
747,873,1,395750.859806341,4929856.21913237
748,2585,1,393360.97360186,4930003.49568016
749,2271,1,382914.551914902,4929529.12469386
750,204,1,390715.109587718,4934082.11083172
751,2636,1,390715.109587718,4934082.11083172
752,481,1,403712.187630564,4927667.26258322
753,1202,1,398980.305511857,4928951.47072264
754,1734,1,414084.900099505,4923529.07907404
755,1052,1,413409.114726523,4924796.28360136
756,1378,1,413409.134739141,4924796.2833349
757,209,1,392379.623322837,4931528.99024973
758,1528,1,391881.484176689,4931163.17385499
759,1248,1,384745.735115856,4938050.47565679
760,1524,1,388308.064580917,4925152.65587316
761,1258,1,386098.297300941,4927529.47728847
762,2655,1,386638.304931978,4926802.32525299
763,2656,1,387689.43342925,4925166.36797128
764,1203,1,388308.064580917,4925152.65587316
765,1618,1,437469.120733247,4945085.26579807
766,2298,1,437469.120733247,4945085.26579807
767,507,1,424147.459625494,4942286.88609322
768,2002,1,424306.128872927,4943889.83991928
769,252,1,384394.263691186,4942870.34621307
770,1788,1,384064.943116654,4942876.69200977
771,962,1,384064.943116654,4942876.69200977
772,931,1,384064.943116654,4942876.69200977
773,2629,1,384394.263691186,4942870.34621307
774,1321,1,403647.509353842,4919232.44672087
775,576,1,402030.797725357,4919264.13187591
776,2807,1,402030.797725357,4919264.13187591
777,1320,1,403647.509353842,4919232.44672087
778,1736,1,418926.874050396,4924307.67429371
779,1404,1,417314.028128055,4924512.78227746
780,1083,1,417314.028128055,4924512.78227746
781,1731,1,418926.874050396,4924307.67429371
782,1241,1,396462.676794537,4922983.07820951
783,1792,1,376791.316206322,4923687.23090999
784,432,1,377085.908635629,4936548.75139878
785,2322,1,377922.881597322,4940156.64638968
786,432,1,375805.327059659,4936574.4720667
787,2423,1,405358.792565862,4923208.64610136
788,1080,1,410643.838478533,4929662.26298614
789,2815,1,410183.845417717,4929332.26199383
790,2739,1,418383.137711529,4947191.41083056
791,338,1,416703.162213427,4947346.04612276
792,3749,1,428343.060249909,4951927.81591375
793,3086,1,428343.060249909,4951927.81591375
794,1786,1,374963.302493615,4930023.67742719
795,464,1,374963.302493615,4930023.67742719
796,1332,1,374750.443653857,4942451.90291687
797,1331,1,374769.203440137,4943076.89611522
798,445,1,371202.600426472,4941282.04898179
799,522,1,370734.364728603,4941450.40657999
800,601,1,370749.961318502,4942173.92179656
801,601,1,370734.364728603,4941450.40657999
802,522,1,370691.684756772,4939701.64179264
803,870,1,371450.742716185,4923789.22818415
804,1103,1,371450.742716185,4923789.22818415
805,1153,1,371450.742716185,4923789.22818415
806,869,1,370931.660377368,4931411.65756968
807,831,1,370931.660377368,4931411.65756968
808,830,1,370931.660377368,4931411.65756968
809,834,1,369278.451899347,4928876.60313481
810,2226,1,392030.066779201,4933091.67230358
811,1840,1,392006.745392224,4932782.2872361
812,2540,1,395263.933588922,4942743.24922993
813,1174,1,395263.933588922,4942743.24922993
814,2506,1,395263.933588922,4942743.24922993
815,1822,1,395263.933588922,4942743.24922993
816,1680,1,395263.933588922,4942743.24922993
817,1102,1,378679.695748287,4935309.75292489
818,2221,1,403868.244059189,4932923.23561656
819,938,1,386235.673398706,4932641.0275899
820,2226,1,387173.958303494,4933174.30857159
821,1908,1,387173.958303494,4933174.30857159
822,1100,1,375164.454625445,4936930.81590858
823,1100,1,374686.81597501,4937211.47610775
824,2087,1,374432.402697195,4939811.4234902
825,1332,1,374710.548793626,4940604.79718411
826,2586,1,392379.643836831,4931528.98978484
827,2506,1,396162.260739077,4942727.16512939
828,1174,1,396162.260739077,4942727.16512939
829,2540,1,396162.260739077,4942727.16512939
830,1822,1,396162.260739077,4942727.16512939
831,1680,1,396162.260739077,4942727.16512939
832,2207,1,430935.898846189,4947047.21998997
833,1200,1,370831.179834018,4946539.40929355
834,1850,1,370831.179834018,4946539.40929355
835,2925,1,370831.179834018,4946539.40929355
836,2105,1,370831.179834018,4946539.40929355
837,3250,1,370831.179834018,4946539.40929355
838,1918,1,374800.878873255,4930163.13624939
839,1489,1,397001.903507447,4940265.04696522
840,530,1,397927.738370855,4933003.76182014
841,1867,1,397823.741416341,4933155.1950129
842,2221,1,397927.718094496,4933003.76079013
843,1486,1,400460.426810826,4942003.31810837
844,1487,1,400460.426810826,4942003.31810837
845,2554,1,422339.752593885,4950377.01222698
846,1458,1,371136.518542688,4925403.2989613
847,1331,1,374631.970892711,4933611.17214571
848,330,1,377912.662003232,4938242.88699608
849,1332,1,374673.847950784,4937215.83139547
850,3180,1,365822.792900239,4948024.19025757
851,2514,1,365996.836214954,4948647.045868
852,2493,1,365822.792900239,4948024.19025757
853,2722,1,370901.337457192,4949548.91227484
854,2355,1,417207.056189262,4943447.00879652
855,2586,1,372444.259426039,4923656.26655387
856,870,1,372331.353931824,4923772.49923556
857,1103,1,372331.353931824,4923772.49923556
858,1153,1,372331.353931824,4923772.49923556
859,1247,1,381147.331877214,4938097.94046587
860,1248,1,381147.331877214,4938097.94046587
861,1902,1,373438.763197749,4939822.80249616
862,755,1,373332.753114019,4939841.9735895
863,1100,1,374055.197360357,4937987.26546691
864,1100,1,374016.999718141,4937991.30683916
865,1002,1,378766.403655165,4932922.73565448
866,860,1,392030.086777117,4933091.67197073
867,56,1,392030.086777117,4933091.67197073
868,2815,1,410145.67504904,4925967.25275365
869,522,1,370794.379075902,4944615.15405305
870,601,1,370794.379075902,4944615.15405305
871,2723,1,371151.658083661,4944667.38481504
872,868,1,370901.929063479,4929812.06330445
873,869,1,370901.929063479,4929812.06330445
874,830,1,370901.929063479,4929812.06330445
875,831,1,370901.929063479,4929812.06330445
876,1918,1,370924.818099303,4930249.5553648
877,784,1,370910.68162274,4929814.8473609
878,1258,1,386108.493192598,4928134.97383673
879,938,1,386108.493192598,4928134.97383673
880,1303,1,383159.527615688,4945318.47664494
881,481,1,403353.052917803,4932646.36530131
882,530,1,403398.867296636,4932929.09647702
883,1855,1,422518.379447135,4952021.59389598
884,3749,1,422518.379447135,4952021.59389598
885,1520,1,422518.379447135,4952021.59389598
886,4821,1,422786.779618678,4953629.59794178
887,830,1,395579.515407698,4938126.56751794
888,2261,1,385213.782389596,4935621.15420711
889,1912,1,387548.57998785,4942855.84176378
890,898,1,387548.601230933,4942855.84165224
891,2956,1,387548.57998785,4942855.84176378
892,1203,1,399007.538161764,4924998.1860816
893,2363,1,395942.746171645,4923430.34581075
894,2365,1,395942.746171645,4923430.34581075
895,2211,1,395942.746171645,4923430.34581075
896,1100,1,376520.276643678,4936384.97308187
897,1100,1,376137.76119917,4936410.34531402
898,2832,1,375805.327059659,4936574.4720667
899,2322,1,378679.695748287,4935309.75292489
900,1261,1,382923.586271759,4929179.2728751
901,2191,1,424306.128872927,4943889.83991928
902,2738,1,418383.115687688,4947191.41064968
903,2739,1,419112.276796967,4947195.67537428
904,2348,1,418295.99385756,4947212.05253973
905,340,1,417230.245832893,4947221.35945845
906,2924,1,430935.898846189,4947047.21998997
907,4140,1,430935.898846189,4947047.21998997
908,5465,1,430935.898846189,4947047.21998997
909,1418,1,373438.763197749,4939822.80249616
910,2087,1,373438.763197749,4939822.80249616
911,2738,1,419112.256795839,4947195.67523669
912,1996,1,418136.635101074,4947211.7396808
