cat,orig_cat
1,3
2,16
3,21
4,28
5,29
6,36
7,41
8,43
9,49
10,55
11,66
12,70
13,75
14,76
15,87
16,92
17,94
18,96
19,97
20,99
21,106
22,108
23,111
24,116
25,124
26,127
27,131
28,133
29,135
30,138
31,143
32,146
33,148
34,151
35,164
36,166
37,168
38,170
39,175
40,184
41,187
42,189
43,199
44,205
45,208
46,210
47,216
48,218
49,225
50,234
51,243
52,250
53,256
54,258
55,262
56,263
57,265
58,273
59,284
60,291
61,293
62,295
63,300
64,303
65,306
66,309
67,310
68,317
69,318
70,319
71,321
72,323
73,324
74,331
75,339
76,340
77,344
78,353
79,358
80,362
81,370
82,382
83,390
84,393
85,396
86,401
87,409
88,415
89,420
90,426
91,433
92,435
93,521
94,448
95,459
96,460
97,461
98,462
99,463
100,465
101,467
102,470
103,471
104,472
105,480
106,482
107,485
108,486
109,489
110,490
111,496
112,498
113,502
114,506
115,507
116,510
117,514
118,531
119,533
120,542
121,544
122,553
123,557
124,565
125,567
126,572
127,575
128,578
129,584
130,585
131,586
132,588
133,589
134,590
135,591
136,592
137,593
138,598
139,608
140,622
141,631
142,632
143,638
144,642
145,643
146,644
147,646
148,649
149,659
150,661
151,664
152,665
153,671
154,676
155,681
156,686
157,692
158,699
159,702
160,706
161,710
162,715
163,721
164,728
165,734
166,742
167,757
168,2572
169,768
170,774
171,779
172,782
173,788
174,792
175,795
176,801
177,805
178,807
179,808
180,810
181,813
182,818
183,820
184,823
185,824
186,826
187,829
188,831
189,833
190,834
191,842
192,847
193,849
194,852
195,859
196,862
197,864
198,869
199,870
200,876
201,879
202,881
203,882
204,883
205,887
206,896
207,907
208,908
209,910
210,914
211,919
212,922
213,933
214,935
215,937
216,940
217,945
218,948
219,950
220,954
221,955
222,965
223,970
224,972
225,973
226,976
227,980
228,985
229,987
230,990
231,991
232,1003
233,1005
234,1010
235,1011
236,1013
237,1014
238,1020
239,1022
240,1026
241,1033
242,1034
243,1039
244,1043
245,1047
246,1050
247,1053
248,1057
249,1063
250,1064
251,1067
252,1073
253,1076
254,1087
255,1090
256,1093
257,1105
258,1107
259,1110
260,1112
261,1114
262,1122
263,1124
264,1129
265,1137
266,1139
267,1141
268,1142
269,1144
270,1150
271,1153
272,2476
273,1160
274,1164
275,1165
276,1167
277,1182
278,1191
279,1193
280,1194
281,1197
282,1201
283,1202
284,1205
285,1214
286,1217
287,1218
288,1219
289,1221
290,1222
291,1224
292,1237
293,1244
294,1247
295,1248
296,1250
297,1253
298,1254
299,1257
300,1259
301,1263
302,1265
303,1268
304,1272
305,1277
306,1281
307,1288
308,1292
309,1298
310,1300
311,1305
312,1309
313,1313
314,1316
315,1317
316,1321
317,1323
318,1339
319,1341
320,1344
321,1349
322,1350
323,1355
324,1357
325,1360
326,1365
327,1366
328,1368
329,1373
330,1374
331,1379
332,1380
333,1388
334,1392
335,1394
336,1401
337,1408
338,1410
339,1421
340,1425
341,1426
342,1430
343,1432
344,1436
345,1439
346,1442
347,1461
348,1463
349,1467
350,1475
351,1480
352,1487
353,1489
354,1494
355,1495
356,1496
357,1504
358,1506
359,1513
360,1517
361,1519
362,1524
363,1528
364,1529
365,1532
366,1541
367,1549
368,1552
369,1560
370,1568
371,1570
372,1572
373,1574
374,1578
375,1580
376,1581
377,1583
378,1587
379,1590
380,1593
381,1594
382,1606
383,1609
384,1611
385,1613
386,1616
387,1623
388,1626
389,1628
390,1630
391,1636
392,1638
393,1666
394,1674
395,1675
396,1676
397,1685
398,1688
399,1694
400,1695
401,1707
402,1708
403,1712
404,1716
405,1717
406,1720
407,1727
408,1731
409,1736
410,1737
411,1738
412,1748
413,1754
414,1691
415,1767
416,1770
417,1771
418,1772
419,1776
420,1779
421,1782
422,1784
423,1788
424,1790
425,1800
426,1802
427,1804
428,1805
429,1806
430,1810
431,1814
432,1829
433,1833
434,1797
435,1844
436,1847
437,1849
438,1856
439,1860
440,1861
441,1866
442,1872
443,1874
444,1878
445,1881
446,1882
447,1885
448,1888
449,1895
450,1899
451,1903
452,1906
453,1907
454,1911
455,1920
456,1924
457,1926
458,1929
459,1936
460,1939
461,1940
462,1943
463,1952
464,1957
465,1962
466,1977
467,1979
468,1995
469,1999
470,2008
471,2020
472,2023
473,2026
474,2029
475,2037
476,2048
477,2051
478,2055
479,2063
480,2067
481,2077
482,2079
483,2083
484,2084
485,2086
486,2086
487,2088
488,2092
489,2095
490,2107
491,2123
492,2128
493,2130
494,2138
495,2144
496,2145
497,2148
498,2158
499,2160
500,2163
501,2168
502,2173
503,2175
504,2188
505,2199
506,2201
507,2203
508,2213
509,2216
510,2219
511,2220
512,2221
513,2227
514,2234
515,2240
516,2242
517,2250
518,2253
519,2255
520,2256
521,2261
522,2269
523,2273
524,2274
525,2277
526,2280
527,2284
528,2299
529,2304
530,2315
531,2318
532,2320
533,2322
534,2324
535,2330
536,2331
537,2344
538,2346
539,2353
540,2366
541,2367
542,2369
543,2376
544,2378
545,2382
546,2385
547,2387
548,2394
549,2396
550,2398
551,2402
552,2417
553,2430
554,2431
555,2442
556,2445
557,2455
558,2456
559,2458
560,2459
561,2463
562,2465
563,2468
564,2482
565,2487
566,2490
567,2492
568,2495
569,2496
570,2498
571,2507
572,2513
573,2518
574,2523
575,2526
576,2530
577,2532
578,2539
579,2540
580,2551
581,2557
582,2559
583,2564
584,2568
585,2575
586,2579
587,2600
588,2609
589,2622
590,2629
591,2633
592,2638
593,2645
594,2655
595,2662
596,2673
597,2678
598,2682
599,2693
600,2697
601,2701
602,2707
603,2720
604,2728
605,2732
606,2734
607,2743
608,2747
609,2771
610,2772
611,2775
612,2777
613,2778
614,2783
615,2788
616,2790
617,2792
618,2796
619,2800
620,2801
621,2804
622,2812
623,2815
624,2823
625,2824
626,2826
627,2828
628,2832
629,2833
630,2835
631,2836
632,2838
633,2050
634,2864
635,2878
636,2893
637,2902
638,3727
639,2912
640,2913
641,2916
642,2919
643,3791
644,2934
645,2950
646,2955
647,2958
648,2965
649,2989
650,2991
651,3001
652,3006
653,3008
654,3010
655,3011
656,3020
657,3022
658,3024
659,3027
660,3029
661,3031
662,3032
663,3039
664,3043
665,3052
666,3060
667,3075
668,3082
669,3084
670,3085
671,3097
672,3101
673,3103
674,3117
675,3126
676,3144
677,3147
678,3148
679,3149
680,3154
681,3158
682,3183
683,3196
684,3213
685,3217
686,3224
687,3229
688,3231
689,3238
690,3240
691,3241
692,3243
693,3245
694,3249
695,3251
696,3253
697,3254
698,3255
699,3257
700,3262
701,3263
702,3264
703,3354
704,3281
705,3283
706,3294
707,3297
708,3299
709,3300
710,3312
711,3313
712,3314
713,3317
714,3318
715,3326
716,3367
717,3340
718,3341
719,3351
720,3331
721,3356
722,3327
723,3319
724,3336
725,3373
726,3374
727,3375
728,3382
729,3391
730,3400
731,3401
732,3408
733,3415
734,3418
735,3419
736,3422
737,3423
738,3426
739,3434
740,3435
741,3436
742,3439
743,3442
744,3453
745,3456
746,3460
747,3470
748,3471
749,3473
750,3487
751,3490
752,3494
753,3497
754,3508
755,3525
756,3530
757,3536
758,3543
759,3544
760,3547
761,3552
762,3553
763,3557
764,3560
765,3561
766,3563
767,3567
768,3578
769,3579
770,3582
771,3590
772,3593
773,3598
774,3605
775,3607
776,3612
777,3614
778,3634
779,3636
780,3637
781,3645
782,3649
783,3650
784,3656
785,3659
786,3669
787,3671
788,3672
789,3682
790,3683
791,3684
792,3686
793,3688
794,3689
795,3693
796,3694
797,3715
798,3719
799,3726
800,3740
801,3757
802,3761
803,3763
804,3770
805,3810
806,3822
807,3831
808,3832
809,3833
810,3839
811,3785
812,5
813,14
814,13
815,15
816,4
817,24
818,2662
819,45
820,32
821,33
822,47
823,58
824,59
825,63
826,34
827,65
828,67
829,73
830,72
831,72
832,68
833,82
834,88
835,84
836,86
837,80
838,83
839,90
840,95
841,102
842,100
843,110
844,113
845,114
846,115
847,118
848,120
849,121
850,121
851,132
852,122
853,152
854,157
855,158
856,159
857,173
858,163
859,178
860,180
861,197
862,192
863,193
864,203
865,206
866,213
867,220
868,219
869,224
870,233
871,259
872,254
873,254
874,270
875,281
876,274
877,275
878,286
879,296
880,296
881,298
882,288
883,301
884,299
885,305
886,307
887,312
888,2467
889,315
890,313
891,314
892,320
893,333
894,335
895,328
896,347
897,351
898,354
899,355
900,356
901,368
902,384
903,399
904,406
905,412
906,424
907,431
908,437
909,439
910,444
911,361
912,456
913,451
914,452
915,453
916,466
917,454
918,455
919,476
920,473
921,473
922,487
923,475
924,493
925,475
926,494
927,500
928,500
929,504
930,509
931,524
932,529
933,551
934,552
935,537
936,561
937,568
938,581
939,570
940,574
941,575
942,537
943,1146
944,1145
945,601
946,605
947,615
948,619
949,625
950,608
951,626
952,630
953,621
954,635
955,637
956,641
957,611
958,658
959,613
960,613
961,614
962,674
963,614
964,675
965,683
966,691
967,685
968,699
969,704
970,708
971,709
972,707
973,720
974,719
975,722
976,738
977,749
978,2572
979,767
980,770
981,788
982,772
983,797
984,804
985,809
986,2563
987,812
988,815
989,817
990,799
991,800
992,832
993,837
994,836
995,843
996,844
997,848
998,835
999,854
1000,856
1001,858
1002,856
1003,2550
1004,864
1005,872
1006,874
1007,873
1008,875
1009,877
1010,885
1011,891
1012,893
1013,893
1014,900
1015,906
1016,900
1017,902
1018,911
1019,905
1020,913
1021,918
1022,920
1023,924
1024,926
1025,930
1026,931
1027,892
1028,944
1029,2544
1030,959
1031,960
1032,982
1033,963
1034,984
1035,994
1036,997
1037,995
1038,1001
1039,1002
1040,964
1041,1004
1042,964
1043,1007
1044,967
1045,1008
1046,1009
1047,2534
1048,1019
1049,1023
1050,1024
1051,1025
1052,1014
1053,1041
1054,1042
1055,1038
1056,1017
1057,1052
1058,1066
1059,1074
1060,1074
1061,1084
1062,1095
1063,1097
1064,1099
1065,1103
1066,1118
1067,1126
1068,1131
1069,1126
1070,1136
1071,1127
1072,1120
1073,539
1074,1149
1075,289
1076,1154
1077,840
1078,1156
1079,1158
1080,1171
1081,1170
1082,2842
1083,1176
1084,1187
1085,1120
1086,1195
1087,1121
1088,1121
1089,1203
1090,1206
1091,1207
1092,1208
1093,1225
1094,1209
1095,1210
1096,1212
1097,1214
1098,1226
1099,1227
1100,1234
1101,1246
1102,1240
1103,1236
1104,1255
1105,1260
1106,1261
1107,1267
1108,1266
1109,1262
1110,1276
1111,1230
1112,1284
1113,1281
1114,1285
1115,1295
1116,1286
1117,1297
1118,1296
1119,1642
1120,1308
1121,1303
1122,1304
1123,1327
1124,1337
1125,1336
1126,1348
1127,1335
1128,1334
1129,1354
1130,1333
1131,1331
1132,1363
1133,1364
1134,1371
1135,1377
1136,1389
1137,1393
1138,1383
1139,1383
1140,1386
1141,1402
1142,1407
1143,2984
1144,1416
1145,1412
1146,1414
1147,1412
1148,1420
1149,1424
1150,1421
1151,1428
1152,1417
1153,1429
1154,1430
1155,1433
1156,1431
1157,1446
1158,1443
1159,1451
1160,1455
1161,1458
1162,1457
1163,1462
1164,1453
1165,1469
1166,1455
1167,1470
1168,1478
1169,1485
1170,1488
1171,1492
1172,1474
1173,1497
1174,1502
1175,1505
1176,1508
1177,1515
1178,1510
1179,1524
1180,1535
1181,1534
1182,1546
1183,1565
1184,1571
1185,1567
1186,1556
1187,1577
1188,1557
1189,1559
1190,1602
1191,1604
1192,1540
1193,1477
1194,1599
1195,1629
1196,1622
1197,1631
1198,1632
1199,1634
1200,1601
1201,1649
1202,1651
1203,1646
1204,1654
1205,1684
1206,1659
1207,1663
1208,1655
1209,1681
1210,1682
1211,1683
1212,1658
1213,1692
1214,1709
1215,1710
1216,1715
1217,1719
1218,1722
1219,1657
1220,1741
1221,1744
1222,1758
1223,1762
1224,1668
1225,1765
1226,1764
1227,1669
1228,1774
1229,1669
1230,1793
1231,1793
1232,1795
1233,1781
1234,1799
1235,1813
1236,1743
1237,1822
1238,1824
1239,1826
1240,1831
1241,1825
1242,1832
1243,1828
1244,1845
1245,1850
1246,1862
1247,1851
1248,1871
1249,1865
1250,1873
1251,1875
1252,1877
1253,1853
1254,1879
1255,1671
1256,1896
1257,1900
1258,1901
1259,1908
1260,3035
1261,1916
1262,1919
1263,1933
1264,1938
1265,1935
1266,1931
1267,1945
1268,1932
1269,1946
1270,1950
1271,1970
1272,1971
1273,1961
1274,2013
1275,2019
1276,2028
1277,2035
1278,2042
1279,2040
1280,2047
1281,2017
1282,2070
1283,2074
1284,756
1285,756
1286,755
1287,2080
1288,2037
1289,2650
1290,2101
1291,2113
1292,2116
1293,2120
1294,2127
1295,2131
1296,2132
1297,2119
1298,2134
1299,2133
1300,2143
1301,2137
1302,2174
1303,2157
1304,2182
1305,255
1306,2185
1307,2195
1308,2186
1309,2197
1310,2190
1311,2206
1312,2192
1313,2210
1314,2211
1315,2218
1316,2222
1317,2212
1318,253
1319,3615
1320,2245
1321,2248
1322,2258
1323,2263
1324,2268
1325,2276
1326,2308
1327,2310
1328,2311
1329,2311
1330,2312
1331,2313
1332,2326
1333,2341
1334,2343
1335,2296
1336,2349
1337,2348
1338,2351
1339,2296
1340,2357
1341,2362
1342,2360
1343,2364
1344,2364
1345,2368
1346,2371
1347,2372
1348,2379
1349,2372
1350,2373
1351,2381
1352,2374
1353,2384
1354,2297
1355,2399
1356,2400
1357,215
1358,214
1359,2412
1360,2429
1361,2426
1362,2416
1363,2419
1364,2435
1365,2436
1366,2437
1367,2446
1368,3416
1369,2448
1370,2451
1371,2450
1372,3517
1373,3522
1374,3473
1375,2457
1376,3447
1377,2461
1378,280
1379,282
1380,283
1381,2466
1382,2472
1383,2485
1384,2480
1385,2494
1386,2481
1387,2497
1388,2491
1389,2481
1390,2481
1391,2500
1392,2503
1393,2511
1394,195
1395,446
1396,1648
1397,2197
1398,2529
1399,2531
1400,2265
1401,2532
1402,2546
1403,2549
1404,2555
1405,2578
1406,2573
1407,2574
1408,2582
1409,2575
1410,2588
1411,2585
1412,2590
1413,2595
1414,2587
1415,3157
1416,2599
1417,2611
1418,2606
1419,2607
1420,2613
1421,2620
1422,2619
1423,2636
1424,2632
1425,2646
1426,2649
1427,2648
1428,2649
1429,2659
1430,2660
1431,2671
1432,2927
1433,2927
1434,2687
1435,2689
1436,2695
1437,2709
1438,2712
1439,2695
1440,2714
1441,2719
1442,2717
1443,2705
1444,2726
1445,2037
1446,2730
1447,2731
1448,2727
1449,2037
1450,2735
1451,2736
1452,2727
1453,2739
1454,2740
1455,2040
1456,2044
1457,2742
1458,2045
1459,2046
1460,3160
1461,2762
1462,2763
1463,2768
1464,2764
1465,2779
1466,2761
1467,2761
1468,2780
1469,2786
1470,2794
1471,2795
1472,2749
1473,2803
1474,2751
1475,2807
1476,2808
1477,2814
1478,2752
1479,2816
1480,2753
1481,2817
1482,2820
1483,2822
1484,2825
1485,2755
1486,2829
1487,2757
1488,2837
1489,2760
1490,2840
1491,2838
1492,2883
1493,2857
1494,2886
1495,2889
1496,2890
1497,2900
1498,2905
1499,2911
1500,3786
1501,2923
1502,2930
1503,2929
1504,2932
1505,2947
1506,2948
1507,2954
1508,2969
1509,2952
1510,2977
1511,2979
1512,2987
1513,2990
1514,3009
1515,3014
1516,3015
1517,3016
1518,3618
1519,3017
1520,3019
1521,3584
1522,3021
1523,3602
1524,3023
1525,3025
1526,3603
1527,3028
1528,3605
1529,3030
1530,3013
1531,3033
1532,3018
1533,3808
1534,3037
1535,3038
1536,3041
1537,3054
1538,3798
1539,3799
1540,3049
1541,3070
1542,3073
1543,3050
1544,3051
1545,3077
1546,3078
1547,3079
1548,3080
1549,3063
1550,3081
1551,3064
1552,3065
1553,3083
1554,3067
1555,3805
1556,3053
1557,3088
1558,3089
1559,3072
1560,3090
1561,3072
1562,3094
1563,3141
1564,3102
1565,3105
1566,3128
1567,3107
1568,3157
1569,2744
1570,3161
1571,3235
1572,3166
1573,3173
1574,3180
1575,3186
1576,3807
1577,3194
1578,3201
1579,3209
1580,3215
1581,3176
1582,3221
1583,3223
1584,3233
1585,3232
1586,3234
1587,3237
1588,3239
1589,3246
1590,3242
1591,3244
1592,3250
1593,3252
1594,3259
1595,3261
1596,3260
1597,3258
1598,3269
1599,3320
1600,3285
1601,3288
1602,3298
1603,3303
1604,3360
1605,3306
1606,3316
1607,3322
1608,3324
1609,3337
1610,3346
1611,3365
1612,3352
1613,3291
1614,3376
1615,3381
1616,3389
1617,3395
1618,3396
1619,3398
1620,3815
1621,3403
1622,3406
1623,3412
1624,3408
1625,3480
1626,3419
1627,3481
1628,3430
1629,3432
1630,3501
1631,3504
1632,3445
1633,3448
1634,3451
1635,3458
1636,3459
1637,2460
1638,3482
1639,3472
1640,3482
1641,3499
1642,3477
1643,2454
1644,3494
1645,3496
1646,3502
1647,3510
1648,3485
1649,3515
1650,3517
1651,3445
1652,3519
1653,2994
1654,3524
1655,2995
1656,2996
1657,3526
1658,3528
1659,3529
1660,2997
1661,2998
1662,2999
1663,3547
1664,3559
1665,3557
1666,3839
1667,3569
1668,3570
1669,3572
1670,3574
1671,3571
1672,3571
1673,3575
1674,3616
1675,3617
1676,3586
1677,3588
1678,3595
1679,3603
1680,3602
1681,3619
1682,3615
1683,3621
1684,3631
1685,3632
1686,3638
1687,3639
1688,3626
1689,3640
1690,3627
1691,3643
1692,3644
1693,3629
1694,3630
1695,3646
1696,3651
1697,3652
1698,3654
1699,3647
1700,3647
1701,3660
1702,3663
1703,3662
1704,3664
1705,3667
1706,3668
1707,3665
1708,3647
1709,3674
1710,3676
1711,3673
1712,3732
1713,3678
1714,3540
1715,3685
1716,3687
1717,3690
1718,3703
1719,3700
1720,3704
1721,3705
1722,3708
1723,3827
1724,3540
1725,3724
1726,3737
1727,3751
1728,3753
1729,3750
1730,3753
1731,3781
1732,3788
1733,3034
1734,3817
1735,3698
1736,3839
1737,3833
1738,3828
1739,3837
1740,3838
1741,2110
1742,2690
1743,2937
1744,3809
1745,3099
1746,3521
1747,3484
1748,3510
1749,2988
1750,3827
1751,10
1752,47
1753,123
1754,162
1755,177
1756,261
1757,290
1758,455
1759,478
1760,546
1761,548
1762,604
1763,782
1764,951
1765,1126
1766,1133
1767,1196
1768,1200
1769,1280
1770,1296
1771,1403
1772,1404
1773,1448
1774,1604
1775,1645
1776,1659
1777,1747
1778,1968
1779,2017
1780,2089
1781,2118
1782,2232
1783,2294
1784,2347
1785,2421
1786,2433
1787,2590
1788,2631
1789,2789
1790,2827
1791,2877
1792,2892
1793,2998
1794,3007
1795,3064
1796,3066
1797,3091
1798,3108
1799,3113
1800,3138
1801,3203
1802,3232
1803,3534
1804,3539
1805,3591
1806,3641
1807,3652
1808,3662
1809,3664
1810,3733
1811,3784
1812,35
1813,32
1814,69
1815,104
1816,121
1817,121
1818,122
1819,159
1820,202
1821,208
1822,240
1823,254
1824,254
1825,1662
1826,288
1827,288
1828,301
1829,325
1830,329
1831,359
1832,365
1833,367
1834,395
1835,410
1836,398
1837,398
1838,453
1839,453
1840,453
1841,455
1842,473
1843,473
1844,474
1845,476
1846,537
1847,537
1848,558
1849,562
1850,563
1851,560
1852,537
1853,537
1854,582
1855,580
1856,582
1857,582
1858,597
1859,595
1860,608
1861,620
1862,635
1863,613
1864,675
1865,707
1866,757
1867,759
1868,773
1869,773
1870,778
1871,837
1872,864
1873,2555
1874,895
1875,901
1876,903
1877,892
1878,892
1879,927
1880,929
1881,892
1882,892
1883,2544
1884,2544
1885,949
1886,2544
1887,962
1888,987
1889,983
1890,984
1891,984
1892,995
1893,997
1894,964
1895,2534
1896,1019
1897,1026
1898,1036
1899,1018
1900,1049
1901,1049
1902,1084
1903,1092
1904,1104
1905,1119
1906,1119
1907,1126
1908,1128
1909,1120
1910,1120
1911,289
1912,2409
1913,2409
1914,1120
1915,1120
1916,1121
1917,1122
1918,1211
1919,1210
1920,1213
1921,1232
1922,1239
1923,1230
1924,1299
1925,1302
1926,1335
1927,1364
1928,1331
1929,1331
1930,1330
1931,1383
1932,1385
1933,1397
1934,1400
1935,1407
1936,1415
1937,1418
1938,1431
1939,1445
1940,1486
1941,1474
1942,1508
1943,1509
1944,1511
1945,1539
1946,1560
1947,1557
1948,1540
1949,1620
1950,1653
1951,1661
1952,1655
1953,1662
1954,1705
1955,1706
1956,1710
1957,1714
1958,1715
1959,1706
1960,1658
1961,1669
1962,1670
1963,1781
1964,1753
1965,1746
1966,1850
1967,3388
1968,1871
1969,1855
1970,1671
1971,3386
1972,3386
1973,3386
1974,1904
1975,1921
1976,1921
1977,3794
1978,1965
1979,1969
1980,1961
1981,1976
1982,1980
1983,1983
1984,1957
1985,1957
1986,2010
1987,755
1988,2033
1989,756
1990,755
1991,2037
1992,2137
1993,2137
1994,2191
1995,2215
1996,2212
1997,2212
1998,2212
1999,2224
2000,2254
2001,2248
2002,2248
2003,3616
2004,3616
2005,2314
2006,2295
2007,2295
2008,2295
2009,2340
2010,2296
2011,2296
2012,2359
2013,2360
2014,2368
2015,2372
2016,2380
2017,2312
2018,2426
2019,2419
2020,3624
2021,3479
2022,3522
2023,278
2024,283
2025,2478
2026,2480
2027,2481
2028,2500
2029,2502
2030,2197
2031,2573
2032,2580
2033,1159
2034,2587
2035,2605
2036,2605
2037,2605
2038,2613
2039,2618
2040,2925
2041,2927
2042,2684
2043,2684
2044,2695
2045,2706
2046,2706
2047,2696
2048,2035
2049,2765
2050,2805
2051,2751
2052,2807
2053,2813
2054,2807
2055,2822
2056,2821
2057,2821
2058,2759
2059,3779
2060,3785
2061,3787
2062,3790
2063,2689
2064,2974
2065,541
2066,2986
2067,3732
2068,2499
2069,3616
2070,3616
2071,3616
2072,3618
2073,3013
2074,3618
2075,3618
2076,3619
2077,3619
2078,3602
2079,3605
2080,3036
2081,3036
2082,1933
2083,3796
2084,3043
2085,3048
2086,3058
2087,3058
2088,3063
2089,3065
2090,3106
2091,3121
2092,3124
2093,3132
2094,3120
2095,3137
2096,3134
2097,3135
2098,3136
2099,2587
2100,2587
2101,3171
2102,3807
2103,3187
2104,3191
2105,3200
2106,3206
2107,3208
2108,3807
2109,3216
2110,3176
2111,3177
2112,3807
2113,3165
2114,3237
2115,3237
2116,3242
2117,3244
2118,3165
2119,3165
2120,3250
2121,3165
2122,3252
2123,3252
2124,3252
2125,3258
2126,3258
2127,3267
2128,3266
2129,3290
2130,3343
2131,3385
2132,3387
2133,3482
2134,3500
2135,3436
2136,3484
2137,3449
2138,3450
2139,3482
2140,3484
2141,3486
2142,3507
2143,3520
2144,3483
2145,3484
2146,3523
2147,2997
2148,3732
2149,3839
2150,3732
2151,3617
2152,3582
2153,3617
2154,3586
2155,3618
2156,3603
2157,3620
2158,3625
2159,3626
2160,3633
2161,3626
2162,3627
2163,3628
2164,3629
2165,3647
2166,3647
2167,3665
2168,3665
2169,3665
2170,3673
2171,3673
2172,3681
2173,3681
2174,3732
2175,3839
2176,3721
2177,3828
2178,3839
2179,3710
2180,3713
2181,3839
2182,3839
2183,3724
2184,3739
2185,3755
2186,3749
2187,3776
2188,3780
2189,3797
2190,3804
2191,3802
2192,3804
2193,3808
2194,3035
2195,3825
2196,3819
2197,3830
2198,1960
2199,2198
2200,2111
2201,2926
2202,2048
2203,3116
2204,3093
2205,3093
2206,3179
2207,3445
2208,3520
2209,3481
2210,3482
2211,3482
2212,2988
2213,3827
2214,795
2215,2106
2216,2187
2217,2440
2218,3345
2219,3769
2220,348
2221,348
2222,1037
2223,1614
2224,1615
2225,1669
2226,2090
2227,2091
2228,2212
2229,2267
2230,2453
2231,2644
2232,2644
2233,2693
2234,3036
2235,3359
2236,3467
2237,3484
2238,2986
2239,2986
2240,3774
2241,3778
2242,3802
2243,30
2244,30
2245,804
2246,31
2247,1188
2248,1190
2249,1377
2250,1399
2251,1615
2252,1726
2253,1666
2254,3387
2255,3387
2256,1888
2257,3040
2258,3040
2259,1923
2260,2044
2261,2082
2262,2137
2263,2206
2264,2187
2265,2209
2266,2209
2267,2187
2268,2187
2269,2297
2270,2503
2271,3005
2272,2510
2273,2510
2274,3005
2275,2594
2276,2594
2277,3158
2278,2595
2279,2598
2280,2641
2281,2641
2282,2101
2283,2686
2284,2686
2285,2687
2286,2688
2287,2688
2288,2677
2289,2692
2290,2737
2291,2754
2292,2758
2293,2848
2294,2849
2295,2849
2296,1175
2297,1175
2298,1175
2299,2906
2300,2907
2301,3728
2302,2932
2303,2961
2304,2962
2305,2937
2306,2971
2307,2971
2308,2938
2309,2938
2310,2972
2311,2937
2312,2975
2313,2976
2314,2982
2315,2983
2316,3618
2317,3618
2318,3012
2319,3012
2320,3605
2321,3057
2322,3057
2323,3798
2324,3060
2325,3069
2326,3069
2327,3101
2328,3101
2329,3138
2330,3138
2331,3123
2332,3123
2333,3095
2334,3095
2335,3125
2336,3096
2337,3134
2338,3203
2339,3170
2340,3170
2341,3201
2342,3165
2343,3191
2344,3165
2345,3193
2346,3193
2347,3235
2348,3205
2349,3205
2350,3167
2351,3167
2352,3171
2353,3171
2354,3211
2355,3211
2356,3172
2357,3212
2358,3212
2359,3162
2360,3228
2361,3228
2362,3162
2363,3236
2364,3236
2365,3189
2366,3190
2367,3247
2368,3247
2369,3189
2370,3289
2371,3289
2372,3286
2373,3292
2374,3292
2375,3286
2376,3308
2377,3308
2378,3370
2379,3309
2380,3273
2381,3315
2382,3315
2383,3272
2384,3272
2385,3321
2386,3321
2387,3280
2388,3325
2389,3325
2390,3379
2391,3328
2392,3328
2393,3279
2394,3379
2395,3342
2396,3275
2397,3361
2398,3361
2399,3334
2400,3369
2401,3370
2402,3271
2403,3271
2404,3417
2405,3469
2406,3484
2407,3484
2408,3484
2409,3591
2410,3632
2411,3670
2412,3677
2413,3677
2414,3699
2415,3699
2416,3828
2417,3709
2418,3701
2419,3701
2420,3711
2421,3730
2422,3730
2423,3785
2424,3763
2425,3767
2426,2441
2427,3795
2428,3795
2429,3812
2430,3793
2431,55
2432,34
2433,101
2434,559
2435,571
2436,2551
2437,2555
2438,927
2439,927
2440,964
2441,1096
2442,2854
2443,1121
2444,1454
2445,1616
2446,1666
2447,1798
2448,1967
2449,1967
2450,1964
2451,1975
2452,1975
2453,2652
2454,2105
2455,2105
2456,2105
2457,2642
2458,2642
2459,2642
2460,2112
2461,2194
2462,2190
2463,2186
2464,2191
2465,2249
2466,2260
2467,2279
2468,2276
2469,2306
2470,2297
2471,2297
2472,2454
2473,3500
2474,2505
2475,2505
2476,3004
2477,2502
2478,2597
2479,2597
2480,3158
2481,2644
2482,2644
2483,2115
2484,2654
2485,2650
2486,2672
2487,2928
2488,2928
2489,2678
2490,2926
2491,2926
2492,2672
2493,2672
2494,2727
2495,2821
2496,3778
2497,2886
2498,2886
2499,3773
2500,2893
2501,3779
2502,2906
2503,3724
2504,3727
2505,3788
2506,2924
2507,2670
2508,2689
2509,2676
2510,2674
2511,2941
2512,2939
2513,2953
2514,2953
2515,2937
2516,2953
2517,2940
2518,2953
2519,2953
2520,2938
2521,2935
2522,3577
2523,3577
2524,3798
2525,3092
2526,3092
2527,3093
2528,3093
2529,3122
2530,3122
2531,3093
2532,3092
2533,3092
2534,3117
2535,3096
2536,3096
2537,3133
2538,3133
2539,3099
2540,3112
2541,3113
2542,3092
2543,3092
2544,3092
2545,3107
2546,3107
2547,3092
2548,3092
2549,3143
2550,3143
2551,3128
2552,3100
2553,3110
2554,3098
2555,3098
2556,3141
2557,3141
2558,3137
2559,3137
2560,3137
2561,3099
2562,3099
2563,3099
2564,3135
2565,3098
2566,3098
2567,3151
2568,3138
2569,3138
2570,3100
2571,3100
2572,3167
2573,3200
2574,3167
2575,3167
2576,3208
2577,3167
2578,3167
2579,3202
2580,3202
2581,3187
2582,3165
2583,3165
2584,3194
2585,3167
2586,3167
2587,3196
2588,3168
2589,3168
2590,3169
2591,3185
2592,3185
2593,3185
2594,3162
2595,3162
2596,3162
2597,3190
2598,3190
2599,3165
2600,3165
2601,3165
2602,3190
2603,3303
2604,3273
2605,3323
2606,3323
2607,3334
2608,3336
2609,3274
2610,3338
2611,3338
2612,3372
2613,3273
2614,3480
2615,3515
2616,3481
2617,3481
2618,3426
2619,3464
2620,3483
2621,3468
2622,3465
2623,3482
2624,3467
2625,3467
2626,3466
2627,3494
2628,3493
2629,3520
2630,3839
2631,3586
2632,3586
2633,3712
2634,3701
2635,3701
2636,3715
2637,3698
2638,3737
2639,3737
2640,3737
2641,3737
2642,3745
2643,3745
2644,3745
2645,3746
2646,3746
2647,3737
2648,3751
2649,3760
2650,3768
2651,3766
2652,3755
2653,3755
2654,3768
2655,2438
2656,3750
2657,3768
2658,3771
2659,3768
2660,3777
2661,3778
2662,3772
2663,2886
2664,3034
2665,3034
2666,3800
2667,3804
2668,3802
2669,3804
2670,3797
2671,3796
2672,3796
2673,3804
2674,3803
2675,3834
2676,3698
2677,1409
2678,1409
2679,1287
2680,1838
2681,3384
2682,1980
2683,1993
2684,2095
2685,2643
2686,2106
2687,2106
2688,2640
2689,2640
2690,2107
2691,2107
2692,2640
2693,2640
2694,2640
2695,3771
2696,3771
2697,2438
2698,2440
2699,3760
2700,3760
2701,2652
2702,2640
2703,2101
2704,2642
2705,2642
2706,2652
2707,2095
2708,2888
2709,2958
2710,2937
2711,3290
2712,3271
2713,3271
2714,3307
2715,3307
2716,3307
2717,3302
2718,3301
2719,3278
2720,3278
2721,3330
2722,3279
2723,3330
2724,3330
2725,3279
2726,3331
2727,3329
2728,3293
2729,3271
2730,3271
2731,3279
2732,3339
2733,3274
2734,3345
2735,3277
2736,3277
2737,3496
2738,2856
2739,3769
2740,3769
2741,3786
2742,3813
2743,1175
2744,1175
2745,2848
2746,2848
2747,2853
2748,2101
2749,2101
2750,2640
2751,2640
2752,3763
2753,3766
2754,3766
2755,2452
2756,2502
2757,2502
2758,2670
2759,2926
2760,2930
2761,2685
2762,2687
2763,2710
2764,2706
2765,2693
2766,2706
2767,2706
2768,2704
2769,2713
2770,2704
2771,2713
2772,2707
2773,1177
2774,1184
2775,2913
2776,3781
2777,2936
2778,2977
2779,2975
2780,2965
2781,2952
2782,2952
2783,2936
2784,3096
2785,3107
2786,3128
2787,3092
2788,3092
2789,3111
2790,3112
2791,3162
2792,3166
2793,3199
2794,3199
2795,3176
2796,3162
2797,3177
2798,3162
2799,3165
2800,3190
2801,3165
2802,3286
2803,3286
2804,3287
2805,3287
2806,3310
2807,3271
2808,3311
2809,3270
2810,3359
2811,3359
2812,3359
2813,3273
2814,3273
2815,3273
2816,3273
2817,3310
2818,3363
2819,3363
2820,3270
2821,3270
2822,3270
2823,3333
2824,3277
2825,3467
2826,3483
2827,3483
2828,3468
2829,3468
2830,3486
2831,3647
2832,3647
2833,3781
2834,3788
2835,3741
2836,3745
2837,3745
2838,3767
2839,3767
2840,3774
2841,3773
2842,3774
2843,3796
2844,3797
2845,3100
2846,3774
2847,3774
2848,3773
2849,2972
2850,2972
2851,2940
2852,2940
2853,3172
2854,3172
2855,3208
2856,3208
2857,3286
2858,3286
2859,3287
2860,3273
2861,3768
2862,2442
2863,3812
2864,3794
2865,2453
2866,2453
2867,3004
2868,2502
2869,3779
2870,2953
2871,2937
2872,3096
2873,2856
2874,2640
2875,2643
2876,2643
2877,3773
2878,2974
2879,2974
2880,2937
2881,2937
2882,3179
2883,3179
2884,3163
2885,3279
2886,3279
2887,3279
2888,3331
2889,3279
2890,3331
2891,3345
2892,2452
2893,2452
2894,3500
2895,3500
2896,123
2897,183
2898,254
2899,612
2900,846
2901,871
2902,1075
2903,1140
2904,1177
2905,1240
2906,1242
2907,2015
2908,3438
2909,3438
2910,3518
2911,2647
2912,2654
2913,2670
2914,2762
2915,2759
2916,2986
2917,3018
2918,3222
2919,3237
2920,3380/3347
2921,3647
2922,3718
2923,3005/2503
2924,2584
2925,2676/2692
2926,3096/3125
2927,3166/3199
2928,3172/3211
2929,3162/3212
2930,3286/3289
2931,3271/3308
2932,3273/3309
2933,3270/3311
2934,3272/3315
2935,3275/3342
2936,2855/1178
2937,1976/1975
2938,3781/3727
2939,2670/2924
2940,3105/3092
2941,3107/3092
2942,3100/3138
2943,3162/3185
2944,3165/3190
2945,3515/3480
2946,3515/3481
2947,3700/3830
2948,3745/3737
2949,3768/3755
2950,3768/3750
2951,3802/3804
2952,3803/3804
2953,3698/3834
2954,2855/1184
2955,2640/2107
2956,2937/2958
2957,2937/2958
2958,3162/3179
2959,3290/3271
2960,3307/3271
2961,3307/3271
2962,3331/3279
2963,3279/3329
2964,3277/3345
2965,3786/3781
2966,3813/3793
2967,3814/3793
2968,2452/2453
2969,2502/3004
2970,2502/3004
2971,2926/2670
2972,2706/2693
2973,3781/2913
2974,3112/3092
2975,3162/3176
2976,3162/3176
2977,3187/3165
2978,3287/3286
2979,3273/3359
2980,3467/3483
2981,3493/3486
2982,3788/3781
2983,3745/3741
2984,3208/3172
2985,3287/3286
2986,3794/3812
2987,2502/3004
2988,3162/3224
2989,3162/3224/3176
2990,3331/3279
2991,3331/3279
2992,3277/3345
2993,3677
2994,1887
2995,2298
2996,2898
2997,104
2998,1387
2999,1721
3000,1671
3001,2276
3002,2650
3003,3792
3004,3162
3005,2411
3006,2713
3007,1838
3008,3169
3009,101
3010,540
3011,1177
3012,1287
3013,1474
3014,2444
3015,2502
3016,2687
3017,2706
3018,2759
3019,3165
3020,3307
3021,3287
3022,3301
3023,3275
3024,3363
3025,3388
3026,3647
3027,3781
3028,3794
3029,3799
3030,2937
3031,3098
3032,3098
3033,1523
3034,2640
3035,2101
3036,2676
3037,3774
3038,2674
3039,2936
3040,3798
3041,3796
3042,3096
3043,3166
3044,3162
3045,3280
3046,3828
3047,2643
3048,3004
3049,3781
3050,2938
3051,3482
3052,3493
3053,3768
3054,3768
3055,1184
3056,2855
3057,2855
3058,1409
3059,2643
3060,2107
3061,2640
3062,3271
3063,3273
3064,3278
3065,3331
3066,3331/3279
3067,3331
3068,3279
3069,3329/3279
3070,3277
3071,2856
3072,2854
3073,2453
3074,3004
3075,2693
3076,2713/2704
3077,2936
3078,2975
3079,2937
3080,3176
3081,3162
3082,3287/3286
3083,3311
3084,3270
3085,3773
3086,3797
3087,2852
3088,57
3089,1553
3090,2182
3091,2981
3092,1183
3093,1183
3094,2942
3095,2942
3096,3059
3097,3059
3098,3248
3099,3416
3100,2852
3101,3121
3102,1735
3103,3168
3104,2499
3105,3465
3106,3482
3107,3793
3108,3736
3109,2898/3779
3110,1109
3111,1135
3112,2831
3113,1176
3114,2969
3115,3796
3116,3515
3117,3165/3248
3118,3165/3190
3119,3793/3813
3120,3035/3749
3121,2713/2704
3122,3768
3123,3307/3271
3124,3331/3279
3125,3203/3168
3126,3121/3093
3127,3482/3465
3128,3768/3751
3129,2935/2982
3130,596
3131,1448
3132,2223
3133,2328
3134,2818
3135,1555
3136,1655
3137,1661
3138,2154
3139,3666
3140,3747
3141,2313
3142,3092
3143,3620
3144,1669
3145,3476
3146,3348
3147,64
3148,89
3149,239
3150,248
3151,260
3152,264
3153,326
3154,330
3155,451
3156,503
3157,549
3158,564
3159,600
3160,752
3161,868
3162,939
3163,952
3164,973
3165,1032
3166,1106
3167,1178
3168,1184
3169,1329
3170,1391
3171,1406
3172,1409
3173,1434
3174,1466
3175,1489
3176,1501
3177,1554
3178,1626
3179,1651
3180,1704
3181,1752
3182,1796
3183,1830
3184,1859
3185,1954
3186,1986
3187,1988
3188,1992
3189,2076
3190,2115
3191,2135
3192,2210
3193,2323
3194,2334
3195,2383
3196,2403
3197,2407
3198,2425
3199,2432
3200,2435
3201,2447
3202,2449
3203,2506
3204,2583
3205,1953
3206,2621
3207,2640
3208,2640
3209,2642
3210,2643
3211,2715
3212,2718
3213,2733
3214,2745
3215,2748
3216,2888
3217,2898
3218,2940
3219,2963
3220,2985
3221,3156
3222,3164
3223,3268
3224,3273
3225,3273
3226,3274
3227,3293
3228,3302
3229,3329
3230,3329
3231,3339
3232,3344
3233,3350
3234,3464
3235,3466
3236,3653
3237,3655
3238,3661
3239,3675
3240,3680
3241,3692
3242,3696
3243,3722
3244,3772
3245,3775
3246,3793
3247,3793
3248,3803
3249,3823
3250,3829
3251,1
3252,2661
3253,67
3254,80
3255,152
3256,152
3257,202
3258,208
3259,208
3260,2522
3261,247
3262,276
3263,288
3264,288
3265,2467
3266,329
3267,389
3268,395
3269,474
3270,478
3271,478
3272,537
3273,537
3274,537
3275,553
3276,537
3277,572
3278,538
3279,1146
3280,595
3281,603
3282,613
3283,613
3284,614
3285,614
3286,615
3287,770
3288,2550
3289,863
3290,2545
3291,969
3292,993
3293,1006
3294,2532
3295,1019
3296,1014
3297,1025
3298,1053
3299,1075
3300,2408
3301,1174
3302,1176
3303,1203
3304,1122
3305,1209
3306,1239
3307,1237
3308,1229
3309,1277
3310,1287
3311,1229
3312,1642
3313,1334
3314,1333
3315,1333
3316,1331
3317,1383
3318,1396
3319,1399
3320,1405
3321,1286
3322,1411
3323,1415
3324,1444
3325,1445
3326,1455
3327,1419
3328,1419
3329,1474
3330,1474
3331,1497
3332,1474
3333,1474
3334,1474
3335,1534
3336,1564
3337,1480
3338,1599
3339,1599
3340,1614
3341,1633
3342,1601
3343,1672
3344,1656
3345,1706
3346,1706
3347,1706
3348,1706
3349,1721
3350,1666
3351,1666
3352,1743
3353,1743
3354,1764
3355,1669
3356,1669
3357,2499
3358,1823
3359,1850
3360,3389
3361,1865
3362,1865
3363,3035
3364,1935
3365,1931
3366,1949
3367,1964
3368,1961
3369,1971
3370,1976
3371,1985
3372,1989
3373,1998
3374,1990
3375,1993
3376,1994
3377,1991
3378,2015
3379,2020
3380,2034
3381,2040
3382,2040
3383,2032
3384,2016
3385,756
3386,2085
3387,2109
3388,2137
3389,2137
3390,2137
3391,2137
3392,2137
3393,2137
3394,2137
3395,2188
3396,2197
3397,2264
3398,2225
3399,2225
3400,2226
3401,2226
3402,2649
3403,2649
3404,2295
3405,1991
3406,1991
3407,2339
3408,2344
3409,2357
3410,2297
3411,2380
3412,2297
3413,2297
3414,2401
3415,2406
3416,3741
3417,2427
3418,2428
3419,2426
3420,2426
3421,2416
3422,2434
3423,3417
3424,2450
3425,2462
3426,2464
3427,2478
3428,2225
3429,2516
3430,2522
3431,2528
3432,2529
3433,2549
3434,2573
3435,2581
3436,2593
3437,2605
3438,2611
3439,2612
3440,2643
3441,2653
3442,2670
3443,2672
3444,2674
3445,2674
3446,2677
3447,2925
3448,2685
3449,2693
3450,2700
3451,2704
3452,2693
3453,2693
3454,2705
3455,2707
3456,2705
3457,2705
3458,2711
3459,2711
3460,2713
3461,2716
3462,2706
3463,2035
3464,2725
3465,2725
3466,2727
3467,2738
3468,2728
3469,2744
3470,2744
3471,2746
3472,2761
3473,2761
3474,2764
3475,2751
3476,2751
3477,2807
3478,2757
3479,2841
3480,2749
3481,2855
3482,2862
3483,2033
3484,2886
3485,3781
3486,2935
3487,2936
3488,2939
3489,2937
3490,2938
3491,2977
3492,2986
3493,3732
3494,3036
3495,1933
3496,3096
3497,3092
3498,3140
3499,3163
3500,3166
3501,3166
3502,3178
3503,3176
3504,3162
3505,3177
3506,3230
3507,3162
3508,3162
3509,3162
3510,3162
3511,3235
3512,3265
3513,3267
3514,3269
3515,3269
3516,3277
3517,3282
3518,3295
3519,3349
3520,3366
3521,3333
3522,3333
3523,3284
3524,3384
3525,3035
3526,3035
3527,3387
3528,3479
3529,3481
3530,3482
3531,3479
3532,2452
3533,3493
3534,3513
3535,2994
3536,3540
3537,3732
3538,3542
3539,3542
3540,3732
3541,3546
3542,3547
3543,3545
3544,3732
3545,3626
3546,3626
3547,3642
3548,3647
3549,3648
3550,3648
3551,3648
3552,3647
3553,3657
3554,3647
3555,3658
3556,3658
3557,3660
3558,3647
3559,3665
3560,3670
3561,3670
3562,3673
3563,3732
3564,2986
3565,2986
3566,3679
3567,3681
3568,3681
3569,3541
3570,3541
3571,3718
3572,3687
3573,3718
3574,3732
3575,3691
3576,3690
3577,3732
3578,3732
3579,3695
3580,3714
3581,3697
3582,3700
3583,3702
3584,3785
3585,3724
3586,3781
3587,3781
3588,3732
3589,3743
3590,3744
3591,2412
3592,3745
3593,3745
3594,3035
3595,3768
3596,3768
3597,3773
3598,3779
3599,3779
3600,3780
3601,3796
3602,3796
3603,3796
3604,3805
3605,3035
3606,3820
3607,3819
3608,3819
3609,3819
3610,3821
3611,3821
3612,3819
3613,3839
3614,3837
3615,3828
3616,1960
3617,3005
3618,3005
3619,2937
3620,2937
3621,3100
3622,3284
3623,3445
3624,3484
3625,3698
3626,3096
3627,3004
3628,2670
3629,3190
3630,3515
3631,3271
3632,3290
3633,3301/3273
3634,3279
3635,3493
3636,3813
3637,3793
3638,2452
3639,3100
3640,3796
3641,3797
3642,1234
3643,1257
3644,1553
3645,2980
3646,54
3647,841
3648,1086
3649,1134
3650,1228
3651,1256
3652,2830
3653,3035/3749
