cat,lcat,along,x,y,elev
1,1,0,224260.2108,5193246.565,276.193429833984
2,1,10301.4021665796,234309.05972344,5192545.19557351,290.092897705078
3,2,0,210968.1306,5212830.2126,267.585304101562
4,2,2131.30943022387,213095.520178732,5212747.50325606,270.579223681641
5,3,0,211764.5807,5185401.9348,273.195343066406
6,3,4991.73324434362,216748.6859,5185260.3868,277.532566699219
7,4,0,216570.9156,5219061.7016,267.096478125
8,4,851.20565093953,215731.120251247,5219174.59129395,264.741012597656
9,5,0,219804.8852,5218910.6658,270.319611621094
10,5,317.873050383737,219487.3216,5218924.6885,269.965363476563
11,6,0,221388.261,5218848.3682,270.704388134766
12,6,1570.01966432528,222956.8153,5218780.5934,271.449403125
13,7,0,224588.611,5218706.7621,271.670226855469
14,7,507.124875334207,225095.100123425,5218681.40233575,272.071969775391
15,10,0,217336.8917,5219024.5413,268.532762548828
16,10,2152.75067288021,219487.319929067,5218924.68858369,269.965363476563
17,12,0,221357.8241,5218848.0274,270.675236425781
18,12,30.4378281140323,221388.260020277,5218848.36818903,270.704388134766
19,15,0,225095.1008,5218681.4023,272.071969775391
20,15,2337.74274024895,227430.2383,5218571.2618,272.988955664063
21,17,0,225391.0965,5218677.7228,274.404311132812
22,17,0.911259088001247,225391.139531818,5218678.63304249,274.432011767578
23,18,0,215731.1161,5219174.5921,264.741012597656
24,18,121.709858514451,215621.9812,5219218.5691,264.753830419922
25,19,0,223828.6045,5189805.761,277.366641943359
26,19,1.34149460556776,223829.311583614,5189804.62098222,277.280340234375
27,20,0,231385.0752,5211894.2473,279.465155712891
28,20,13862.4078631919,217551.2701,5212470.8243,267.465609082031
29,21,0,224991.0219,5191370.8795,280.507492089844
30,21,3666.71944259262,228654.6992,5191226.0586,282.601299169922
31,22,0,239231.4677,5164932.0479,312.663557226562
32,22,1612.59085927517,237622.809863938,5164979.71538044,305.989359960938
33,26,0,235991.8313,5164926.5626,301.511661181641
34,26,1275.0601220629,237201.3522,5164994.8982,306.005172949219
35,27,0,215313.2854,5197945.2672,274.970899804688
36,27,7600.24707230443,218379.06915694,5191656.16924829,277.477035205078
37,28,0,234496.2162,5196825.1874,289.326972363281
38,28,3469.39088147631,234352.087585287,5193362.50005633,292.844301855469
39,29,0,228399.3308,5172661.0405,284.554426464844
40,29,3445.15152645948,231839.719179265,5172495.52291234,288.174503173828
41,30,0,243495.8025,5127205.5871,307.966876464844
42,30,4377.86405288122,243648.869607891,5123130.58137748,304.867474951172
43,31,0,231720.8473,5139428.7709,295.965804345703
44,31,4312.22601521512,227413.7932,5139623.4941,294.874912792969
45,32,0,231589.0598,5134593.5164,295.99503046875
46,32,6382.63440182483,237963.070053007,5134272.46160089,302.0943046875
47,33,0,229879.8931,5133035.0064,294.848923681641
48,33,8049.44499360408,237912.340083115,5132661.42112324,302.911538525391
49,34,0,235249.5367,5166279.7497,299.347849072266
50,34,1867.46688579009,234720.2622,5164488.9649,296.665836035156
51,35,0,239293.4367,5167970.2613,314.700046875
52,35,2968.70936653857,237472.9315,5166596.3906,306.8234671875
53,36,0,214321.1748,5199811.6051,271.798721337891
54,36,5923.32242190595,220238.409540945,5199577.38810107,274.686768310547
55,37,0,215310.4537,5198010.9102,273.332506787109
56,37,2496.73285611098,217801.8187,5197899.2844,275.297149658203
57,38,0,214503.8453,5210254.2733,270.786318017578
58,38,978.51318987154,214618.5072,5211169.6817,269.922463769531
59,39,0,227696.6583,5158958.687,293.155947949219
60,39,4722.16647900019,222979.369804848,5159171.27637819,289.163707910156
61,40,0,222167.1606,5160832.2022,289.381424853516
62,40,2353.9053376764,224518.77982715,5160728.61612826,292.911479150391
63,41,0,227371.7661,5163521.8754,291.262184472656
64,41,11.4618473591535,227360.438774715,5163521.48491644,291.071572851563
65,42,0,235739.37,5158590.8278,300.167799023438
66,42,9098.64562871281,243367.22006567,5156714.67200899,331.136773828125
67,43,0,236293.0567,5202073.032,295.349041992187
68,43,12098.0335937283,224213.930025972,5202626.22177771,273.9765046875
69,45,0,234635.9039,5210168.0955,282.408399316406
70,45,819.261596477952,235453.9166,5210148.9314,284.396612841797
71,47,0,234292.2166,5207015.4949,284.138154199219
72,47,2556.89850052779,231739.309988975,5207156.16977381,280.508682714844
73,48,0,231739.3074,5207156.1699,280.508682714844
74,48,355.457433252273,231383.931,5207163.6041,279.868386914063
75,49,0,229186.9201,5207248.1234,277.518446630859
76,49,646.447671554106,228543.259561753,5207308.07568358,277.092240087891
77,51,0,231799.0604,5208647.5466,279.782717724609
78,51,1966.69495068117,233763.169271071,5208572.68190781,282.400734667969
79,52,0,233763.1737,5208572.6836,282.400734667969
80,52,425.658284739966,234188.2858,5208558.6456,283.685623681641
81,53,0,226962.6661,5208862.0054,275.758554052734
82,53,1549.40648744253,225414.869849245,5208932.5666932,274.994116992188
83,54,0,223827.2788,5209001.9797,274.292634228516
84,54,1224.99107987111,222603.5408,5209057.3484,273.735124072266
85,55,0,222563.9881,5209058.9357,273.668839746094
86,55,2416.21407961012,220150.3449,5209169.9107,271.944033398438
87,57,0,225414.8697,5208932.5667,274.994116992188
88,57,23.8810157454358,225391.0214,5208933.8163,275.112286523437
89,58,0,229404.4093,5189588.9555,282.664383691406
90,58,1594.02948656908,229315.954,5187997.3922,283.171459716797
91,59,0,227803.6573,5189651.5019,281.632204833984
92,59,1372.44838320102,226433.0936,5189704.967,280.812626953125
93,61,0,234173.9675,5189327.9471,293.280349658203
94,61,1591.06098404192,232585.149919895,5189412.07827584,287.856420263672
95,62,0,232585.1494,5189412.0783,287.856420263672
96,62,1614.656785849,230973.029855564,5189500.54635814,284.685804492188
97,63,0,230973.0288,5189500.5464,284.685804492188
98,63,1570.3857519517,229405.6911,5189589.398,282.705330029297
99,64,0,219496.0099,5210808.2728,269.256085839844
100,64,15193.9568602842,234635.898976018,5210168.09760706,282.408399316406
101,65,0,219948.9326,5165783.6968,283.171906201172
102,65,1439.82946214129,219881.6752,5164345.465,285.291888427734
103,66,0,243232.1261,5150195.9461,327.4236609375
104,66,4012.5496707194,243079.561342492,5146191.83902007,321.581747753906
105,67,0,273802.8824,5201508.0287,376.249331835938
106,67,1804.65614776444,275249.290874948,5202109.0474135,379.626428027344
107,68,0,273277.2838,5208748.795,375.605129296875
108,68,379.91138316622,273656.1964,5208753.8249,375.732042480469
109,69,0,273280.2162,5208794.3283,375.525171386719
110,69,684.617654115992,272596.8621,5208835.0419,376.064412890625
111,70,0,295905.3076,5202872.8211,441.145872949219
112,70,1411.47655114332,295898.3232,5203914.9609,443.057830664063
113,71,0,291723.4715,5201236.8803,439.61298046875
114,71,4948.53092490464,292045.132088775,5204639.14178078,441.673394238281
115,72,0,297044.4761,5197332.8258,441.267912011719
116,72,258.476825351929,297095.720123316,5197097.33008326,441.682919238281
117,73,0,273151.18,5214198.6303,375.809581933594
118,73,1047.93942379096,273921.8159,5214587.384,379.113231445313
119,74,0,272705.855,5214958.1922,375.949405957031
120,74,2025.77590810067,270703.8945,5215146.0928,377.912262890625
121,75,0,274798.5935,5189229.2953,404.551269433594
122,75,542.121240831321,274455.891563713,5188857.09502001,411.331692773438
123,76,0,270063.8727,5190926.1958,418.026763183594
124,76,1925.09775288958,271415.0168,5190669.9388,410.972756542969
125,77,0,272913.5524,5192267.3192,394.020302929688
126,77,2275.84837992757,271967.4409,5190758.127,410.9864859375
127,78,0,241075.7838,5135781.464,307.127634667969
128,78,3283.26195928419,241183.6968,5139062.5152,310.302826904297
129,80,0,211239.2034,5182058.1524,270.507767578125
130,80,8082.63996550704,219270.3259,5181954.3941,279.370314990234
131,81,0,217608.7371,5180396.814,280.253516894531
132,81,4228.28513048492,213382.389115597,5180520.75429442,277.030978710938
133,82,0,221117.8969,5186710.919,282.014655908203
134,82,9948.69083521595,211182.0917,5187088.2325,269.400244482422
135,83,0,210264.8701,5216071.0327,266.766861035156
136,83,1335.10660170703,211599.790037113,5216049.23333189,267.766130273438
137,84,0,211599.7929,5216049.2333,267.766130273438
138,84,1548.2708259835,213146.88,5215989.3308,269.018258496094
139,85,0,222962.8094,5133369.1786,289.309038574219
140,85,6801.34082529339,229748.9053,5133031.8215,295.591203955078
141,86,0,210121.5835,5217854.4351,264.401163574219
142,86,144.452992082788,210007.205,5217826.2885,261.803666308594
143,87,0,210121.5835,5217854.4351,264.401163574219
144,87,246.313881730206,210233.0163,5217696.3396,267.282178417969
145,88,0,289563.3332,5204651.1009,439.017147070313
146,88,900.289470491248,290314.3861,5204578.8869,441.481740820312
147,89,0,229885.8059,5154038.2303,296.434910595703
148,89,15093.0297840516,226313.110221621,5164703.30481489,288.958380908203
149,90,0,223922.5425,5143117.3062,290.8536140625
150,90,10901.6650304563,233503.100002914,5143732.11001682,298.408669189453
151,91,0,231356.9973,5180134.7062,286.285688232422
152,91,8182.87662231884,237284.0456,5176322.9529,298.853404833984
153,92,0,209945.6769,5214853.0584,263.726265234375
154,92,13894.862627496,211672.413470014,5209585.50980358,271.448472949219
155,93,0,219436.7925,5173048.2599,279.865001074219
156,93,4137.02808239252,219562.375,5169048.2616,283.410868359375
157,94,0,226585.4848,5137465.5517,293.732489501953
158,94,610.521939289718,226803.747084445,5138034.78998173,293.686129541016
159,95,0,226803.747084445,5138034.78998173,293.686129541016
160,95,1702.88218098947,227409.988892908,5139623.29248498,294.888251513672
161,97,0,226803.749477007,5138034.78707499,293.686129541016
162,97,9348.24099617548,235267.2203,5138758.9333,299.545027734375
163,100,0,225391.139861046,5218678.64000657,274.432011767578
164,100,0.910873700533689,225391.182874666,5218679.5498641,274.400646240234
165,102,0,211959.500164479,5179012.13828418,273.864567333984
166,102,4782.12236888887,216736.4287,5178813.352,278.715806103516
167,110,0,214333.779933732,5153286.46851636,278.425795898438
168,110,6221.23194236791,219025.689963512,5154533.2591353,288.684481347656
169,111,0,270417.020973896,5204344.3069672,371.708846191406
170,111,2901.18116113062,272841.5984,5204945.7532,374.439991113281
171,114,0,215576.790138522,5214214.58226947,267.228246826172
172,114,7225.19543272686,222792.769970957,5213867.97946419,273.612582714844
173,115,0,223834.665621525,5189798.47101522,277.363683984375
174,115,2.45458236818435,223832.4591,5189799.5463,277.432070507813
175,122,0,225391.019837027,5208933.81637017,275.112286523437
176,122,1565.22596805338,223827.279984889,5209001.97964899,274.292634228516
177,123,0,243132.4255,5166393.9986,334.307370996094
178,123,5687.60690034021,237472.920703781,5166596.20575506,306.8234671875
179,125,0,267005.9967,5204939.0897,367.607961621094
180,125,4763.63368713744,269675.880506594,5203807.38819074,371.447094726563
181,127,0,227082.2084,5170276.5456,284.232641455078
182,127,6122.07046531307,226313.086688891,5164703.31015075,288.958380908203
183,128,0,226313.086275915,5164703.30108013,288.958380908203
184,128,803.696404708746,226282.178005852,5163900.21006466,289.856484228516
185,132,0,237611.409942756,5164980.75833991,307.763930712891
186,132,410.30145995066,237201.3522,5164994.8982,306.005172949219
187,135,0,214082.280876144,5175669.22831261,277.202093847656
188,135,5703.20502498457,218965.8056,5174687.7148,280.196720361328
189,136,0,273343.643195851,5201878.3370628,375.952010449219
190,136,5636.99360503384,274399.2878,5197265.5543,379.969737304687
191,137,0,274798.5927518,5189229.30040343,404.551269433594
192,137,2553.16993547931,276361.2391,5187943.2802,414.422034375
193,138,0,223903.88997785,5189790.92155634,277.590070166016
194,138,70.4748555973909,223834.673821924,5189798.47710566,277.363683984375
195,139,0,229315.938,5187975.5232,282.542884130859
196,139,6427.78016907311,223903.890095553,5189790.92160662,277.590070166016
197,140,0,223903.890095553,5189790.92160662,277.590070166016
198,140,71.4023257854318,223834.669559532,5189798.46909615,277.363683984375
199,142,0,289778.016322809,5202427.89306638,439.377125097656
200,142,60.391842678823,289816.715,5202474.2567,439.022281640625
201,146,0,219592.049968,5169035.28874432,281.322270263672
202,146,2023.13028842193,221613.479991211,5168953.74980964,283.510266943359
203,148,0,219592.04902402,5169035.287749,281.322270263672
204,148,3708.1566329992,220693.1557,5166204.5403,282.776507080078
205,155,0,223641.1139,5189972.0849,277.035834228516
206,155,308.863984852735,223829.191930552,5189805.81822885,277.366641943359
207,157,0,228063.970351349,5175318.8902119,284.307967089844
208,157,44.0435438327392,228073.649971403,5175276.57998678,284.567969824219
209,158,0,228063.969888832,5175318.89024015,284.307967089844
210,158,9474.50419305693,236069.641891769,5173143.47050525,296.783726513672
211,161,0,228009.509056278,5131504.41088971,293.707560791016
212,161,3648.49576106297,225411.100356397,5130674.24007711,292.312297119141
213,165,0,223829.311583614,5189804.62098222,277.280340234375
214,165,5.96886748386442,223832.457692718,5189799.54856893,277.432070507813
215,166,0,223829.191930552,5189805.81822885,277.366641943359
216,166,1.20403186325974,223829.30980352,5189804.61998067,277.280340234375
217,167,0,223829.30980352,5189804.61998067,277.280340234375
218,167,5.95175197048565,223833.101816973,5189800.15179472,277.463138378906
219,169,0,233683.796043508,5147608.02015703,299.224805419922
220,169,5993.26445376896,230966.469900964,5144287.29845065,294.709211279297
221,171,0,274400.999497392,5197264.63012154,380.017176269531
222,171,5287.49892999668,275661.0471,5193448.4536,397.874207226563
223,173,0,274401.000930638,5197264.63172811,380.017176269531
224,173,3134.43383737055,274948.1667,5195409.8011,384.305509863281
225,177,0,273280.216375254,5208794.33023344,375.525171386719
226,177,194.363268196376,273283.7521,5208988.5099,375.998407617188
227,179,0,229798.089843456,5207213.97642055,277.843170996094
228,179,612.235238964852,229186.920308577,5207248.12338096,277.518446630859
229,187,0,219948.929936802,5165783.69685349,283.171906201172
230,187,1527.97831227435,221475.319808755,5165724.82612799,284.086734082031
231,189,0,228008.112191685,5176099.2279195,283.550859814453
232,189,45.3901893405006,228045.099383115,5176124.76106731,283.9217953125
233,190,0,228008.107598699,5176099.22776336,283.550859814453
234,190,1477.81685046399,228063.930986318,5175318.87223169,284.307967089844
235,192,0,292619.759473474,5207996.69042645,444.401190527344
236,192,2289.76670272909,292078.6916,5206088.0408,441.340354101563
237,193,0,219562.3655,5169048.0501,283.410868359375
238,193,9.99719099912385,219561.63512358,5169038.07962468,281.002978125
239,196,0,226195.790154833,5189711.67781275,280.753709619141
240,196,1609.69185011916,224587.81279474,5189766.63244078,279.593054882813
241,200,0,271700.738477871,5193702.17805167,390.83486015625
242,200,2375.67897646881,272913.552337478,5192267.3201533,394.020302929688
243,202,0,289487.918679946,5204833.0299628,438.838441699219
244,202,414.484751933555,289595.0669,5204478.8339,439.131000585937
245,204,0,223833.990130202,5191415.56679047,276.528479150391
246,204,1157.98427657088,224991.019983213,5191370.87957586,280.507492089844
247,205,0,219436.790000054,5173048.26000133,279.865001074219
248,205,2705.69350092245,222139.940151502,5172932.37327349,281.584244970703
249,206,0,235739.369908699,5158590.8278038,300.167799023438
250,206,6413.19048968583,242148.089943411,5158396.15921244,324.912409570312
251,207,0,238978.917250954,5127794.8326274,300.479035839844
252,207,6252.38885091147,234157.2445,5125670.8975,297.216872167969
253,209,0,238978.920045362,5127794.83042083,300.479035839844
254,209,7674.8277179279,246645.540071993,5127448.60187396,315.059690039063
255,212,0,230939.837722817,5130546.37009597,297.389438378906
256,212,2680.771542495,230821.278608996,5127870.23000888,295.633303710938
257,214,0,235615.700163498,5205361.48273801,287.839509667969
258,214,13976.7145577168,222139.4136,5206716.3394,271.658432226563
259,217,0,293444.13811132,5209094.82306832,446.304479003906
260,217,986.437578757904,292990.309379695,5208423.16032929,444.463214648438
261,219,0,227036.260214324,5208858.39436799,275.580090527344
262,219,73.6789821869745,226962.669765468,5208862.00522015,275.758554052734
263,224,0,222603.53993718,5209057.34843463,273.735124072266
264,224,39.5819478061461,222563.989824658,5209058.93563079,273.668839746094
265,230,0,222980.034,5135046.3398,288.42920390625
266,230,3837.87574895594,226726.509832147,5134779.96681033,294.248216162109
267,231,0,226726.509832147,5134779.96681033,294.248216162109
268,231,4772.18405082965,231493.459884052,5134576.65752568,295.856545898438
269,233,0,226726.506805975,5134779.97000614,294.248216162109
270,233,1464.4850379192,226782.3794,5136243.3663,294.813521191406
271,239,0,240159.410102247,5164904.02305644,314.179594921875
272,239,2024.64092148874,242180.880105798,5164824.93239024,326.677994824219
273,242,0,214658.1793,5211062.9817,270.453017431641
274,242,113.978050348581,214618.507961438,5211169.67934178,269.922463769531
275,243,0,214618.507961438,5211169.67934178,269.922463769531
276,243,4109.79964305741,214634.981,5215111.8259,267.576969726563
277,247,0,224587.707765611,5189766.57072863,279.593054882813
278,247,693.76137033143,223903.88997785,5189790.92155634,277.590070166016
279,250,0,222956.820148367,5218780.59317332,271.449403125
280,250,822.795391385714,223778.7177,5218742.1657,271.749608056641
281,253,0,221357.819889309,5218848.02759369,270.675236425781
282,253,617.37507207199,220741.0516,5218875.373,270.684761425781
283,256,0,235223.78009551,5166290.46997051,299.375735742187
284,256,4581.26318596867,230944.459982533,5166085.70968465,288.548750097656
285,258,0,239239.339931664,5164932.00788278,312.568046777344
286,258,702.226980621286,239939.1081,5164911.3059,312.904249511719
287,259,0,232147.8243,5127380.2044,296.193250927734
288,259,4335.46208079184,234130.026150775,5129572.22013609,297.751630224609
289,260,0,234130.026150775,5129572.22013609,297.751630224609
290,260,1514.87052777466,234187.97529965,5131085.94031835,297.873632080078
291,262,0,234130.029825772,5129572.2203852,297.751630224609
292,262,1782.32041831058,235893.039882645,5129569.75583285,299.118579345703
293,263,0,225390.229986115,5218678.67970662,274.434969726562
294,263,0.907809181769522,225391.136780315,5218678.63679055,274.432011767578
295,265,0,234485.358591656,5200551.35827228,286.494661523438
296,265,175.201936281024,234621.1593,5200440.661,287.233351318359
297,268,0,227036.439773718,5208858.81518837,275.580090527344
298,268,1574.56819299274,228609.4364,5208788.6593,276.474677783203
299,271,0,218965.805428285,5174687.71016954,280.196720361328
300,271,785.561676426226,218942.7955,5173902.4927,280.709879736328
301,273,0,270634.346543052,5205415.12955213,373.888843359375
302,273,1199.994662634,270416.8994,5204344.6814,371.708846191406
303,280,0,241183.696699848,5139062.51993013,310.302826904297
304,280,1511.78601772136,241231.504893055,5140572.13015459,311.451482373047
305,284,0,237472.919788149,5166596.20580126,306.8234671875
306,284,1181.58681839834,236292.5931,5166650.4234,303.969855322266
307,290,0,231383.930117508,5207163.60412514,279.868386914063
308,290,608.896732044985,230775.2645,5207180.3691,278.913003369141
309,292,0,238561.290088848,5131016.69196822,302.688184716797
310,292,10549.3421850709,228023.6236,5131504.2438,293.832836865234
311,294,0,222271.5724,5144733.8469,289.348515234375
312,294,9174.07166270948,230966.469583757,5144287.30073355,294.709211279297
313,295,0,230966.469583757,5144287.30073355,294.709211279297
314,295,3237.0632369081,231219.6883,5147458.6152,297.059672460938
315,305,0,230775.259977648,5207180.36923154,278.913003369141
316,305,978.882902503416,229798.0926,5207213.9763,277.843170996094
317,308,0,272913.552337478,5192267.3201533,394.020302929688
318,308,931.399070316099,273659.049031295,5191793.01932428,394.310331738281
319,309,0,273659.049031295,5191793.01932428,394.310331738281
320,309,3133.90189337589,274798.5927518,5189229.30040343,404.551269433594
321,311,0,273659.049889648,5191793.02420982,394.310331738281
322,311,2089.02729202236,273868.309722813,5193338.57010798,396.450517382813
323,313,0,217390.120042589,5165906.70144572,281.812212451172
324,313,2564.13840737614,219948.929936802,5165783.69685349,283.171906201172
325,315,0,213382.389115597,5180520.75429442,277.030978710938
326,315,0.519123117869144,213381.87,5180520.7515,277.030978710938
327,318,0,244987.45869191,5123069.88114537,306.612075439453
328,318,3683.66834771473,245085.229431378,5126733.98001637,310.562271533203
329,321,0,240109.617921193,5165003.20946106,313.842648046875
330,321,121.871433626507,240159.4088,5164904.0231,314.179594921875
331,323,0,219804.889835075,5218910.66562526,270.319611621094
332,323,936.82529617035,220741.050115208,5218875.37305597,270.684761425781
333,326,0,239939.110493916,5164911.30621216,312.904249511719
334,326,231.466566211518,240109.6169,5165003.2134,313.842648046875
335,334,0,242772.450167019,5164796.99368361,330.932581640625
336,334,293.320777930014,243065.469900842,5164783.70781306,336.081997558594
337,335,0,242180.880105798,5164824.93239024,326.677994824219
338,335,0.0766691954581512,242180.9567,5164824.929,326.677994824219
339,336,0,242180.880111798,5164824.9323672,326.677994824219
340,336,0.0799109294941541,242180.959933757,5164824.92859737,326.677994824219
341,339,0,242972.439800978,5142171.22839155,316.768348535156
342,339,1517.68561254963,244488.475,5142112.0271,322.963802929688
343,340,0,242972.439735027,5142171.23052529,316.768348535156
344,340,4107.37061878546,243079.892780189,5146178.45859757,321.620629101563
345,345,0,229405.689935186,5189589.39803849,282.705330029297
346,345,1.26063370284409,229404.429989122,5189589.43967078,282.583104931641
347,349,0,251912.260009974,5201949.35629196,368.9478984375
348,349,3662.50021511677,250325.276654966,5200001.35969673,365.329998339844
349,358,0,230717.450094011,5183863.31211344,286.223831542969
350,358,1616.9623530341,232330.3179,5183800.4515,287.490024023438
351,361,0,213146.880089747,5215989.3307898,269.018258496094
352,361,301.109802389038,213447.23,5215968.9341,269.096449072266
353,364,0,269675.881248323,5203807.38839842,371.447094726563
354,364,1005.51035576507,270417.019899465,5204344.30662218,371.708846191406
355,366,0,269675.987486465,5203806.99904911,371.427523828125
356,366,8136.35172527875,271187.7962,5197449.0706,377.348687988281
357,368,0,235624.199812284,5213322.915877,282.336794384766
358,368,22084.8952487736,215207.5108,5215892.7807,267.409407861328
359,374,0,243079.892822533,5146178.45990886,321.620629101563
360,374,13.3625527162535,243080.3241,5146191.8155,321.642134765625
361,381,0,234879.6771371,5206148.9802409,285.507633398438
362,381,792.214204373094,234942.481606888,5206938.65986924,285.167337890625
363,384,0,266468.549720376,5204190.32766622,374.859239941406
364,384,97.6012689711482,266516.425634267,5204124.94820582,372.426830273438
365,386,0,237918.930117626,5132660.2317733,303.335401025391
366,386,3047.282572582,240963.0374,5132533.4569,304.800725537109
367,394,0,273277.284100198,5208748.79973594,375.605129296875
368,394,45.6248226307569,273280.216375254,5208794.33023344,375.525171386719
369,395,0,213382.390185941,5180520.5944061,277.030978710938
370,395,0.526283726328635,213381.864370225,5180520.61659602,277.030978710938
371,401,0,223925.63958851,5143111.21966703,290.943283007813
372,401,11622.1753698823,233425.72144294,5141732.30992352,298.404036914062
373,404,0,240364.670064363,5159576.09121251,317.605618359375
374,404,7102.89084872756,234993.822205949,5161858.91005506,302.349582128906
375,410,0,215293.319709235,5198613.1990678,273.524699707031
376,410,3635.11033868084,218557.628997424,5198086.39056184,276.001906640625
377,411,0,215310.453677082,5198010.90979296,273.332506787109
378,411,611.612383881294,215292.716927814,5198612.40405923,273.524699707031
379,415,0,233103.714945491,5202242.37199646,282.539219238281
380,415,2196.86558760012,234468.210082768,5200585.20011339,286.084119140625
381,422,0,234942.910389478,5206967.01095102,285.104904492188
382,422,39.8837093278958,234903.2831,5206969.9942,285.089891455078
383,426,0,223833.101816973,5189800.15179472,277.463138378906
384,426,2.29218135666033,223834.669660679,5189798.47968184,277.363683984375
385,430,0,219783.4501,5189993.7839,278.763319482422
386,430,7618.7744439153,220114.279109213,5197596.89927619,275.432136767578
387,431,0,220114.279109213,5197596.89927619,275.432136767578
388,431,4924.62074689769,215310.453677082,5198010.90979296,273.332506787109
389,432,0,220113.471086026,5197596.13885689,275.469976318359
390,432,1.11069889550627,220114.276315823,5197596.90387781,275.432136767578
391,434,0,228063.930986318,5175318.87223169,284.307967089844
392,434,0.0428685236593577,228063.969888832,5175318.89024015,284.307967089844
393,435,0,228063.771067074,5175319.22064355,284.307967089844
394,435,0.385874721812889,228063.970351349,5175318.8902119,284.307967089844
395,437,0,223778.719814263,5218742.16561054,271.749608056641
396,437,787.357669538193,224565.3259,5218707.7898,271.640851904297
397,439,0,234643.380972236,5210166.34140524,282.073554638672
398,439,1713.6462760073,234763.4998,5208551.853,286.661442041016
399,442,0,228307.360126787,5184782.62360258,282.998019140625
400,442,3108.25222998461,230717.4459,5183863.3123,286.223831542969
401,444,0,228307.361770826,5184782.62112299,282.998019140625
402,444,2046.88752217061,229044.031023014,5183165.83995779,283.993753710938
403,446,0,229315.93797608,5187975.5200152,282.542884130859
404,446,4330.16195011063,232183.690058612,5186206.88724175,288.475024365234
405,448,0,234903.280266877,5206969.99437291,285.089891455078
406,448,307.010022781944,234596.8404,5206988.6963,284.704835888672
407,453,0,228609.439960741,5208788.65913786,276.474677783203
408,453,3192.85003046102,231799.05971732,5208647.54665774,279.782717724609
409,456,0,220150.340035748,5209169.91089442,271.944033398438
410,456,821.485501791481,219335.6016,5209208.9814,269.609347998047
411,458,0,242171.710102461,5168038.78210959,326.998458984375
412,458,1614.05796068251,240559.319838175,5168111.81518118,321.717218554688
413,459,0,295617.201247781,5199829.08805365,441.118302539063
414,459,7011.75636259169,291723.470548466,5201236.88088782,439.61298046875
415,460,0,291723.470548466,5201236.88088782,439.61298046875
416,460,1031.77340917212,291008.880013672,5201681.12039953,439.491573925781
417,461,0,224565.329983219,5218707.78961978,271.640851904297
418,461,23.3027743764081,224588.610094449,5218706.76213997,271.670226855469
419,464,0,216731.619972012,5219055.60926172,267.841679150391
420,464,160.815354040824,216570.920054255,5219061.70143114,267.096478125
421,467,0,211510.390816377,5185902.24900812,269.539919677734
422,467,10205.6262097698,219410.199878103,5183559.06645911,278.758668603516
423,471,0,226433.089918103,5189704.96710413,280.812626953125
424,471,237.391993090469,226195.7928,5189711.678,280.753709619141
425,474,0,234993.499744151,5161871.94514485,299.960127978516
426,474,8026.45164960282,243013.636,5161566.9449,328.235816015625
427,477,0,224741.068645238,5200064.02983099,275.448228808594
428,477,5852.58856170111,227600.038471789,5196110.1799605,280.527081591797
429,480,0,224587.830214031,5189766.56376179,279.593054882813
430,480,0.120374282776276,224587.710034113,5189766.57059956,279.593054882813
431,481,0,224587.81279474,5189766.63244078,279.593054882813
432,481,0.101440238551796,224587.7141,5189766.609,279.593054882813
433,484,0,219111.610150929,5208174.24981446,270.492903369141
434,484,10135.4134884438,220229.2509,5199615.9633,278.784006591797
435,485,0,273343.6413,5201878.335,375.952010449219
436,485,683.615955947465,273127.588520679,5201253.15059817,375.976195019531
437,486,0,273127.557540179,5201252.13007467,375.998444824219
438,486,2667.73997632044,272674.9353,5199668.5465,379.724766210938
439,487,0,273127.559483725,5201252.12953785,375.998444824219
440,487,688.379812966417,273586.689116681,5200739.22920929,377.013303808594
441,489,0,213815.887156342,5177148.95021492,275.623939013672
442,489,3055.93467064721,216657.269969103,5177205.049325,280.321512744141
443,493,0,266086.392258689,5204654.31261126,366.150859863281
444,493,830.831816350725,266468.5461,5204190.3281,374.859239941406
445,496,0,236590.399963186,5139200.9995827,299.521643115234
446,496,4546.81915899922,241119.099460175,5139003.1461109,309.92951015625
447,497,0,247517.092,5135490.6422,320.704740820313
448,497,1.00800056741145,247518.100000529,5135490.64192244,320.836751367188
449,498,0,247518.100000529,5135490.64192244,320.836751367188
450,498,1966.90428608057,249481.5761,5135413.78,332.923343847656
451,499,0,246607.081233669,5140399.78098972,327.465221191406
452,499,5270.66664690086,247518.098187862,5135490.64009252,320.836751367188
453,501,0,209864.56041244,5219362.19316372,261.251197705078
454,501,2360.33034107841,212221.0592,5219238.7821,267.889192529297
455,504,0,222011.219850547,5161160.86587147,288.589752246094
456,504,4507.12546632418,226175.580267819,5161465.54454916,293.687264355469
457,506,0,64102.2589318155,5148911.40251507,
458,506,2133.3011387439,66231.8679999998,5148829.5237,
459,509,0,210233.019989581,5217696.33951993,267.282178417969
460,509,2451.02799075567,212682.866,5217621.7356,268.687990283203
461,512,0,224740.599371685,5176937.6001211,280.862651806641
462,512,5092.66453991309,227023.2475,5174222.7611,283.189802783203
463,513,0,223733.117058974,5177067.03791248,280.31568984375
464,513,1648.64239423024,224740.499967148,5176938.20019885,280.8726046875
465,514,0,224740.500816644,5176938.20033919,280.8726046875
466,514,8037.14903231161,228008.107598699,5176099.22776336,283.550859814453
467,516,0,214505.079721027,5173293.91559867,277.865830078125
468,516,4937.94469922845,219436.790000054,5173048.26000133,279.865001074219
469,518,0,229992.230286599,5155938.0102818,296.788730859375
470,518,13.3447742340442,229981.8548,5155946.0875,296.501771630859
471,526,0,242180.959933757,5164824.92859737,326.677994824219
472,526,592.146951543107,242772.4476,5164796.9938,330.932581640625
473,528,0,272865.290079943,5205443.31048687,374.499596777344
474,528,1562.47540864769,273704.69,5206168.6852,375.342559277344
475,529,0,272852.286609649,5204946.31004397,374.321933203125
476,529,497.26773459469,272865.289905766,5205443.31000171,374.499596777344
477,530,0,272865.289905766,5205443.31000171,374.499596777344
478,530,3546.771898969,273277.284100198,5208748.79973594,375.605129296875
479,532,0,219496.009411251,5210808.27269316,269.256085839844
480,532,423.487407677004,219436.9328,5210478.4806,269.260680908203
481,533,0,247518.098187862,5135490.64009252,320.836751367188
482,533,4990.27942666106,248004.295663967,5130611.01933492,317.425350292969
483,534,0,248004.295663967,5130611.01933492,317.425350292969
484,534,8490.78725775849,248725.2115,5122841.6143,
485,536,0,248004.29995286,5130611.01891519,317.425350292969
486,536,2522.09831928885,250218.3219,5130976.4359,324.100366113281
487,540,0,234114.799027201,5158665.34396688,298.0330828125
488,540,1659.52233795029,235739.369908699,5158590.8278038,300.167799023438
489,541,0,229885.806277306,5154038.22895539,296.434910595703
490,541,15093.1303187517,226313.110221621,5164703.30481489,288.958380908203
491,542,0,226313.110221621,5164703.30481489,288.958380908203
492,542,15093.028707512,229885.806277306,5154038.22895539,296.434910595703
493,544,0,215292.709667065,5198612.40956059,273.524699707031
494,544,4622.23541817234,213406.3633,5202223.2775,266.311595800781
495,550,0,229404.425854237,5189589.43980741,282.583104931641
496,550,1601.98779558391,227803.660076276,5189651.50178111,281.632204833984
497,554,0,218203.050034113,5159391.7709743,284.626626708984
498,554,3635.14285617183,221833.970173604,5159221.32456189,290.183961914063
499,561,0,274399.291300487,5197265.55241488,379.969737304687
500,561,1.94177737936618,274401.000930638,5197264.63172811,380.017176269531
501,563,0,219561.634893945,5169038.0764899,281.002978125
502,563,1606.18970208478,219480.2282,5167433.9703,284.554445068359
503,565,0,219561.860002376,5169038.06002414,281.002978125
504,565,30.3234885415107,219592.049968,5169035.28874432,281.322270263672
505,569,0,272857.889967543,5204946.48065257,374.340759960938
506,569,4178.8255788389,273343.643195851,5201878.3370628,375.952010449219
507,572,0,210410.870619144,5190295.14862346,275.421272314453
508,572,10964.8399108231,221352.678,5189891.0619,279.941870800781
509,577,0,213381.859864373,5180520.61678617,277.030978710938
510,577,2678.56198398211,211190.9205,5181319.7739,271.065742822266
511,581,0,234596.839680074,5206988.69636333,284.704835888672
512,581,305.869419858439,234292.220338964,5207015.49462603,284.138154199219
513,583,0,231561.358806895,5180589.24134085,286.626709277344
514,583,5239.03433411728,235562.6064,5181208.3572,295.027629052734
515,585,0,210264.870096423,5216071.03270013,266.766861035156
516,585,98.4022661633651,210169.830706366,5216086.17124104,261.809117138672
517,586,0,233217.370390045,5136109.52507758,296.587254785156
518,586,10300.3206078609,222927.380287497,5136552.08434123,288.266646386719
519,587,0,231589.061727983,5134593.51800529,295.99503046875
520,587,2225.01528821545,233217.37438892,5136109.52542403,296.587254785156
521,588,0,233217.37438892,5136109.52542403,296.587254785156
522,588,12246.6790633178,242972.439735027,5142171.23052529,316.768348535156
523,593,0,225391.143374399,5218678.63647847,274.432011767578
524,593,0.907809181449738,225392.050168598,5218678.5935624,274.461219287109
525,595,0,231414.209988178,5200743.38178402,282.032087402344
526,595,4557.57570809292,227568.0694,5199926.8319,277.879280419922
527,596,0,220114.276315823,5197596.90387781,275.432136767578
528,596,1999.24140660557,220238.4112,5199577.3877,274.686768310547
529,597,0,220238.4112,5199577.3877,274.686768310547
530,597,730.906059236654,220967.420002949,5199566.06042951,277.009045166016
531,604,0,240903.507118082,5130931.53012269,305.102400146484
532,604,1603.10674122406,240963.039906717,5132533.45682632,304.800725537109
533,605,0,240963.039906717,5132533.45682632,304.800725537109
534,605,4805.99755852987,242682.5322,5135691.2465,312.231769628906
535,607,0,243079.561342492,5146191.83902007,321.581747753906
536,607,13.3631280889026,243079.226424811,5146178.48008963,321.60299296875
537,608,0,217469.7036,5162686.5414,283.714552148438
538,608,8023.25709820909,222979.368016074,5159171.27897962,289.163707910156
539,609,0,222979.368016074,5159171.27897962,289.163707910156
540,609,1782.67175276728,223596.9967,5157537.2617,291.978066357422
541,612,0,228543.257958993,5207308.07655331,277.092240087891
542,612,2164.88701596289,227036.263000441,5208858.39279851,275.580090527344
543,617,0,242078.878242313,5148676.60997239,318.346187109375
544,617,1756.52189604703,241623.820666204,5150306.29051225,315.309721289063
545,618,0,241623.820666204,5150306.29051225,315.309721289063
546,618,1493.91558478505,243110.5476,5150252.8377,326.238207714844
547,619,0,221645.898714862,5148023.52895807,288.231634570313
548,619,20844.7359943326,241623.817017405,5150306.29404655,315.309721289063
549,620,0,241623.817017405,5150306.29404655,315.309721289063
550,620,4603.12104196278,242982.377139319,5154081.27011245,326.739312011719
551,621,0,228009.5118,5131504.4138,293.707560791016
552,621,2461.21194850361,229879.893151592,5133035.0064013,294.848923681641
553,622,0,229879.893151592,5133035.0064013,294.848923681641
554,622,2313.3461825588,231589.061727983,5134593.51800529,295.99503046875
555,623,0,229885.806277306,5154038.22895539,296.434910595703
556,623,3.49573086012669,229887.2705669,5154035.122101,296.485474951172
557,624,0,229887.2705669,5154035.122101,296.485474951172
558,624,15100.6472674091,226313.1062,5164703.305,288.958380908203
559,625,0,230690.168,5153995.2125,297.048584765625
560,625,803.947294776429,229887.270559995,5154035.12210419,296.485474951172
561,626,0,229887.270559995,5154035.12210419,296.485474951172
562,626,3.49572336426127,229885.806277306,5154038.22895539,296.434910595703
563,627,0,273126.61952723,5201253.17957679,375.964623632813
564,627,1.40929060026516,273127.559483725,5201252.12953785,375.998444824219
565,628,0,273127.588520679,5201253.15059817,375.976195019531
566,628,1.02099363694338,273127.557540179,5201252.13007467,375.998444824219
567,633,0,272680.7727,5214293.9852,375.766161328125
568,633,512.50776427572,273151.179895089,5214198.63004279,375.809581933594
569,634,0,273151.179895089,5214198.63004279,375.809581933594
570,634,1018.377894527,272981.072101367,5213234.14096231,375.809991210938
571,636,0,217336.890076148,5219024.54138902,268.532762548828
572,636,606.06899635541,216731.6216,5219055.6092,267.841679150391
573,639,0,224648.060102667,5184921.22372552,280.120669189453
574,639,3662.1504146557,228307.360126787,5184782.62360258,282.998019140625
575,641,0,213710.159992287,5204715.62989053,265.248888574219
576,641,1121.28651752347,214829.1889,5204648.3235,272.293165576172
577,643,0,243680.390193695,5138081.07480025,315.610502929688
578,643,4920.68619683886,241075.780217195,5135781.4641859,307.127634667969
579,644,0,241075.780217195,5135781.4641859,307.127634667969
580,644,7870.23888214105,233217.370390045,5136109.52507758,296.587254785156
581,650,0,227430.240098887,5218571.26169506,272.988955664063
582,650,305.949403165771,227735.670191091,5218553.44327554,272.803329785156
583,655,0,214068.280103642,5195067.58486805,276.150102246094
584,655,1579.54861522398,212771.962948643,5195519.9698991,275.443615136719
585,657,0,273983.217457557,5216506.85258392,377.171322070312
586,657,2127.44974197708,272705.854928484,5214958.19017951,375.949405957031
587,658,0,272705.854928484,5214958.19017951,375.949405957031
588,658,664.673824785429,272680.772877863,5214293.98989088,375.766161328125
589,661,0,234942.482100553,5206938.66980599,285.167337890625
590,661,29.1549072456487,234942.919025109,5206967.00901786,285.104904492188
591,665,0,266513.53756507,5204066.19011967,374.551984277344
592,665,7001.92704557939,268458.658808158,5199128.09006055,387.34632890625
593,666,0,266516.425634267,5204124.94820582,372.426830273438
594,666,58.8243150403101,266513.5378,5204066.1949,374.551984277344
595,667,0,266513.5378,5204066.1949,374.551984277344
596,667,58.8218951363256,266516.4249,5204124.9459,372.426830273438
597,669,0,246803.250000838,5129061.83002046,315.204425390625
598,669,9306.45431562494,238978.917250954,5127794.8326274,300.479035839844
