cat,lcat,along,x,y
1,1,0,214068.2833,5195067.5848
2,1,1579.55331408192,212771.963,5195519.9714
3,2,0,239231.4677,5164932.0479
4,2,1612.59152350062,237622.8092,5164979.7154
5,3,0,227371.7661,5163521.8754
6,3,11.4648100061867,227360.4359,5163521.4842
7,5,0,229404.4093,5189588.9555
8,5,1594.01950946646,229315.954474111,5187997.40216583
9,6,0,219948.9326,5165783.6968
10,6,1439.79342925011,219881.676747657,5164345.50099964
11,7,0,295905.3076,5202872.8211
12,7,1411.47655114332,295898.3232,5203914.9609
13,8,0,289778.0151,5202427.8916
14,8,60.3937520098186,289816.715,5202474.2567
15,9,0,273151.18,5214198.6303
16,9,1047.91687799073,273921.800515301,5214587.40048102
17,10,0,274798.5935,5189229.2953
18,10,542.111700112102,274455.900666245,5188857.09787819
19,11,0,241183.6968,5139062.5152
20,11,1511.76076386629,241231.505839898,5140572.1001845
21,12,0,289563.3332,5204651.1009
22,12,900.289470491248,290314.3861,5204578.8869
23,13,0,228008.1098,5176099.2254
24,13,45.3977253019357,228045.1029,5176124.7631
25,14,0,242972.4365,5142171.2288
26,14,1517.68893870167,244488.475,5142112.0271
27,15,0,234114.7959,5158665.3432
28,15,1659.52564918912,235739.37,5158590.8278
29,16,0,225390.2259,5218678.6799
30,16,0.876899926050876,225391.101819503,5218678.63844515
31,18,0,225391.0965,5218677.7228
32,18,0.876386674911086,225391.13788506,5218678.59820898
33,20,0,223828.6045,5189805.761
34,20,1.33725861476228,223829.309350881,5189804.62458201
35,22,0,223641.1139,5189972.0849
36,22,308.824176996654,223829.18803342,5189805.85784548
37,23,0,223903.890755004,5189790.9215674
38,23,6.32717085414235,223897.60909219,5189791.26932525
39,24,0,223897.60909219,5189791.26932525
40,24,0.695750642298275,223896.929881888,5189791.42013083
41,25,0,223896.929881888,5189791.42013083
42,25,14.6498872806861,223882.501709834,5189792.14744578
43,26,0,223882.501709834,5189792.14744578
44,26,7.93010553995669,223874.720425793,5189792.97749794
45,27,0,223874.720425793,5189792.97749794
46,27,14.5946080034492,223860.417387801,5189795.06595088
47,28,0,223860.417387801,5189795.06595088
48,28,14.5185058617747,223845.918344055,5189795.81744466
49,29,0,223845.918344055,5189795.81744466
50,29,11.5330283580321,223834.873365045,5189798.36977739
51,30,0,223903.890755004,5189790.9215674
52,30,6.29138759226437,223897.60909219,5189791.26932525
53,31,0,223897.60909219,5189791.26932525
54,31,0.713525293690837,223896.929881888,5189791.42013083
55,32,0,223896.929881888,5189791.42013083
56,32,14.9572537179355,223882.501709834,5189792.14744578
57,33,0,223882.501709834,5189792.14744578
58,33,8.17247296126495,223874.720425793,5189792.97749794
59,34,0,223874.720425793,5189792.97749794
60,34,15.0510986123055,223860.417387801,5189795.06595088
61,35,0,223860.417387801,5189795.06595088
62,35,14.5430424407303,223845.918344055,5189795.81744466
63,36,0,223845.918344055,5189795.81744466
64,36,11.4474881135351,223834.873365045,5189798.36977739
65,38,0,273126.617,5201253.1824
66,38,1.41023767535591,273127.557588166,5201252.13165541
67,43,0,220238.4112,5199577.3877
68,43,730.885785051132,220967.399729242,5199566.06056872
69,44,0,220113.4685,5197596.1364
70,44,1.11352979498097,220114.27578213,5197596.90337077
71,48,0,241623.817630923,5150306.29449875
72,48,1493.86448385955,243110.50159782,5150252.83955811
73,49,0,291723.4715,5201236.8803
74,49,1031.75385533646,291008.900673875,5201681.11969254
75,50,0,271700.7356,5193702.1803
76,50,98.7672802506072,271756.941122296,5193667.41338619
77,51,0,271756.941122296,5193667.41338619
78,51,0.201341160944018,271756.941122296,5193667.41338619
79,52,0,240903.5069,5130931.525
80,52,1603.10936075198,240963.0374,5132533.4569
81,53,0,230690.168,5153995.2125
82,53,803.913160256792,229887.303546339,5154035.11332544
83,54,0,229885.8059,5154038.2303
84,54,408.312192878256,229906.973,5154445.9909
85,55,0,229906.973,5154445.9909
86,55,408.309628878972,229885.8059,5154038.2303
87,56,0,229887.2702,5154035.1222
88,56,3.46916818089479,229885.813351105,5154038.2037464
89,57,0,230032.6523,5157200.4192
90,57,3.17531918288573,230033.239205613,5157203.53980791
91,58,0,230033.239205613,5157203.53980791
92,58,3.32723892071483,230033.8914,5157206.8025
93,59,0,230049.9911,5157230.8839
94,59,10.5536489557493,230060.504388895,5157231.79785557
95,60,0,230060.504388895,5157231.79785557
96,60,6.10908947753922,230066.6134,5157231.8288
97,61,0,230042.7778,5157226.058
98,61,8.6787676368961,230049.9911,5157230.8839
99,62,0,230060.504388895,5157231.79785557
100,62,6.10909118688741,230066.6134,5157231.8288
101,63,0,230045.7089,5157774.1921
102,63,8.01406804159578,230037.94439266,5157772.20832587
103,64,0,229854.689056925,5158085.90228649
104,64,12.0806224558696,229851.0959,5158097.3681
105,65,0,230013.8932,5157760.301
106,65,26.8373783164111,230037.94439266,5157772.20832587
107,66,0,230037.94439266,5157772.20832587
108,66,8.01392126384628,230045.7089,5157774.1921
109,67,0,230066.0991,5157769.1474
110,67,26.2562852946565,230074.0895,5157744.5799
111,68,0,229851.829755602,5158107.59635152
112,68,7.59037837687476,229853.1327,5158115.073
113,69,0,229851.0959,5158097.3681
114,69,10.2563466203304,229851.829755602,5158107.59635152
115,70,0,229851.829755602,5158107.59635152
116,70,7.5935797540894,229853.1327,5158115.073
117,71,0,227163.0089,5163998.3461
118,71,48.9705603017487,227148.1553,5164043.5063
119,72,0,230032.6523,5157200.4192
120,72,3.17562419801442,230033.239205613,5157203.53980791
121,73,0,230033.239205613,5157203.53980791
122,73,3.3272386766819,230033.8914,5157206.8025
123,74,0,230082.0242,5157722.2604
124,74,21.2697576748749,230074.5598,5157742.1735
125,75,0,230066.6134,5157231.8288
126,75,16.6617010080809,230049.9911,5157230.8839
127,76,0,230049.9911,5157230.8839
128,76,8.67963375964441,230042.7778,5157226.058
129,77,0,230033.8914,5157206.8025
130,77,21.2291925113462,230042.7778,5157226.058
131,78,0,230042.7778,5157226.058
132,78,8.68234368023836,230049.9911,5157230.8839
133,79,0,230049.9911,5157230.8839
134,79,10.5527394953062,230060.504188411,5157231.79783814
135,81,0,230049.9911,5157230.8839
136,81,10.5528967284157,230060.504188411,5157231.79783814
137,82,0,230060.504188411,5157231.79783814
138,82,6.10929004695749,230066.6134,5157231.8288
139,83,0,230074.0895,5157744.5799
140,83,18.2056705092736,230070.596835691,5157762.4473958
141,84,0,230070.596835691,5157762.4473958
142,84,8.06967673717458,230066.0991,5157769.1474
143,85,0,230070.596835691,5157762.4473958
144,85,8.07259928822379,230066.0991,5157769.1474
145,86,0,230066.0991,5157769.1474
146,86,21.8836040663616,230045.7089,5157774.1921
147,88,0,230045.7089,5157774.1921
148,88,8.06815734678981,230037.894707562,5157772.18372765
149,89,0,230013.8932,5157760.301
150,89,611.413634940578,229859.466,5158077.578
151,90,0,229859.466,5158077.578
152,90,9.32673594598259,229854.81436663,5158085.65158121
153,91,0,229854.81436663,5158085.65158121
154,91,0.280277824226123,229854.689056925,5158085.90228649
155,92,0,229859.466,5158077.578
156,92,21.6711371534782,229851.0959,5158097.3681
157,93,0,229851.553307186,5158105.66810586
158,93,8.31369563563946,229851.0959,5158097.3681
159,94,0,229851.0959,5158097.3681
160,94,8.31399965615141,229851.553307186,5158105.66810586
161,95,0,229851.0959,5158097.3681
162,95,8.60274331137296,229853.066763158,5158088.99852168
163,96,0,229853.066763158,5158088.99852168
164,96,3.49549845194936,229854.689056925,5158085.90228649
165,97,0,229854.81436663,5158085.65158121
166,97,3.77716075865034,229853.066763158,5158088.99852168
167,98,0,229853.066763158,5158088.99852168
168,98,8.59849654693217,229851.0959,5158097.3681
169,99,0,229854.689056925,5158085.90228649
170,99,3.63091761172877,229856.3742,5158082.6861
171,100,0,229859.466,5158077.578
172,100,5.97092227845103,229856.3742,5158082.6861
173,101,0,229856.3742,5158082.6861
174,101,3.35069529230368,229854.81436663,5158085.65158121
175,102,0,230082.0242,5157722.2604
176,102,21.266142550727,230074.5598,5157742.1735
177,103,0,230074.5598,5157742.1735
178,103,2.45192639640901,230074.0895,5157744.5799
179,104,0,230074.0895,5157744.5799
180,104,17.9927337345894,230070.637684805,5157762.23842313
181,105,0,230070.637684805,5157762.23842313
182,105,0.212927748866284,230070.596835691,5157762.4473958
183,106,0,230074.0895,5157744.5799
184,106,17.9927357935105,230070.637684805,5157762.23842313
185,107,0,230070.637684805,5157762.23842313
186,107,8.26636034900175,230066.0991,5157769.1474
187,109,0,230037.860438139,5157772.16676145
188,109,26.7436870845144,230013.8932,5157760.301
189,110,0,230045.7089,5157774.1921
190,110,8.10557522988072,230037.860438139,5157772.16676145
191,112,0,230037.860330262,5157772.16673362
192,112,26.7435780556906,230013.8932,5157760.301
193,114,0,230037.860330262,5157772.16673362
194,114,26.7435809320601,230013.8932,5157760.301
195,115,0,229851.0959,5158097.3681
196,115,9.35324845246915,229851.70144496,5158106.70137645
197,116,0,229851.553307186,5158105.66810586
198,116,1.04383567299461,229851.70144496,5158106.70137645
199,117,0,229851.70144496,5158106.70137645
200,117,0.90412608822554,229851.829755602,5158107.59635152
201,118,0,229853.1327,5158115.073
202,118,8.02018491194185,229851.742248693,5158107.17769007
203,119,0,229851.742248693,5158107.17769007
204,119,1.52136234435072,229851.553307186,5158105.66810586
205,120,0,229851.70144496,5158106.70137645
206,120,0.478058165967341,229851.742248693,5158107.17769007
207,121,0,229851.742248693,5158107.17769007
208,121,8.0275028629088,229853.1327,5158115.073
209,123,0,224260.2108,5193246.565
210,123,10301.403345434,234309.0609,5192545.1955
211,124,0,251912.263,5201949.3563
212,124,3662.4651743582,250325.273221125,5200001.39757219
213,125,0,210968.1306,5212830.2126
214,125,2131.28946028753,213095.500238814,5212747.50435061
215,126,0,219111.6121,5208174.2514
216,126,10135.3768319363,220229.252908152,5199616.00241752
217,127,0,211959.4972,5179012.138
218,127,4782.0945735934,216736.397956126,5178813.35334689
219,128,0,231385.0752,5211894.2473
220,128,13862.406139222,217551.271246064,5212470.82558787
221,129,0,213815.8868,5177148.9455
222,129,3055.94213276688,216657.2727,5177205.0492
223,130,0,240364.6703,5159576.0912
224,130,7102.88158683056,234993.822442931,5161858.90056015
225,131,0,215313.2854,5197945.2672
226,131,7600.24464596831,218379.067542187,5191656.17105928
227,132,0,215293.3164,5198613.2001
228,132,3635.10786273196,218557.626092368,5198086.38537792
229,133,0,234496.2162,5196825.1874
230,133,3469.39064828144,234352.087590725,5193362.50028946
231,134,0,228399.3308,5172661.0405
232,134,3445.12685131979,231839.695429204,5172495.51621928
233,135,0,223925.6394,5143111.2199
234,135,11622.1646249585,233425.720858336,5141732.29889439
235,136,0,218203.0493,5159391.771
236,136,3635.14521830846,221833.9718,5159221.3245
237,137,0,243495.8025,5127205.5871
238,137,4377.8677876893,243648.8732,5123130.5824
239,138,0,238561.2916,5131016.6919
240,138,10549.343697762,228023.6236,5131504.2438
241,139,0,238978.9156,5127794.8309
242,139,7674.79221852621,246645.500130942,5127448.60340839
243,140,0,235223.781,5166290.4729
244,140,4581.22576007846,230944.500412393,5166085.70744523
245,141,0,226803.7471,5138034.7875
246,141,9348.22844018253,235267.205505273,5138758.93558862
247,142,0,230939.8379,5130546.3743
248,142,2680.77715916379,230821.2786,5127870.2286
249,143,0,227696.6583,5158958.687
250,143,4722.1375985395,222979.398643476,5159171.2748243
251,144,0,222011.2163,5161160.866
252,144,4507.13325870599,226175.5845,5161465.5443
253,145,0,234130.0261,5129572.2187
254,145,1782.28339729617,235892.998788758,5129569.75699013
255,146,0,233103.7145,5202242.3731
256,146,2196.85870060357,234468.203558869,5200585.2048755
257,147,0,266513.5378,5204066.1949
258,147,7001.91981487945,268458.659417916,5199128.10206188
259,148,0,217390.1182,5165906.7015
260,148,2564.1102568137,219948.899948899,5165783.6974558
261,149,0,219948.9326,5165783.6968
262,149,1527.95715283381,221475.301335569,5165724.82704041
263,150,0,241623.817630923,5150306.29449875
264,150,4603.1243705029,242982.3773,5154081.2742
265,151,0,242078.8783,5148676.6063
266,151,1756.53057982075,241623.817611798,5150306.29448466
267,152,0,222980.034,5135046.3398
268,152,3837.86418623256,226726.4982854,5134779.96741797
269,153,0,226726.506800134,5134779.96696989
270,153,4772.19190827058,231493.4647,5134576.6573
271,154,0,214333.7803,5153286.4685
272,154,6221.23314623281,219025.6908,5154533.2591
273,155,0,273983.2191,5216506.8542
274,155,2127.43997286086,272705.855505128,5214958.20223886
275,156,0,272705.855,5214958.1922
276,156,2025.7707822903,270703.899619146,5215146.0925387
277,157,0,273659.0457,5191793.0241
278,157,3133.90916674346,274798.592962214,5189229.29896821
279,158,0,273659.0457,5191793.0241
280,158,2089.03555269256,273868.3112,5193338.5739
281,159,0,243680.3902,5138081.0748
282,159,4920.66830269868,241075.798093598,5135781.46325835
283,160,0,241075.7838,5135781.464
284,160,7870.21493323665,233217.397840532,5136109.52725272
285,161,0,233217.374355305,5136109.52539179
286,161,10300.3059508659,222927.398881451,5136552.08310984
287,162,0,237918.9267,5132660.232
288,162,3047.24576323349,240962.997257987,5132533.45962628
289,163,0,240963.0374,5132533.4569
290,163,4805.9517730248,242682.529392466,5135691.19828837
291,164,0,221117.8969,5186710.919
292,164,9948.6695513245,211182.110980576,5187088.22348538
293,165,0,222962.8094,5133369.1786
294,165,6801.33853158014,229748.903028068,5133031.82181535
295,166,0,292619.7601,5207996.6912
296,166,2289.76198318344,292078.697302764,5206088.04117358
297,167,0,295617.2021,5199829.0886
298,167,7011.75621111834,291723.47152582,5201236.88026275
299,168,0,232147.8243,5127380.2044
300,168,4335.44103326102,234130.025407081,5129572.19910171
301,169,0,234130.0261,5129572.2187
302,169,1514.83340766894,234187.972694203,5131085.90184938
303,170,0,219436.7925,5173048.2599
304,170,4136.98856084217,219562.376838756,5169048.30107875
305,171,0,219592.0466,5169035.2888
306,171,3708.15927505703,220693.1557,5166204.5403
307,172,0,246803.2505,5129061.83
308,172,9306.4572046708,238978.9156,5127794.8309
309,173,0,226313.1062,5164703.305
310,173,1541.11061185675,227148.1553,5164043.5063
311,174,0,223830.093744897,5189803.35991811
312,174,4.54465318167003,223832.510383957,5189799.52130824
313,175,0,271756.941122296,5193667.41338619
314,175,2276.71496241293,272913.5524,5192267.3192
315,176,0,229853.1327,5158115.073
316,176,8687.84516497763,227163.0089,5163998.3461
317,177,0,230082.0242,5157722.2604
318,177,838.801540498437,230066.6134,5157231.8288
319,178,0,227148.1553,5164043.5063
320,178,48.8734032290027,227163.0089,5163998.3461
321,180,0,209864.598462121,5219362.18820335
322,180,2360.291969429,212221.0592,5219238.7821
323,182,0,210121.572412082,5217854.41609744
324,182,144.430991189742,210007.205,5217826.2885
325,183,0,212682.866,5217621.7356
326,183,2451.03918512705,210233.008967793,5217696.34119612
327,184,0,210233.008967793,5217696.34119612
328,184,246.328378701415,210121.572412082,5217854.41609744
329,185,0,210169.8299,5216086.1717
330,185,98.4337007931534,210264.900597939,5216071.03213248
331,187,0,210410.876866247,5190295.15143329
332,187,10964.8330608994,221352.678,5189891.0619
333,188,0,209945.6769,5214853.0584
334,188,5165.10938128374,210968.100044002,5212827.98997693
335,189,0,210968.100044002,5212827.98997693
336,189,8729.75625460434,211672.4133,5209585.5068
337,193,0,211239.21278956,5182058.15507296
338,193,8082.60415418542,219270.299860631,5181954.39479757
339,195,0,211510.372244519,5185902.23372241
340,195,10205.6011242039,219410.198846562,5183559.06649462
341,196,0,210264.900597939,5216071.03213248
342,196,1335.08705957947,211599.800994366,5216049.23305652
343,199,0,211764.604234337,5185401.93165159
344,199,4991.70950034394,216748.6859,5185260.3868
345,203,0,211599.800994366,5216049.23305652
346,203,1548.28607755776,213146.903200298,5215989.3281637
347,204,0,213146.903200298,5215989.3281637
348,204,301.05844872177,213447.201947476,5215968.93563317
349,205,0,213382.3927,5180520.5943
350,205,0.492502186636289,213381.900635782,5180520.61506558
351,209,0,213381.892210596,5180520.61542113
352,209,2678.59435899465,211190.9205,5181319.7739
353,210,0,213382.399169136,5180520.75434854
354,210,0.498916163736827,213381.900260201,5180520.75166289
355,214,0,213710.201897964,5204715.62693799
356,214,1121.24450796207,214829.1889,5204648.3235
357,216,0,214318.998466123,5199808.39766926
358,216,3057.62986737855,213406.374910122,5202223.2683084
359,218,0,214321.200013359,5199811.60503308
360,218,5923.28513869194,220238.397809116,5199577.39093716
361,220,0,214503.848549602,5210254.28212721
362,220,978.503783516216,214618.5072,5211169.6817
363,222,0,214505.100903601,5173293.91425604
364,222,4937.9259761465,219436.7925,5173048.2599
365,225,0,214618.508207955,5211169.69953615
366,225,4109.74854005776,214634.991279075,5215111.79690801
367,229,0,214658.175952811,5211062.98905221
368,229,113.972450166295,214618.5072,5211169.6817
369,232,0,215310.4537,5198010.9102
370,232,611.623017100613,215292.708127662,5198612.41072697
371,235,0,215292.70422203,5198612.41368621
372,235,1564.58391119172,214318.998466123,5199808.39766926
373,237,0,215310.500325713,5198010.90838989
374,237,2496.66672108545,217801.799251352,5197899.28539707
375,239,0,220114.27578213,5197596.90337077
376,239,4858.83975327189,215314.104022877,5197951.33077005
377,240,0,215314.104022877,5197951.33077005
378,240,65.7685443104866,215310.453273826,5198010.90263089
379,242,0,215576.798885189,5214214.5817356
380,242,7225.18970327179,222792.773,5213867.9793
381,244,0,215731.099085231,5219174.59585526
382,244,121.692434267738,215621.9812,5219218.5691
383,245,0,216570.90008245,5219061.70218543
384,245,851.211775375098,215731.099085231,5219174.59585526
385,247,0,216731.600379272,5219055.61000448
386,247,160.815733271218,216570.90008245,5219061.70218543
387,250,0,217336.901804507,5219024.54085368
388,250,606.101972976788,216731.600379272,5219055.61000448
389,253,0,217608.700309958,5180396.81477196
390,253,4228.23827866093,213382.399169136,5180520.75434854
391,258,0,214082.28436001,5175669.23012153
392,258,5703.21609684553,218965.805044224,5174687.69981294
393,259,0,218965.805044224,5174687.69981294
394,259,785.543904793826,218942.795681254,5173902.5001057
395,265,0,219436.798364984,5173048.25966227
396,265,2705.64378493394,222139.89885152,5172932.37518491
397,269,0,219487.299479531,5218924.68960786
398,269,2152.72008335364,217336.901804507,5219024.54085368
399,270,0,219496.006126512,5210808.27197508
400,270,423.484045365051,219436.9328,5210478.4806
401,271,0,219562.3655,5169048.0501
402,271,9.95751874195032,219561.638021962,5169038.11919092
403,272,0,219561.636420714,5169038.09733204
404,272,1606.18237155823,219480.22963456,5167433.99849204
405,277,0,219561.895718785,5169038.05650831
406,277,30.2373609725873,219591.999745773,5169035.2900242
407,278,0,219591.999745773,5169035.2900242
408,278,2023.18073596632,221613.4802,5168953.7498
409,280,0,219783.451065334,5189993.80253493
410,280,7618.74317161571,220114.287062821,5197596.88948781
411,281,0,219804.89869151,5218910.66529138
412,281,317.908699672135,219487.299479531,5218924.68960786
413,285,0,220114.28682762,5197596.91386471
414,285,1999.22690708988,220238.4112,5199577.3877
415,287,0,220150.300498589,5209169.91247465
416,287,821.444950725759,219335.602572939,5209208.98153557
417,292,0,220741.098763654,5218875.37098998
418,292,936.865125757111,219804.89869151,5218910.66529138
419,295,0,221357.801308639,5218848.02844841
420,295,617.309265287779,220741.098763654,5218875.37098998
421,296,0,221388.298614635,5218848.36663804
422,296,30.4992704112236,221357.801308639,5218848.02844841
423,300,0,221645.91339072,5148023.51085658
424,300,20844.7025248573,241623.808833978,5150306.28801477
425,305,0,222167.200020302,5160832.20045993
426,305,2353.86875470056,224518.7827,5160728.616
427,307,0,222271.574296906,5144733.84791751
428,307,9174.06538962094,230966.466,5144287.2987
429,308,0,222564.001411248,5209058.9351658
430,308,2416.27183843466,220150.300498589,5209169.91247465
431,309,0,222603.502004834,5209057.3499569
432,309,39.5323890104235,222564.001411248,5209058.9351658
433,312,0,222956.799748388,5218780.59405859
434,312,1569.96645172271,221388.298614635,5218848.36663804
435,313,0,217469.7036,5162686.5414
436,313,8023.2530340272,222979.366157214,5159171.28259378
437,314,0,222979.366157214,5159171.28259378
438,314,1782.63915581159,223596.988713133,5157537.29748057
439,318,0,223778.698438424,5218742.16660057
440,318,822.796527982863,222956.799748388,5218780.59405859
441,319,0,223827.299088473,5209001.97882657
442,319,1225.0502135289,222603.502004834,5209057.3499569
443,320,0,223829.18803342,5189805.85784548
444,320,1.23921616797697,223829.309350881,5189804.62458201
445,321,0,223829.317763898,5189804.61101786
446,321,1.47220824325151,223830.093744897,5189803.35991811
447,323,0,223829.311656244,5189804.60114664
448,323,1.53503743707478,223830.093744897,5189803.35991811
449,324,0,223830.093744897,5189803.35991811
450,324,4.46162371583604,223833.145479283,5189800.10522866
451,325,0,223833.145479283,5189800.10522866
452,325,2.24549074809575,223834.684574931,5189798.47132194
453,326,0,223832.510383957,5189799.52130824
454,326,2.41573972585269,223834.68198829,5189798.46303935
455,330,0,223834.68198829,5189798.46303935
456,330,0.212891650299993,223834.873365045,5189798.36977739
457,331,0,223834.684574931,5189798.47132194
458,331,0.214366514540444,223834.873365045,5189798.36977739
459,334,0,223922.5425,5143117.3062
460,334,1.99645410229351,223924.505888932,5143117.6680465
461,335,0,223924.505888932,5143117.6680465
462,335,10899.668674887,233503.1001,5143732.11
463,338,0,224565.29958782,5218707.79100582
464,338,787.352728516829,223778.698438424,5218742.16660057
465,340,0,224587.698365003,5189766.57126349
466,340,693.742240146234,223903.899691241,5189790.92169458
467,344,0,224588.598351902,5218706.76265823
468,344,23.3214473870106,224565.29958782,5218707.79100582
469,346,0,224648.100623052,5184921.22260886
470,346,3662.10995214562,228307.3602,5184782.6236
471,347,0,223733.129238469,5177067.02075326
472,347,1648.62135191307,224740.499967148,5176938.20019885
473,349,0,224740.599371685,5176937.6001211
474,349,5092.65368191203,227023.239243249,5174222.7540486
475,352,0,224740.500816644,5176938.20033919
476,352,8037.15226204993,228008.1098,5176099.2254
477,354,0,224741.072790162,5200063.99660553
478,354,5852.53405187088,227600.037928506,5196110.20098031
479,355,0,223834.001328795,5191415.56724477
480,355,1157.95229345969,224990.999224159,5191370.88039748
481,356,0,224990.999224159,5191370.88039748
482,356,3666.74131456549,228654.698379008,5191226.05863217
483,357,0,225095.100123425,5218681.40233575
484,357,507.137535745062,224588.598351902,5218706.76265823
485,358,0,225391.140595072,5218678.65553326
486,358,0.89586616740128,225391.1829,5218679.5504
487,359,0,225391.00077342,5208933.8172261
488,359,1565.18776396307,223827.299088473,5209001.97882657
489,363,0,225391.154374545,5218678.63595786
490,363,0.900231964814274,225392.0536,5218678.5934
491,366,0,226962.6661,5208862.0054
492,366,1549.37788483217,225414.898422178,5208932.56539057
493,367,0,225414.898422178,5208932.56539057
494,367,23.930415115011,225391.00077342,5208933.8172261
495,369,0,226195.799372571,5189711.67781412
496,369,1609.72102195992,224587.793389696,5189766.62783193
497,371,0,226313.086255229,5164703.30062579
498,371,803.699216263331,226282.1779,5163900.2068
499,372,0,226433.098791432,5189704.96681096
500,372,237.394296133808,226195.799372571,5189711.67781412
501,374,0,226585.504040089,5137465.59833312
502,374,610.466872624254,226803.746461239,5138034.78545903
503,377,0,226726.506863655,5134779.99998679
504,377,1464.45505721355,226782.3794,5136243.3663
505,381,0,226803.747019806,5138034.80029471
506,381,1702.87264189509,227409.9896,5139623.2928
507,385,0,227036.2616,5208858.3943
508,385,73.6499154995245,226962.700182905,5208862.00372766
509,388,0,227082.202180344,5170276.54589548
510,388,6122.07377347391,226313.086255229,5164703.30062579
511,392,0,227735.6732,5218553.4431
512,392,305.994076240753,227430.19847745,5218571.2634593
513,393,0,227430.19847745,5218571.2634593
514,393,2337.70356066446,225095.100123425,5218681.40233575
515,396,0,227803.700003051,5189651.50007125
516,396,1372.48593051938,226433.098791432,5189704.96681096
517,398,0,228008.118376686,5176099.21461806
518,398,1477.81866638955,228063.948067725,5175318.88013889
519,401,0,228009.499359296,5131504.40060403
520,401,3648.44252955465,225411.108623355,5130674.20186564
521,402,0,228009.5118,5131504.4138
522,402,10.8674335503019,228017.980810668,5131511.2238639
523,403,0,228017.980810668,5131511.2238639
524,403,2450.34449167433,229879.89313408,5133035.00638596
525,406,0,228063.787913515,5175319.19271061
526,406,0.353033659586362,228063.970237085,5175318.89040136
527,409,0,228063.973930468,5175318.88427739
528,409,44.0394470069236,228073.651160676,5175276.57741501
529,411,0,228063.998406881,5175318.90344151
530,411,9474.43346229507,236069.631749724,5173143.5084796
531,417,0,228307.38228896,5184782.58876832
532,417,2046.84976831125,229044.031,5183165.8394
533,418,0,228543.297143743,5207308.07186787
534,418,2164.9066585065,227036.276621349,5208858.37819475
535,419,0,227036.4374,5208858.8153
536,419,1574.53306467384,228609.398909503,5208788.6603306
537,422,0,229186.902336065,5207248.12505619
538,422,646.392055383557,228543.297143743,5207308.07186787
539,423,0,223903.90124561,5189790.92094347
540,423,6427.7924840546,229315.93782362,5187975.49971592
541,424,0,229315.93782362,5187975.49971592
542,424,4330.14439226641,232183.6928,5186206.8873
543,428,0,229404.401342116,5189589.44061736
544,428,1601.923306714,227803.700003051,5189651.50007125
545,429,0,229405.699868704,5189589.39753327
546,429,1.28603295181924,229404.414544868,5189589.44018111
547,431,0,229798.098900598,5207213.97601124
548,431,612.262355772632,229186.902336065,5207248.12505619
549,434,0,229879.893854738,5133035.00701708
550,434,2313.34277856448,231589.059861584,5134593.51638846
551,436,0,229879.901252892,5133035.00304092
552,436,8049.39776077459,237912.301772794,5132661.42395804
553,438,0,229887.303561228,5154035.11319835
554,438,2.02796039948911,229889.2615,5154034.5849
555,440,0,230032.6523,5157200.4192
556,440,1255.43366700687,229976.13893642,5155946.29823579
557,441,0,229976.13893642,5155946.29823579
558,441,1501.9057128691,229906.973,5154445.9909
559,444,0,229992.220539334,5155938.02019517
560,444,13.2952779079207,229981.887014888,5155946.07236364
561,445,0,228307.400610404,5184782.62250389
562,445,3108.17744585929,230717.415860977,5183863.32882754
563,446,0,230717.415860977,5183863.32882754
564,446,1616.98140470024,232330.298477721,5183800.45211747
565,447,0,230775.299153808,5207180.36817849
566,447,978.915785615035,229798.098900598,5207213.97601124
567,451,0,230966.492276931,5144287.31361047
568,451,3237.0223043653,231219.687852749,5147458.60036625
569,454,0,230973.002832163,5189500.54793429
570,454,1570.35095771074,229405.699868704,5189589.39753327
571,457,0,231356.997410266,5180134.69995428
572,457,8182.83632127767,237284.012388901,5176322.94536863
573,458,0,231383.900141831,5207163.60497902
574,458,608.832078150203,230775.299153808,5207180.36817849
575,460,0,231414.20012114,5200743.38171863
576,460,4557.56584083742,227568.0694,5199926.8319
577,463,0,231561.361266792,5180589.2435297
578,463,5239.03104137824,235562.6064,5181208.3572
579,466,0,231589.074681498,5134593.52922667
580,466,2224.99810358205,233217.374355305,5136109.52539179
581,468,0,231589.101605208,5134593.50856601
582,468,6382.5949175971,237963.0731,5134272.4615
583,470,0,231720.799139554,5139428.77240151
584,470,4312.17143071123,227413.799587026,5139623.49368248
585,471,0,231739.299671532,5207156.16998458
586,471,355.480575006838,231383.900141831,5207163.60497902
587,472,0,228609.398909503,5208788.6603306
588,472,3192.93284514548,231799.10143975,5208647.54529552
589,476,0,234173.9675,5189327.9471
590,476,1591.11096759622,232585.099937112,5189412.0784443
591,477,0,232585.099937112,5189412.0784443
592,477,1614.63439226831,230973.002832163,5189500.54793429
593,478,0,236293.0567,5202073.032
594,478,3195.73421120793,233103.514700602,5202244.8730804
595,479,0,233103.514700602,5202244.8730804
596,479,8902.30090865502,224213.9285,5202626.2218
597,486,0,233683.795250983,5147608.00018848
598,486,5993.21453060325,230966.499778886,5144287.29654082
599,487,0,231799.10143975,5208647.54529552
600,487,1966.68962531351,233763.199911718,5208572.70013991
601,488,0,233763.199911718,5208572.70013991
602,488,425.627290826945,234188.2858,5208558.6456
603,493,0,234292.199739095,5207015.49599969
604,493,2556.89192477836,231739.299671532,5207156.16998458
605,497,0,234485.363034054,5200551.35465108
606,497,175.196204966149,234621.1593,5200440.661
607,498,0,234596.799987262,5206988.69985521
608,498,305.850219465462,234292.199739095,5207015.49599969
609,500,0,234635.898976018,5210168.09760706
610,500,15193.9607228877,219496.006126512,5210808.27197508
611,501,0,234635.9039,5210168.0955
612,501,6.51224983434631,234642.094831508,5210170.11583784
613,502,0,234642.094831508,5210170.11583784
614,502,812.733822904074,235453.90108522,5210148.93192735
615,504,0,234643.413213615,5210166.3190985
616,504,1713.57200524104,234763.476562368,5208551.87925952
617,508,0,234879.678948808,5206149.00177138
618,508,792.197444540294,234942.482,5206938.6647
619,509,0,234903.299665684,5206969.99336528
620,509,307.070016694356,234596.799987262,5206988.69985521
621,512,0,234942.485017091,5206938.70138383
622,512,29.1303445685334,234942.913950927,5206967.01405461
623,515,0,234942.905332951,5206967.01302186
624,515,39.8616584838302,234903.299665684,5206969.99336528
625,517,0,234993.502371677,5161871.94500639
626,517,8026.41528444151,243013.60230734,5161566.94656935
627,520,0,235249.519802794,5166279.69399333
628,520,1867.36530562137,234720.272939007,5164489.00691652
629,525,0,235615.698973459,5205361.48280907
630,525,13976.7133655587,222139.4136,5206716.3394
631,527,0,235624.20072098,5213322.91583563
632,527,22084.8961584104,215207.5108,5215892.7807
633,530,0,235739.401085381,5158590.82652816
634,530,6413.162251129,242148.0929,5158396.159
635,532,0,235739.368891922,5158590.8013008
636,532,9098.59813691436,243367.199107423,5156714.67269408
637,537,0,233217.375027655,5136109.52603665
638,537,4576.53453135709,236589.194107497,5139202.20591331
639,539,0,236590.399963186,5139200.9995827
640,539,4546.82142029852,241119.1017,5139003.1458
641,541,0,237201.399881236,5164994.89655583
642,541,1275.10783163847,235991.8313,5164926.5626
643,547,0,237472.890276684,5166596.20729028
644,547,1181.54912730585,236292.601230424,5166650.42296437
645,548,0,237611.398576966,5164980.75873183
646,548,410.242377830018,237201.399881236,5164994.89655583
647,554,0,238978.893681585,5127794.82546064
648,554,6252.36387818734,234157.2445,5125670.8975
649,556,0,239293.398615633,5167970.26271401
650,556,2968.67125593012,237472.9315,5166596.3906
651,557,0,239239.3363,5164932.008
652,557,702.221254499527,239939.103002475,5164911.29805024
653,558,0,239939.103002475,5164911.29805024
654,558,231.487070038469,240109.619090862,5165003.20494941
655,559,0,240109.619090862,5165003.20494941
656,559,121.861198548274,240159.403277589,5164904.02385864
657,560,0,240159.403277589,5164904.02385864
658,560,2024.66910575172,242180.901391968,5164824.93144807
659,566,0,241075.785170569,5135781.50055599
660,566,3283.21022952777,241183.696563041,5139062.50005377
661,576,0,242171.699156899,5168038.78264121
662,576,1614.05054238672,240559.3163,5168111.8153
663,582,0,242181.001258423,5164824.92664569
664,582,592.057741324481,242772.399813773,5164796.99605685
665,583,0,242772.399813773,5164796.99605685
666,583,293.375891063889,243065.4746,5164783.7076
667,584,0,236589.194107497,5139202.20591331
668,584,7670.09442208586,242972.395785165,5142171.20835563
669,585,0,242972.395785165,5142171.20835563
670,585,4107.43886494896,243079.893394104,5146178.47760898
671,592,0,243079.894123281,5146178.50018977
672,592,13.3059810502482,243080.323574892,5146191.79923872
673,595,0,243079.56082883,5146191.81853154
674,595,13.3058473081635,243079.227346767,5146178.51686388
675,598,0,243132.39999031,5166393.99979276
676,598,5687.60175025086,237472.900342212,5166596.20678242
677,600,0,243232.124506758,5150195.89916805
678,600,4012.52320670431,243079.56082883,5146191.81853154
679,605,0,244987.485963066,5123069.91229083
680,605,3683.62933480331,245085.2295,5126733.9824
681,608,0,246607.079303314,5140399.78339587
682,608,5270.6678988971,247518.098281317,5135490.64192291
683,610,0,247517.10001162,5135490.64219779
684,610,0.998269735118894,247518.098281317,5135490.64192291
685,613,0,247518.093550832,5135490.54927212
686,613,4990.18872562732,248004.2957,5130611.0191
687,616,0,247518.100011544,5135490.64192243
688,616,1966.90427506616,249481.5761,5135413.78
689,619,0,248004.300820318,5130611.0188775
690,619,2522.0595255947,250218.318075567,5130976.39816791
691,622,0,248004.298640031,5130610.99979291
692,622,8490.76749043534,248725.2115,5122841.6143
693,628,0,266086.402926745,5204654.3033836
694,628,830.775281424075,266468.503971608,5204190.33314764
695,629,0,266468.503971608,5204190.33314764
696,629,97.6497648535167,266516.4249,5204124.9459
697,630,0,266513.537958955,5204066.19813465
698,630,58.771589763659,266516.422589863,5204124.89888991
699,633,0,266516.422589872,5204124.89888991
700,633,58.7715897733904,266513.537958955,5204066.19813464
701,637,0,267005.9967,5204939.0897
702,637,4763.64408703312,269675.890521319,5203807.39099486
703,639,0,269675.988738464,5203806.99573965
704,639,8136.32096662354,271187.788711821,5197449.09677005
705,642,0,270063.894631815,5190926.20895188
706,642,1925.07217992689,271415.0168,5190669.9388
707,644,0,269675.901649027,5203807.39411063
708,644,1005.46819919521,270416.999932453,5204344.30021035
709,645,0,270417.025721523,5204344.30849176
710,645,2901.17617472443,272841.5984,5204945.7532
711,649,0,270634.349540212,5205415.10641831
712,649,1199.95343620017,270416.895059266,5204344.69876496
713,656,0,272705.855,5214958.1922
714,656,664.664717032268,272680.773299556,5214294.0010124
715,659,0,272852.2866,5204946.3093
716,659,0.29084932664195,272852.290371738,5204946.60012487
717,661,0,272857.900935162,5204946.48119807
718,661,4178.81739933916,273343.6413,5201878.335
719,663,0,272865.301416269,5205443.3086255
720,663,1562.46392052227,273704.69,5206168.6852
721,664,0,272852.290371738,5204946.60012487
722,664,496.967812134163,272865.289727886,5205443.30018615
723,667,0,272913.550585875,5192267.31118637
724,667,2275.84016352098,271967.4409,5190758.127
725,669,0,272913.55673579,5192267.29287444
726,669,931.344848570204,273659.029450207,5191793.03702523
727,671,0,273127.589108854,5201253.16997317
728,671,1.03879609798147,273127.557588166,5201252.13165541
729,672,0,273127.592186236,5201252.0930054
730,672,688.334954681563,273586.6919,5200739.2261
731,674,0,273127.556667123,5201252.10131548
732,674,2667.68814833399,272674.91292376,5199668.55205534
733,675,0,272680.773299556,5214294.0010124
734,675,512.543812760826,273151.172256765,5214198.61131592
735,676,0,273151.172256765,5214198.61131592
736,676,1018.35982808876,272981.073,5213234.139
737,677,0,272865.289727886,5205443.30018615
738,677,3546.78300152049,273277.284182809,5208748.80101867
739,679,0,273277.298443654,5208748.79211107
740,679,379.896457265419,273656.1964,5208753.8249
741,680,0,273277.284182809,5208748.80101867
742,680,45.5923138812842,273280.214368551,5208794.29907463
743,681,0,273280.214368551,5208794.29907463
744,681,194.383300644638,273283.752402443,5208988.49871317
745,683,0,273280.201235239,5208794.32893876
746,683,684.562409211256,272596.902298725,5208835.03956442
747,687,0,273343.613821305,5201878.29130761
748,687,683.544957068131,273127.589108854,5201253.16997317
749,691,0,273343.6413,5201878.335
750,691,590.267936006059,273801.064371932,5201506.6729617
751,693,0,273802.883095645,5201508.02910405
752,693,1804.64879414593,275249.28467114,5202109.04531491
753,696,0,273801.064371932,5201506.6729617
754,696,5046.67677566259,274399.289381466,5197265.60036455
755,698,0,274400.992643647,5197264.60177889
756,698,5287.42312262601,275661.000454373,5193448.45314763
757,699,0,274399.289381466,5197265.60036455
758,699,2.00606927130687,274401.013454448,5197264.62498366
759,700,0,274401.013454448,5197264.62498366
760,700,3134.41961297822,274948.1667,5195409.8011
761,704,0,274798.593802408,5189229.29493031
762,704,2553.13105004564,276361.2263822,5187943.31092147
763,710,0,289487.919508738,5204833.00054971
764,710,203.365895605606,289561.600134527,5204650.10007737
765,711,0,289561.600134527,5204650.10007737
766,711,211.08943155975,289595.0669,5204478.8339
767,718,0,291723.479299506,5201236.87407281
768,718,4948.50996836001,292045.139209748,5204639.13342821
769,723,0,293444.100174475,5209094.79971655
770,723,986.362389251753,292990.323746962,5208423.18739392
771,726,0,297044.490009426,5197332.79542507
772,726,258.44641345014,297095.7218,5197097.3276
773,729,0,64102.2928191535,5148911.41690749
774,729,2133.26432171618,66231.8679999998,5148829.5237
