fromPt	dist	toPt	fromLine	toLine
1	0.000	1		
2	0.000	2		
3	0.000	3		
4	0.000	4		
5	0.000	5		
6	0.000	6		
7	0.000	7		
7	0.004	420		
8	0.000	8		
8	0.004	23		
9	0.000	9		
9	0.005	331		
10	0.000	10		
10	0.002	16	5.000	10.000
11	0.000	11		
11	0.001	18	6.000	12.000
12	0.000	12		
12	0.005	279		
13	0.000	13		
13	0.001	418	7.000	461.000
14	0.000	14		
14	0.001	19		
15	0.000	15		
15	0.002	571	10.000	636.000
16	0.002	10		
16	0.000	16		
17	0.000	17		
17	0.004	281		
18	0.001	11		
18	0.000	18		
19	0.001	14	15.000	7.000
19	0.000	19		
20	0.000	20		
20	0.002	581		
21	0.000	21		
21	0.911	22		
21	0.918	163	17.000	100.000
21	0.915	294		
21	0.915	523		
22	0.911	21		
22	0.000	22		
22	0.007	163		
22	0.918	164		
22	0.911	293		
22	0.005	294		
22	0.005	523		
22	0.911	524		
23	0.004	8		
23	0.000	23		
24	0.000	24		
25	0.000	25		
25	0.590	206		
25	0.590	215		
26	0.000	26		
26	0.000	213		
26	0.002	216		
26	0.002	217		
27	0.000	27		
28	0.000	28		
29	0.000	29		
29	0.002	246	21.000	204.000
30	0.000	30		
31	0.000	31		
32	0.000	32		
33	0.000	33		
34	0.000	34		
34	0.000	186		
35	0.000	35		
36	0.000	36		
37	0.000	37		
38	0.000	38		
39	0.000	39		
40	0.000	40		
41	0.000	41		
42	0.000	42		
43	0.000	43		
44	0.000	44		
45	0.000	45		
45	0.003	519		
45	0.003	554	32.000	622.000
46	0.000	46		
47	0.000	47		
47	0.000	552	33.000	621.000
47	0.000	553		
48	0.000	48		
49	0.000	49		
50	0.000	50		
51	0.000	51		
52	0.000	52		
52	0.185	178		
52	0.185	305	35.000	284.000
53	0.000	53		
54	0.000	54		
54	0.002	528		
54	0.002	529		
55	0.000	55		
55	0.000	377		
55	0.000	388		
56	0.000	56		
57	0.000	57		
58	0.000	58		
58	0.002	274		
58	0.002	275	38.000	243.000
59	0.000	59		
60	0.000	60		
60	0.003	538	39.000	608.000
60	0.003	539		
61	0.000	61		
62	0.000	62		
63	0.000	63		
64	0.000	64		
65	0.000	65		
65	0.000	249		
65	0.000	488	42.000	540.000
66	0.000	66		
67	0.000	67		
68	0.000	68		
69	0.000	69		
69	0.005	100	45.000	64.000
70	0.000	70		
71	0.000	71		
71	0.004	512		
72	0.000	72		
72	0.003	73	47.000	48.000
73	0.003	72		
73	0.000	73		
74	0.000	74		
74	0.001	307	48.000	290.000
75	0.000	75		
75	0.000	228		
76	0.000	76		
76	0.002	541	49.000	612.000
77	0.000	77		
77	0.001	408	51.000	453.000
78	0.000	78		
78	0.005	79		
79	0.005	78	52.000	51.000
79	0.000	79		
80	0.000	80		
81	0.000	81		
81	0.004	262		
82	0.000	82		
82	0.000	87		
83	0.000	83		
83	0.001	176		
84	0.000	84		
84	0.001	263	54.000	224.000
85	0.000	85		
85	0.002	264		
86	0.000	86		
86	0.005	409	55.000	456.000
87	0.000	82		
87	0.000	87		
88	0.000	88		
88	0.002	175		
89	0.000	89		
89	0.485	346		
89	0.485	495	58.000	550.000
90	0.000	90		
91	0.000	91		
91	0.003	496		
92	0.000	92		
92	0.004	423	59.000	471.000
93	0.000	93		
94	0.000	94		
94	0.001	95	61.000	62.000
95	0.001	94		
95	0.000	95		
96	0.000	96		
96	0.001	97	62.000	63.000
97	0.001	96		
97	0.000	97		
98	0.000	98		
98	0.001	345	63.000	345.000
99	0.000	99		
99	0.001	479		
100	0.005	69		
100	0.000	100		
101	0.000	101		
101	0.003	229		
101	0.003	324	65.000	313.000
102	0.000	102		
103	0.000	103		
104	0.000	104		
104	0.763	360	66.000	374.000
104	0.000	535		
105	0.000	105		
106	0.000	106		
107	0.000	107		
107	0.005	367	68.000	394.000
107	0.005	478	68.000	530.000
108	0.000	108		
109	0.000	109		
109	0.002	225		
109	0.002	368		
110	0.000	110		
111	0.000	111		
112	0.000	112		
113	0.000	113		
113	0.001	414		
113	0.001	415	71.000	460.000
114	0.000	114		
115	0.000	115		
116	0.000	116		
117	0.000	117		
117	0.000	568	73.000	633.000
117	0.000	569		
118	0.000	118		
119	0.000	119		
119	0.002	586		
119	0.002	587	74.000	658.000
120	0.000	120		
121	0.000	121		
121	0.005	191		
121	0.005	320	75.000	309.000
122	0.000	122		
123	0.000	123		
124	0.000	124		
125	0.000	125		
125	0.001	242	77.000	200.000
125	0.001	317		
126	0.000	126		
127	0.000	127		
127	0.004	578		
127	0.004	579	78.000	644.000
128	0.000	128		
128	0.005	303		
129	0.000	129		
130	0.000	130		
131	0.000	131		
132	0.000	132		
132	0.000	325	81.000	315.000
132	0.519	326	81.000	315.000
132	0.160	369	81.000	395.000
132	0.543	370	81.000	395.000
132	0.547	509	81.000	577.000
133	0.000	133		
134	0.000	134		
135	0.000	135		
135	0.000	515	83.000	585.000
136	0.000	136		
136	0.003	137		
137	0.003	136	84.000	83.000
137	0.000	137		
138	0.000	138		
138	0.000	351		
139	0.000	139		
140	0.000	140		
141	0.000	141		
141	0.000	143		
142	0.000	142		
143	0.000	141	87.000	86.000
143	0.000	143		
144	0.000	144		
144	0.004	459		
145	0.000	145		
146	0.000	146		
147	0.000	147		
147	0.001	489		
147	0.001	492		
147	0.001	555		
147	0.001	562		
148	0.000	148		
148	0.024	182	89.000	127.000
148	0.024	183		
148	0.000	490		
148	0.000	491		
148	0.004	558		
149	0.000	149		
150	0.000	150		
151	0.000	151		
152	0.000	152		
153	0.000	153		
154	0.000	154		
155	0.000	155		
155	0.003	247		
155	0.003	468	93.000	516.000
156	0.000	156		
156	0.212	237		
157	0.000	157		
158	0.000	158		
158	0.000	159		
158	0.004	161		
159	0.000	158		
159	0.000	159		
159	0.004	161		
160	0.000	160		
161	0.004	158		
161	0.004	159		
161	0.000	161		
162	0.000	162		
163	0.918	21		
163	0.007	22		
163	0.000	163		
163	0.911	164		
163	0.911	293		
163	0.004	294		
163	0.005	523		
163	0.911	524		
164	0.918	22	100.000	17.000
164	0.911	163		
164	0.000	164		
164	0.914	294		
164	0.914	523		
165	0.000	165		
166	0.000	166		
167	0.000	167		
168	0.000	168		
169	0.000	169		
169	0.394	302		
169	0.001	354	111.000	364.000
170	0.000	170		
171	0.000	171		
172	0.000	172		
173	0.000	173		
173	0.010	194		
173	0.004	198		
173	0.010	384		
174	0.000	174		
174	0.003	214		
174	0.883	218		
174	0.883	383		
175	0.002	88		
175	0.000	175		
176	0.001	83	122.000	54.000
176	0.000	176		
177	0.000	177		
178	0.185	52		
178	0.000	178		
178	0.001	305	123.000	284.000
179	0.000	179		
180	0.000	180		
180	0.001	353		
180	0.404	355		
181	0.000	181		
182	0.024	148		
182	0.000	182		
182	0.009	183		
182	0.024	490		
182	0.024	491		
182	0.020	558		
183	0.024	148		
183	0.009	182	128.000	127.000
183	0.000	183		
183	0.024	490		
183	0.024	491		
183	0.020	558		
184	0.000	184		
185	0.000	185		
186	0.000	34	132.000	26.000
186	0.000	186		
187	0.000	187		
188	0.000	188		
188	0.005	299		
189	0.000	189		
189	0.003	435		
189	0.000	506	136.000	569.000
190	0.000	190		
190	0.004	499		
191	0.005	121		
191	0.000	191		
191	0.000	320	137.000	309.000
192	0.000	192		
193	0.000	193		
193	0.000	196		
193	0.000	197		
193	0.000	278		
194	0.010	173		
194	0.000	194		
194	0.009	198		
194	0.005	384		
195	0.000	195		
195	0.003	403		
196	0.000	193	139.000	138.000
196	0.000	196		
196	0.000	197	139.000	140.000
196	0.000	278		
197	0.000	193		
197	0.000	196		
197	0.000	197		
197	0.000	278		
198	0.004	173		
198	0.009	194		
198	0.000	198		
198	0.011	384		
199	0.000	199		
200	0.000	200		
201	0.000	201		
201	0.001	203		
201	0.000	504	146.000	565.000
202	0.000	202		
203	0.001	201		
203	0.000	203		
203	0.001	504	148.000	565.000
204	0.000	204		
205	0.000	205		
206	0.590	25		
206	0.000	206		
206	0.000	215		
207	0.000	207		
207	0.000	209		
207	0.043	234	157.000	190.000
207	0.043	391	157.000	434.000
207	0.000	392	157.000	434.000
207	0.386	393	157.000	435.000
207	0.000	394	157.000	435.000
208	0.000	208		
209	0.000	207		
209	0.000	209		
209	0.043	234	158.000	190.000
209	0.043	391	158.000	434.000
209	0.000	392	158.000	434.000
209	0.386	393	158.000	435.000
209	0.000	394	158.000	435.000
210	0.000	210		
211	0.000	211		
211	0.004	551		
212	0.000	212		
213	0.000	26		
213	0.000	213		
213	0.002	216		
213	0.002	217		
214	0.003	174		
214	0.000	214		
214	0.882	218		
214	0.882	383		
215	0.590	25		
215	0.000	206		
215	0.000	215		
216	0.002	26		
216	0.002	213		
216	0.000	216		
216	0.000	217		
217	0.002	26		
217	0.002	213		
217	0.000	216		
217	0.000	217		
218	0.883	174		
218	0.882	214		
218	0.000	218		
218	0.000	383		
219	0.000	219		
220	0.000	220		
220	0.002	312	169.000	294.000
220	0.002	313		
221	0.000	221		
221	0.002	223		
221	0.002	500	171.000	561.000
222	0.000	222		
223	0.002	221		
223	0.000	223		
223	0.000	500	173.000	561.000
224	0.000	224		
225	0.002	109		
225	0.000	225		
225	0.000	368		
226	0.000	226		
227	0.000	227		
227	0.003	316		
228	0.000	75	179.000	49.000
228	0.000	228		
229	0.003	101		
229	0.000	229		
229	0.000	324	187.000	313.000
230	0.000	230		
231	0.000	231		
231	0.005	233		
231	0.005	466	189.000	514.000
232	0.000	232		
233	0.005	231		
233	0.000	233		
233	0.000	466	190.000	514.000
234	0.043	207		
234	0.043	209		
234	0.000	234		
234	0.000	391		
234	0.043	392		
234	0.383	393		
234	0.043	394		
235	0.000	235		
236	0.000	236		
237	0.212	156		
237	0.000	237		
238	0.000	238		
238	0.003	501		
238	0.226	503		
239	0.000	239		
239	0.003	424		
240	0.000	240		
240	0.122	277	196.000	247.000
240	0.071	429	196.000	480.000
240	0.120	430	196.000	480.000
240	0.000	431	196.000	481.000
240	0.101	432	196.000	481.000
241	0.000	241		
242	0.001	125		
242	0.000	242		
242	0.000	317		
243	0.000	243		
244	0.000	244		
245	0.000	245		
246	0.002	29		
246	0.000	246		
247	0.003	155		
247	0.000	247		
247	0.000	468	205.000	516.000
248	0.000	248		
249	0.000	65		
249	0.000	249		
249	0.000	488	206.000	540.000
250	0.000	250		
251	0.000	251		
251	0.004	253		
251	0.000	598		
252	0.000	252		
253	0.004	251	209.000	207.000
253	0.000	253		
253	0.004	598		
254	0.000	254		
255	0.000	255		
256	0.000	256		
257	0.000	257		
258	0.000	258		
259	0.000	259		
260	0.000	260		
261	0.000	261		
261	0.458	297		
261	0.003	542		
262	0.004	81		
262	0.000	262		
263	0.001	84		
263	0.000	263		
264	0.002	85	224.000	55.000
264	0.000	264		
265	0.000	265		
266	0.000	266		
266	0.000	267		
266	0.004	269		
267	0.000	266	231.000	230.000
267	0.000	267		
267	0.004	269		
268	0.000	268		
269	0.004	266	233.000	230.000
269	0.004	267		
269	0.000	269		
270	0.000	270		
271	0.000	271		
271	0.001	330	239.000	321.000
272	0.000	272		
272	0.000	337		
272	0.077	338		
272	0.000	339		
272	0.080	340		
272	0.080	471		
273	0.000	273		
274	0.002	58		
274	0.000	274		
274	0.000	275	242.000	243.000
275	0.002	58		
275	0.000	274		
275	0.000	275		
276	0.000	276		
277	0.122	240		
277	0.000	277		
277	0.123	429		
277	0.002	430		
277	0.122	431		
277	0.039	432		
278	0.000	193	247.000	138.000
278	0.000	196		
278	0.000	197	247.000	140.000
278	0.000	278		
279	0.005	12	250.000	6.000
279	0.000	279		
280	0.000	280		
280	0.002	395		
281	0.004	17		
281	0.000	281		
282	0.000	282		
282	0.001	332		
283	0.000	283		
284	0.000	284		
285	0.000	285		
286	0.000	286		
286	0.002	333		
287	0.000	287		
288	0.000	288		
288	0.000	289		
288	0.004	291		
289	0.000	288	260.000	259.000
289	0.000	289		
289	0.004	291		
290	0.000	290		
291	0.004	288	262.000	259.000
291	0.004	289		
291	0.000	291		
292	0.000	292		
293	0.911	22		
293	0.911	163		
293	0.000	293		
293	0.908	294		
293	0.914	523		
294	0.915	21		
294	0.005	22	263.000	17.000
294	0.004	163	263.000	100.000
294	0.914	164		
294	0.908	293		
294	0.000	294		
294	0.007	523		
294	0.914	524	263.000	593.000
295	0.000	295		
296	0.000	296		
297	0.458	261		
297	0.000	297		
297	0.458	542		
298	0.000	298		
298	0.004	407		
299	0.005	188	271.000	135.000
299	0.000	299		
300	0.000	300		
301	0.000	301		
302	0.394	169		
302	0.000	302		
302	0.394	354	273.000	364.000
303	0.005	128	280.000	78.000
303	0.000	303		
304	0.000	304		
305	0.185	52		
305	0.001	178		
305	0.000	305		
306	0.000	306		
307	0.001	74		
307	0.000	307		
308	0.000	308		
308	0.005	315	290.000	305.000
309	0.000	309		
310	0.000	310		
311	0.000	311		
312	0.002	220		
312	0.000	312		
312	0.000	313		
313	0.002	220		
313	0.000	312	295.000	294.000
313	0.000	313		
314	0.000	314		
315	0.005	308		
315	0.000	315		
316	0.003	227	305.000	179.000
316	0.000	316		
317	0.001	125		
317	0.000	242	308.000	200.000
317	0.000	317		
318	0.000	318		
318	0.000	319		
318	0.005	321		
319	0.000	318	309.000	308.000
319	0.000	319		
319	0.005	321		
320	0.005	121		
320	0.000	191		
320	0.000	320		
321	0.005	318	311.000	308.000
321	0.005	319		
321	0.000	321		
322	0.000	322		
323	0.000	323		
324	0.003	101		
324	0.000	229		
324	0.000	324		
325	0.000	132		
325	0.000	325		
325	0.519	326		
325	0.160	369		
325	0.543	370		
325	0.547	509		
326	0.519	132		
326	0.519	325		
326	0.000	326		
326	0.543	369		
326	0.135	370		
326	0.135	509		
327	0.000	327		
328	0.000	328		
329	0.000	329		
329	0.004	334	321.000	326.000
330	0.001	271		
330	0.000	330		
331	0.005	9	323.000	5.000
331	0.000	331		
332	0.001	282		
332	0.000	332		
333	0.002	286	326.000	258.000
333	0.000	333		
334	0.004	329		
334	0.000	334		
335	0.000	335		
335	0.003	472	334.000	526.000
336	0.000	336		
337	0.000	272		
337	0.000	337		
337	0.077	338		
337	0.000	339		
337	0.080	340		
337	0.080	471		
338	0.077	272		
338	0.077	337		
338	0.000	338		
338	0.077	339		
338	0.003	340		
338	0.003	471		
339	0.000	272		
339	0.000	337		
339	0.077	338		
339	0.000	339		
339	0.080	340		
339	0.080	471		
340	0.080	272		
340	0.080	337		
340	0.003	338		
340	0.080	339		
340	0.000	340		
340	0.000	471		
341	0.000	341		
341	0.002	343		
341	0.002	522	339.000	588.000
342	0.000	342		
343	0.002	341		
343	0.000	343		
343	0.000	522	340.000	588.000
344	0.000	344		
344	0.001	359		
344	0.667	536		
345	0.001	98		
345	0.000	345		
346	0.485	89		
346	0.000	346		
346	0.004	495	345.000	550.000
347	0.000	347		
348	0.000	348		
349	0.000	349		
349	0.004	400	358.000	442.000
350	0.000	350		
351	0.000	138	361.000	84.000
351	0.000	351		
352	0.000	352		
353	0.001	180	364.000	125.000
353	0.000	353		
353	0.404	355		
354	0.001	169		
354	0.394	302		
354	0.000	354		
355	0.404	180	366.000	125.000
355	0.404	353		
355	0.000	355		
356	0.000	356		
357	0.000	357		
358	0.000	358		
359	0.001	344	374.000	340.000
359	0.000	359		
359	0.667	536	374.000	607.000
360	0.763	104		
360	0.000	360		
360	0.763	535		
361	0.000	361		
362	0.000	362		
362	0.010	589	381.000	661.000
363	0.000	363		
363	0.004	444		
364	0.000	364		
364	0.000	593		
364	0.002	596		
365	0.000	365		
366	0.000	366		
366	0.003	532		
366	0.003	533		
367	0.005	107		
367	0.000	367		
367	0.000	478		
368	0.002	109		
368	0.000	225		
368	0.000	368		
369	0.160	132		
369	0.160	325		
369	0.543	326		
369	0.000	369		
369	0.526	370		
369	0.531	509		
370	0.543	132		
370	0.543	325		
370	0.135	326		
370	0.526	369		
370	0.000	370		
370	0.005	509		
371	0.000	371		
372	0.000	372		
373	0.000	373		
374	0.000	374		
375	0.000	375		
375	0.998	378	410.000	411.000
375	0.998	493	410.000	544.000
376	0.000	376		
377	0.000	55		
377	0.000	377		
377	0.000	388		
378	0.998	375		
378	0.000	378		
378	0.009	493		
379	0.000	379		
380	0.000	380		
381	0.000	381		
381	0.009	590		
382	0.000	382		
382	0.003	405	422.000	448.000
383	0.883	174		
383	0.882	214		
383	0.000	218		
383	0.000	383		
384	0.010	173		
384	0.005	194		
384	0.011	198		
384	0.000	384		
385	0.000	385		
386	0.000	386		
386	0.000	387	430.000	431.000
386	0.005	390		
386	0.005	527	430.000	596.000
387	0.000	386		
387	0.000	387		
387	0.005	390		
387	0.005	527		
388	0.000	55		
388	0.000	377		
388	0.000	388		
389	0.000	389		
390	0.005	386		
390	0.005	387	432.000	431.000
390	0.000	390		
390	0.000	527	432.000	596.000
391	0.043	207		
391	0.043	209		
391	0.000	234		
391	0.000	391		
391	0.043	392		
391	0.383	393		
391	0.043	394		
392	0.000	207		
392	0.000	209		
392	0.043	234		
392	0.043	391		
392	0.000	392		
392	0.386	393		
392	0.000	394		
393	0.386	207		
393	0.386	209		
393	0.383	234		
393	0.383	391		
393	0.386	392		
393	0.000	393		
393	0.386	394		
394	0.000	207		
394	0.000	209		
394	0.043	234		
394	0.043	391		
394	0.000	392		
394	0.386	393		
394	0.000	394		
395	0.002	280		
395	0.000	395		
396	0.000	396		
396	0.004	417		
397	0.000	397		
398	0.000	398		
399	0.000	399		
399	0.003	401		
399	0.000	574	442.000	639.000
400	0.004	349		
400	0.000	400		
401	0.003	399		
401	0.000	401		
401	0.003	574	444.000	639.000
402	0.000	402		
403	0.003	195	446.000	139.000
403	0.000	403		
404	0.000	404		
405	0.003	382		
405	0.000	405		
406	0.000	406		
406	0.001	511	448.000	581.000
407	0.004	298	453.000	268.000
407	0.000	407		
408	0.001	77		
408	0.000	408		
409	0.005	86		
409	0.000	409		
410	0.000	410		
411	0.000	411		
412	0.000	412		
413	0.000	413		
414	0.001	113		
414	0.000	414		
414	0.000	415	459.000	460.000
415	0.001	113		
415	0.000	414		
415	0.000	415		
416	0.000	416		
417	0.004	396		
417	0.000	417		
418	0.001	13		
418	0.000	418		
419	0.000	419		
419	0.002	572		
420	0.004	7	464.000	4.000
420	0.000	420		
421	0.000	421		
422	0.000	422		
423	0.004	92		
423	0.000	423		
424	0.003	239	471.000	196.000
424	0.000	424		
425	0.000	425		
426	0.000	426		
427	0.000	427		
428	0.000	428		
429	0.071	240		
429	0.123	277		
429	0.000	429		
429	0.120	430		
429	0.071	431		
429	0.125	432		
430	0.120	240		
430	0.002	277		
430	0.120	429		
430	0.000	430		
430	0.120	431		
430	0.039	432		
431	0.000	240		
431	0.122	277		
431	0.071	429		
431	0.120	430		
431	0.000	431		
431	0.101	432		
432	0.101	240		
432	0.039	277		
432	0.125	429		
432	0.039	430		
432	0.101	431		
432	0.000	432		
433	0.000	433		
434	0.000	434		
435	0.003	189		
435	0.000	435		
435	0.003	506	485.000	569.000
436	0.000	436		
436	0.969	563		
436	0.000	565		
437	0.000	437		
437	0.002	439		
437	0.002	564	486.000	627.000
437	0.000	566	486.000	628.000
438	0.000	438		
439	0.002	437		
439	0.000	439		
439	0.000	564	487.000	627.000
439	0.002	566	487.000	628.000
440	0.000	440		
441	0.000	441		
442	0.000	442		
443	0.000	443		
444	0.004	363		
444	0.000	444		
445	0.000	445		
446	0.000	446		
447	0.000	447		
448	0.000	448		
448	0.000	449		
448	0.003	452		
448	0.003	481		
449	0.000	448	498.000	497.000
449	0.000	449		
449	0.003	452		
449	0.003	481	498.000	533.000
450	0.000	450		
451	0.000	451		
452	0.003	448	499.000	497.000
452	0.003	449		
452	0.000	452		
452	0.000	481	499.000	533.000
453	0.000	453		
454	0.000	454		
455	0.000	455		
456	0.000	456		
457	0.000	457		
458	0.000	458		
459	0.004	144	509.000	87.000
459	0.000	459		
460	0.000	460		
461	0.000	461		
461	0.608	464	512.000	513.000
461	0.608	465		
462	0.000	462		
463	0.000	463		
464	0.608	461		
464	0.000	464		
464	0.001	465		
465	0.608	461		
465	0.001	464	514.000	513.000
465	0.000	465		
466	0.005	231		
466	0.000	233		
466	0.000	466		
467	0.000	467		
468	0.003	155		
468	0.000	247		
468	0.000	468		
469	0.000	469		
470	0.000	470		
471	0.080	272	526.000	239.000
471	0.080	337	526.000	335.000
471	0.003	338	526.000	335.000
471	0.080	339	526.000	336.000
471	0.000	340	526.000	336.000
471	0.000	471		
472	0.003	335		
472	0.000	472		
473	0.000	473		
473	0.001	476	528.000	529.000
473	0.001	477		
474	0.000	474		
475	0.000	475		
476	0.001	473		
476	0.000	476		
476	0.000	477		
477	0.001	473		
477	0.000	476	530.000	529.000
477	0.000	477		
478	0.005	107		
478	0.000	367		
478	0.000	478		
479	0.001	99		
479	0.000	479		
480	0.000	480		
481	0.003	448		
481	0.003	449		
481	0.000	452		
481	0.000	481		
482	0.000	482		
482	0.000	483	533.000	534.000
482	0.004	485		
483	0.000	482		
483	0.000	483		
483	0.004	485		
484	0.000	484		
485	0.004	482		
485	0.004	483	536.000	534.000
485	0.000	485		
486	0.000	486		
487	0.000	487		
488	0.000	65		
488	0.000	249		
488	0.000	488		
489	0.001	147		
489	0.000	489		
489	0.000	492		
489	0.000	555		
489	0.000	562		
490	0.000	148		
490	0.024	182	541.000	127.000
490	0.024	183		
490	0.000	490		
490	0.000	491		
490	0.004	558		
491	0.000	148		
491	0.024	182	542.000	127.000
491	0.024	183		
491	0.000	490		
491	0.000	491		
491	0.004	558		
492	0.001	147		
492	0.000	489		
492	0.000	492		
492	0.000	555		
492	0.000	562		
493	0.998	375		
493	0.009	378		
493	0.000	493		
494	0.000	494		
495	0.485	89		
495	0.004	346		
495	0.000	495		
496	0.003	91	550.000	59.000
496	0.000	496		
497	0.000	497		
498	0.000	498		
499	0.004	190	561.000	136.000
499	0.000	499		
500	0.002	221		
500	0.000	223		
500	0.000	500		
501	0.003	238		
501	0.000	501		
501	0.226	503		
502	0.000	502		
503	0.226	238		
503	0.226	501		
503	0.000	503		
504	0.000	201		
504	0.001	203		
504	0.000	504		
505	0.000	505		
506	0.000	189		
506	0.003	435		
506	0.000	506		
507	0.000	507		
508	0.000	508		
509	0.547	132		
509	0.547	325		
509	0.135	326		
509	0.531	369		
509	0.005	370		
509	0.000	509		
510	0.000	510		
511	0.001	406		
511	0.000	511		
512	0.004	71	581.000	47.000
512	0.000	512		
513	0.000	513		
514	0.000	514		
515	0.000	135		
515	0.000	515		
516	0.000	516		
517	0.000	517		
517	0.004	520		
517	0.004	521		
517	0.000	580		
518	0.000	518		
519	0.003	45		
519	0.000	519		
519	0.000	554	587.000	622.000
520	0.004	517		
520	0.000	520		
520	0.000	521		
520	0.004	580		
521	0.004	517	588.000	586.000
521	0.000	520	588.000	587.000
521	0.000	521		
521	0.004	580		
522	0.002	341		
522	0.000	343		
522	0.000	522		
523	0.915	21		
523	0.005	22	593.000	17.000
523	0.005	163	593.000	100.000
523	0.914	164		
523	0.914	293	593.000	263.000
523	0.007	294		
523	0.000	523		
523	0.908	524		
524	0.911	22		
524	0.911	163		
524	0.914	294		
524	0.908	523		
524	0.000	524		
525	0.000	525		
526	0.000	526		
527	0.005	386		
527	0.005	387		
527	0.000	390		
527	0.000	527		
528	0.002	54	596.000	36.000
528	0.000	528		
528	0.000	529		
529	0.002	54	597.000	36.000
529	0.000	528		
529	0.000	529		
530	0.000	530		
531	0.000	531		
532	0.003	366	604.000	386.000
532	0.000	532		
532	0.000	533		
533	0.003	366	605.000	386.000
533	0.000	532		
533	0.000	533		
534	0.000	534		
535	0.000	104		
535	0.763	360	607.000	374.000
535	0.000	535		
536	0.667	344		
536	0.667	359		
536	0.000	536		
537	0.000	537		
538	0.003	60		
538	0.000	538		
538	0.000	539		
539	0.003	60		
539	0.000	538	609.000	608.000
539	0.000	539		
540	0.000	540		
541	0.002	76		
541	0.000	541		
542	0.003	261		
542	0.458	297		
542	0.000	542		
543	0.000	543		
544	0.000	544		
544	0.000	545		
544	0.005	548	617.000	619.000
544	0.005	549		
545	0.000	544		
545	0.000	545		
545	0.005	548	618.000	619.000
545	0.005	549		
546	0.000	546		
547	0.000	547		
548	0.005	544		
548	0.005	545		
548	0.000	548		
548	0.000	549		
549	0.005	544		
549	0.005	545		
549	0.000	548	620.000	619.000
549	0.000	549		
550	0.000	550		
551	0.004	211	621.000	161.000
551	0.000	551		
552	0.000	47		
552	0.000	552		
552	0.000	553		
553	0.000	47		
553	0.000	552	622.000	621.000
553	0.000	553		
554	0.003	45		
554	0.000	519		
554	0.000	554		
555	0.001	147	623.000	89.000
555	0.000	489	623.000	541.000
555	0.000	492	623.000	542.000
555	0.000	555		
555	0.000	562		
556	0.000	556		
556	0.000	557		
556	0.000	560		
556	0.000	561		
557	0.000	556		
557	0.000	557		
557	0.000	560		
557	0.000	561		
558	0.004	148		
558	0.020	182	624.000	127.000
558	0.020	183		
558	0.004	490		
558	0.004	491		
558	0.000	558		
559	0.000	559		
560	0.000	556	625.000	623.000
560	0.000	557	625.000	624.000
560	0.000	560		
560	0.000	561	625.000	626.000
561	0.000	556		
561	0.000	557		
561	0.000	560		
561	0.000	561		
562	0.001	147	626.000	89.000
562	0.000	489	626.000	541.000
562	0.000	492	626.000	542.000
562	0.000	555		
562	0.000	562		
563	0.969	436	627.000	485.000
563	0.000	563		
563	0.969	565		
564	0.002	437		
564	0.000	439		
564	0.000	564		
564	0.002	566		
565	0.000	436	628.000	485.000
565	0.969	563		
565	0.000	565		
566	0.000	437		
566	0.002	439		
566	0.002	564		
566	0.000	566		
567	0.000	567		
567	0.005	588		
568	0.000	117		
568	0.000	568		
568	0.000	569		
569	0.000	117		
569	0.000	568	634.000	633.000
569	0.000	569		
570	0.000	570		
571	0.002	15		
571	0.000	571		
572	0.002	419	636.000	464.000
572	0.000	572		
573	0.000	573		
574	0.000	399		
574	0.003	401		
574	0.000	574		
575	0.000	575		
576	0.000	576		
577	0.000	577		
578	0.004	127		
578	0.000	578		
578	0.000	579	643.000	644.000
579	0.004	127		
579	0.000	578		
579	0.000	579		
580	0.000	517	644.000	586.000
580	0.004	520	644.000	587.000
580	0.004	521		
580	0.000	580		
581	0.002	20		
581	0.000	581		
582	0.000	582		
583	0.000	583		
584	0.000	584		
585	0.000	585		
586	0.002	119		
586	0.000	586		
586	0.000	587	657.000	658.000
587	0.002	119		
587	0.000	586		
587	0.000	587		
588	0.005	567		
588	0.000	588		
589	0.010	362		
589	0.000	589		
590	0.009	381	661.000	422.000
590	0.000	590		
591	0.000	591		
591	0.005	594	665.000	666.000
591	0.005	595	665.000	667.000
592	0.000	592		
593	0.000	364		
593	0.000	593		
593	0.002	596		
594	0.005	591		
594	0.000	594		
594	0.000	595		
595	0.005	591		
595	0.000	594		
595	0.000	595		
596	0.002	364		
596	0.002	593		
596	0.000	596		
597	0.000	597		
598	0.000	251	669.000	207.000
598	0.004	253		
598	0.000	598		
