L  178 1
 242068.8716824545 5148676.949041492
 242071.71429110164 5148686.99225557
 242072.5571464527 5148697.004056988
 242075.39975509985 5148707.047271066
 242069.2434739145 5148716.949128198
 242087.08423228245 5148727.227937172
 242087.9270876335 5148737.239738599
 242083.79505979145 5148746.983653129
 242086.9531662922 5148756.932167406
 242069.11391165483 5148767.213585923
 242068.2725207959 5148777.225510526
 242068.43100427795 5148787.221582547
 242069.58936209884 5148797.20180199
 242068.74797124 5148807.213726594
 242068.9064547209 5148817.209798614
 242069.06493820297 5148827.205870634
 242069.22342168397 5148837.201942654
 242069.29674600216 5148846.977882538
 242070.23473119095 5148856.981219804
 242069.1727548352 5148866.972154658
 242069.1107592517 5148876.969290708
 242070.04874444043 5148886.972627993
 242069.98674885748 5148896.969764053
 242068.92477250117 5148906.960698896
 242068.86277691816 5148916.957834957
 242077.8006082852 5148927.010781949
 242078.7037585995 5148937.013805736
 242078.5858240705 5148947.01043838
 242078.4678895425 5148957.00707103
 242079.34988543112 5148967.015500285
 242078.2320204845 5148977.000336325
 242079.11401637312 5148987.00876558
 242077.9961514275 5148996.993601626
 242079.8780777338 5149007.013827479
 242078.76021278717 5149016.998663525
 242077.642347841 5149026.98349957
 242067.4894684 5149036.819212257
 242067.32909566 5149046.815254147
 242068.16859424592 5149056.827337597
 242078.0069347649 5149066.98379508
 242077.8465620249 5149076.979836965
 242076.686317959 5149086.959837295
 242076.525945218 5149096.955879185
 242075.36570115207 5149106.935879515
 242075.2676609832 5149116.953659535
 242075.3212779547 5149126.950844045
 242076.3748805445 5149136.942665415
 242077.42848313384 5149146.934486796
 242075.4821288692 5149156.942397565
 242075.5357458402 5149166.939582075
 242066.58949224732 5149176.985034744
 242083.64286472969 5149186.891046046
 242077.6965679913 5149196.920409334
 242076.74597082 5149206.922971791
 242078.7624137689 5149216.916996539
 242080.77885671792 5149226.911021283
 242075.795309138 5149236.91656107
 242077.811752087 5149246.91058582
 242066.82821262523 5149256.92599564
 242077.844643397 5149266.905215339
 242066.86110393525 5149276.920625156
 242077.87753470748 5149286.899844855
 242077.89398036245 5149296.897159616
 242078.75946718492 5149306.932076573
 242078.57333958696 5149316.927672072
 242076.3875586385 5149326.8860321045
 242066.20316429035 5149336.695450263
 242076.015303442 5149346.877223105
 242076.82900251896 5149356.891436339
 242076.6428749205 5149366.887031828
 242075.523951048 5149376.86437481
 242075.6011492815 5149386.861405036
 242075.678347515 5149396.85843526
 242076.7555159343 5149406.847743594
 242076.69016539856 5149416.883136662
 242076.36631378316 5149426.875218181
 242076.0424621681 5149436.86729969
 242076.7180857358 5149446.891775027
 242079.3926596687 5149456.981037984
 242079.30876019743 5149466.699563349
 242075.52701077584 5149476.801525526
 242074.3764025905 5149486.803126531
 242076.21463766583 5149496.831459624
 242074.053394725 5149506.795173885
 242074.89176029616 5149516.807352271
 242072.73051735532 5149526.771066527
 242074.290836784 5149536.85230509
 242072.46796260448 5149546.73277586
 242072.2998624021 5149556.832491431
 242070.8887874076 5149566.973665511
 242068.0982720616 5149576.445622536
 242063.435319229 5149585.570405005
 242058.15306689788 5149593.99780812
 242055.37096309703 5149603.806297865
 242051.69903212597 5149613.158489899
 242045.35761965308 5149621.141788762
 242041.6856886815 5149630.493980795
 242036.23410337395 5149638.93357738
 242032.5621724045 5149648.285769405
 242028.000414266 5149657.181663714
 242023.4386561275 5149666.077558026
 242017.1467834823 5149673.884621506
 242013.318132616 5149683.285134476
 242007.787261421 5149691.61316165
 242001.42336494708 5149699.387953904
 241997.5585443096 5149708.822450939
 241991.1946478355 5149716.59724319
 241985.6637766405 5149724.925270366
 241978.46685488732 5149732.146827686
 241973.76900897117 5149741.028089793
 241967.11945999568 5149748.245265856
 241961.27216292825 5149756.415681378
 241955.02120104624 5149764.31656108
 241949.0944944649 5149772.367692799
 241943.1677878839 5149780.418824519
 241937.2410813032 5149788.469956239
 241931.3143747219 5149796.521087959
 241925.3876681373 5149804.572219679
 241918.65563322173 5149812.030522356
 241914.3395833105 5149821.267312155
 241907.6075483969 5149828.725614829
 241902.60369224648 5149837.451450899
 241897.104683685 5149845.800551315
 241892.4408082876 5149854.699699544
 241885.27153339743 5149861.948704326
 241880.607658 5149870.84785255
 241875.108649439 5149879.19695296
 241869.609640877 5149887.54605338
 241864.9457654806 5149896.445201605
 241860.2818900832 5149905.344349828
 241853.11261519248 5149912.593354611
 241848.44873979868 5149921.492502834
 241842.11459806951 5149929.29155544
 241838.2858558377 5149938.740751476
 241831.245553828 5149946.073181869
 241826.7294404472 5149955.048219078
 241821.3692144093 5149963.48709043
 241815.164875716 5149971.3897959255
 241809.804649679 5149979.828667275
 241804.444423642 5149988.2675386295
 241799.0841976045 5149996.70640998
 241793.7800750475 5150005.180189405
 241788.577708772 5150013.717282465
 241781.66746758707 5150021.213624223
 241777.3190387661 5150030.27109294
 241773.8245473982 5150039.84893732
 241769.33874287675 5150048.684858171
 241763.985000876 5150057.186859081
 241759.5262970495 5150066.13484953
 241755.067593223 5150075.082839975
 241750.6088893965 5150084.030830425
 241746.14496753248 5150092.97614831
 241740.6090623115 5150101.359990509
 241737.72338727125 5150111.138510461
 241733.95276026387 5150120.451348095
 241728.4122293252 5150128.832821099
 241723.75665035215 5150137.6799764205
 241717.33116744773 5150145.595767109
 241714.4454924052 5150155.37428706
 241707.1350575307 5150162.824395448
 241704.22810923905 5150172.591330575
 241699.3221258825 5150181.30212274
 241694.416142526 5150190.01291491
 241691.2527831792 5150199.70516597
 241685.69506455987 5150208.015352204
 241680.146193668 5150216.389722925
 241673.73716235984 5150224.318839555
 241671.50349298824 5150234.462256854
 241665.73989888548 5150242.691932175
 241659.104176513 5150250.43233019
 241655.4980487625 5150259.846901011
 241649.862422197 5150268.104182795
 241644.331844584 5150276.426863665
 241640.1176572502 5150285.229999735
 241630.7014842047 5150290.779432449
 241635.7061060295 5150307.238482622
 241628.0860477716 5150308.945959867
 241624.3171936905 5150306.274322106
 1 272