L  2086 1
 221649.31759274047 5148025.663518069
 221653.1339146252 5148015.728497593
 221656.55939921577 5148006.123104477
 221660.2778838757 5147997.117949437
 221669.76899808628 5147990.783462295
 221670.10730520543 5147979.155402925
 221677.556662026 5147971.74976074
 221688.1121029336 5147970.661929621
 221696.98566839905 5147965.794591084
 221706.17341876752 5147961.85161293
 221716.33031761515 5147961.631225102
 221725.92538794864 5147960.987188851
 221735.83757774087 5147957.709077357
 221745.8614816195 5147958.429405555
 221755.8712901505 5147959.24482116
 221765.8704529908 5147959.125388245
 221775.8696158105 5147959.00595533
 221785.8568352025 5147957.886593735
 221795.8559980325 5147957.76716082
 221805.8539242135 5147957.58901477
 221815.8492479855 5147957.287312595
 221825.93508353943 5147959.984244712
 221835.88960172544 5147957.535083628
 221845.76162800397 5147954.977620281
 221855.85790054043 5147956.4138662
 221865.85797556155 5147956.877048289
 221875.8515641552 5147956.522493764
 221885.84515272971 5147956.167939234
 221895.80328539535 5147954.814013466
 221905.7614180815 5147953.460087695
 221915.7195507667 5147952.106161923
 221925.7840511204 5147953.750349877
 221935.7421838065 5147952.396424105
 221945.6648605833 5147950.043127095
 221955.69390505645 5147950.687943809
 221965.7229495315 5147951.332760525
 221975.7519939954 5147951.977577237
 221985.71012668105 5147950.623651465
 221995.703715256 5147950.269096935
 222005.7327597208 5147950.913913648
 222015.6554365069 5147948.560616639
 222025.64902508192 5147948.206062108
 222035.64261366715 5147947.851507583
 222045.64353253276 5147947.539582381
 222055.6390513007 5147947.24441112
 222065.6640875645 5147947.948804125
 222075.659606333 5147947.65363286
 222085.6551251015 5147947.3584616
 222095.62112638395 5147946.063726076
 222105.6461626375 5147946.768119074
 222115.64168140548 5147946.472947815
 222125.5781651824 5147944.178648027
 222135.6032014467 5147944.883041032
 222145.6282377105 5147945.587434035
 222155.59423899296 5147944.292698506
 222165.6192752465 5147944.99709151
 222175.614794015 5147944.701920245
 222185.5807952877 5147943.407184722
 222195.54679655997 5147942.112449197
 222205.5718328237 5147942.8168422
 222215.53783409597 5147941.522106677
 222225.52291224597 5147941.213203214
 222235.51683097336 5147940.8680800535
 222245.51074969847 5147940.522956895
 222255.50466842737 5147940.177833734
 222265.5330999115 5147940.832114837
 222275.4861995584 5147939.486250756
 222285.43810343652 5147938.101522146
 222295.50773276767 5147939.714000495
 222305.50226912263 5147937.528859937
 222315.5151020664 5147938.389498036
 222325.5668612527 5147939.517542427
 222335.67420222264 5147940.772100664
 222345.1038753536 5147944.763176676
 222355.09432256824 5147944.329026731
 222365.08476977368 5147943.894876791
 222374.79264367465 5147940.889375129
 222384.19578666 5147939.938112096
 222393.7704539515 5147938.051867292
 222403.7960894045 5147936.161977485
 222413.8261088141 5147936.791871575
 222423.81914562453 5147936.422092155
 222433.812182436 5147936.052312725
 222443.8421976455 5147936.681849371
 222453.7612776585 5147934.31343782
 222463.82827126468 5147935.94229052
 222473.82130807464 5147935.5725111
 222483.7403880905 5147933.204099545
 222493.75486973184 5147933.894928014
 222503.7330808125 5147932.697921215
 222513.7507326321 5147933.500525479
 222523.718567938 5147932.037501115
 222533.5268434201 5147928.460455782
 222543.74261704276 5147931.871539332
 222553.6673205775 5147930.291102249
 222563.65471159 5147929.7932056
 222573.59528699145 5147928.315882992
 222583.6315571805 5147928.8362697
 222593.4764378288 5147925.36123777
 222603.66847634825 5147928.707294031
 222613.50357484104 5147926.011304562
 222623.4788567309 5147925.310396199
 222633.52423034 5147925.60702839
 222643.55538044675 5147926.043386867
 222653.54387283177 5147925.566373877
 222663.53236520648 5147925.089360893
 222673.47315571105 5147923.613486285
 222683.5109873008 5147924.127534474
 222693.5482128832 5147924.629155908
 222703.48600883575 5147923.133250434
 222713.52323444007 5147923.634871861
 222723.31188592195 5147919.142676023
 222733.44085373988 5147921.662327219
 222743.4322749079 5147921.251201239
 222753.30035674677 5147917.842611763
 222763.33289102413 5147918.430640281
 222773.32245772137 5147918.012933399
 222783.355906897 5147918.585138895
 222793.34666725248 5147918.1582559645
 222803.38011642813 5147918.730461462
 222813.3281879645 5147917.304490119
 222823.4043259573 5147918.875784028
 222833.26701984712 5147915.451635854
 222843.16249910503 5147913.013545092
 222853.289260096 5147915.55248842
 222863.278646474 5147915.094578695
 222873.31382438884 5147915.635619992
 222883.30321076687 5147915.177710272
 222893.246805608 5147913.720849535
 222903.28198352287 5147914.261890832
 222913.31716143733 5147914.802932129
 222923.214964741 5147912.347120374
 222933.2501426661 5147912.888161667
 222943.2395290348 5147912.430251942
 222953.07442673104 5147908.937260025
 222963.22018785268 5147911.399180525
 222973.259187231 5147911.863952579
 222983.2226289592 5147911.395468323
 222993.17340503488 5147909.988493868
 223003.08339997515 5147907.582351311
 223013.1157383215 5147908.173713065
 223023.1480766679 5147908.765074818
 223032.97650933743 5147904.360596054
 223043.0904099545 5147906.950294015
 223053.0777000935 5147906.455102555
 223062.9479327957 5147903.890725824
 223072.93168712375 5147903.323124713
 223083.0289630795 5147904.752299205
 223092.9559565941 5147903.186310289
 223102.88295010975 5147901.620321364
 223112.980226065 5147903.049495865
 223122.96398039348 5147902.481894745
 223132.9477347225 5147901.914293635
 223142.931321562 5147901.343755315
 223152.97198289653 5147901.7711209925
 223162.7271393433 5147897.20664463
 223172.882002633 5147899.630747125
 223182.9112105247 5147900.165761909
 223192.94334117253 5147900.760637087
 223202.854178148 5147898.357965295
 223212.805446345 5147896.954475827
 223222.87800819371 5147898.548533329
 223232.869707622 5147898.144226183
 223242.86140703023 5147897.739919039
 223252.812675236 5147896.33642957
 223262.804374654 5147895.932122425
 223272.796074071 5147895.5278152805
 223282.70691106745 5147893.125143486
 223292.8199041275 5147895.718383313
 223302.6498786889 5147891.317346873
 223312.6570437372 5147891.820434405
 223322.7456036385 5147893.30989101
 223332.78336675 5147893.800638601
 223342.56714601416 5147889.297841137
 223352.65570589504 5147890.787297739
 223362.6934690065 5147891.27804533
 223372.6804442355 5147890.770258695
 223382.6166650204 5147889.263926047
 223392.654411444 5147889.75501487
 223402.5398694107 5147887.249971481
 223412.6283786525 5147888.73977104
 223422.6153622565 5147888.232149125
 223432.50082020136 5147885.727105737
 223442.5385666464 5147886.218194558
 223452.62707588857 5147887.707994122
 223462.5632966735 5147886.201661466
 223472.550280278 5147885.69403955
 223482.53804457048 5147885.202072024
 223492.4771262834 5147883.714733399
 223502.4650618733 5147883.226200709
 223512.5018513375 5147883.7364739645
 223522.53864080223 5147884.246747211
 223532.4777225165 5147882.759408589
 223542.3190964799 5147879.274458095
 223552.4047398193 5147880.783537278
 223562.34382155168 5147879.296198656
 223572.4294648725 5147880.805277845
 223582.31969271152 5147878.319133282
 223592.3564821865 5147878.829406532
 223602.2988481289 5147877.348517417
 223612.33486873523 5147877.873695414
 223622.41825986924 5147879.3977507865
 223632.45428047547 5147879.922928782
 223642.3481895 5147877.45147461
 223652.3903405301 5147877.907529682
 223662.31681774 5147876.338271391
 223672.3003845875 5147875.767382155
 223682.34104106287 5147876.194861977
 223692.3246079201 5147875.623972742
 223702.1939955031 5147873.056345394
 223712.19087321268 5147872.525817474
 223722.18021461737 5147872.066927909
 223732.2613350881 5147873.605931391
 223742.250676503 5147873.14704183
 223752.19412838848 5147871.68920575
 223762.1375802734 5147870.231369669
 223772.172811217 5147870.771426626
 223782.20804214975 5147871.311483585
 223792.1514940455 5147869.853647506
 223802.14083545952 5147869.394757945
 223812.1765081985 5147869.933448494
 223822.0728301565 5147867.471674057
 223832.15472557448 5147869.0055926135
 223842.0974408985 5147867.542741425
 223851.9473694637 5147864.0820437465
 223862.12205164967 5147867.613808798
 223872.064766963 5147866.15095761
 223882.01120726092 5147864.689770979
 223892.0178786579 5147864.37412869
 223901.9820393768 5147863.0653037885
 223912.00806154436 5147863.75552195
 223922.06501443265 5147865.445261641
 223931.8014155532 5147862.936742351
 223941.3262608513 5147860.401243363
 223950.13138542665 5147856.581519353
 223959.18159978624 5147851.863966509
 223968.8833904201 5147849.440584567
 223978.7835516355 5147847.512013935
 223988.8192182736 5147846.315819249
 223998.8422559125 5147847.048101906
 224008.78508459625 5147844.781457004
 224018.75464963235 5147843.514454616
 224028.77768725023 5147844.246737274
 224038.77398857725 5147843.979377414
 224048.6560403545 5147842.632338854
 224058.69567769495 5147843.083119885
 224068.6805425764 5147842.535402066
 224078.6106349689 5147840.98918538
 224088.65027233932 5147841.439966415
 224098.68990967 5147841.890747453
 224108.78431947928 5147843.340027353
 224118.76918436083 5147842.792309532
 224128.58973186635 5147839.249095115
 224138.57984305237 5147838.706502374
 224148.5660367254 5147838.183570774
 224158.60452420544 5147838.659270926
 224168.5384240704 5147837.137707584
 224178.53184176717 5147836.638214408
 224188.47027968284 5147835.146580147
 224198.50728876112 5147835.652515343
 224208.44572672847 5147834.16088108
 224218.5813069175 5147836.664385735
 224228.42117374289 5147833.17518202
 224238.5567539325 5147835.678686675
 224248.3966207268 5147832.189482957
 224258.38434423384 5147831.6966334265
 224268.47063889384 5147833.201353347
 224278.40907684015 5147831.709719088
 224288.39680034717 5147831.216869558
 224298.53238053672 5147833.7203742135
 224308.32296177084 5147829.232385768
 224318.55711313224 5147833.733459876
 224328.29840881587 5147828.2466867
 224338.38470344484 5147829.751406627
 224348.38033558015 5147829.309697968
 224358.4143986675 5147829.871035116
 224368.49223275765 5147831.431413857
 224378.394982877 5147828.995626235
 224388.4290459746 5147829.556963386
 224398.41933807867 5147829.119258946
 224408.32208819932 5147826.683471324
 224418.356151297 5147827.244808475
 224428.4339853872 5147828.805187216
 224438.38050649868 5147827.368441186
 224448.37079860465 5147826.930736747
 224458.317319717 5147825.493990716
 224468.2200698364 5147823.058203094
 224478.38544591164 5147826.616665017
 224488.33196702317 5147825.179918986
 224498.2784881365 5147823.743172955
 224508.3125512341 5147824.304510105
 224518.30284333907 5147823.866805665
 224528.2493644515 5147822.430059635
 224538.14715331988 5147819.986804947
 224548.2746446434 5147822.522833507
 224558.2178197625 5147821.063110881
 224568.20707393152 5147820.60232605
 224578.05809094885 5147817.144727831
 224588.23166132136 5147820.679694186
 224598.1748364395 5147819.21997156
 224608.1640906095 5147818.75918673
 224618.1533447785 5147818.2984019
 224628.18867800865 5147818.836554871
 224638.1779321786 5147818.375770041
 224648.2132654087 5147818.913923007
 224658.1564405166 5147817.4542003805
 224668.1917737292 5147817.992353353
 224678.1349488454 5147816.532630726
 224688.0781239645 5147815.0729081
 224697.9752200317 5147812.614247677
 224708.0566323025 5147814.151338439
 224717.9998074216 5147812.6916158125
 224728.0351406415 5147813.22976878
 224737.9783157596 5147811.770046154
 224747.81167334277 5147808.306329493
 224758.05088531147 5147812.795879532
 224767.98763773352 5147811.29305791
 224778.075619931 5147812.786422123
 224787.9115525036 5147809.286143268
 224797.9491247755 5147809.78077887
 224807.83546727363 5147807.279228637
 224817.87303954555 5147807.773864228
 224827.860201893 5147807.269771218
 224837.94818409972 5147808.763135427
 224847.8849365125 5147807.2603138
 224857.92250878408 5147807.754949401
 224867.7080314048 5147803.255941942
 224877.9472434025 5147807.745491983
 224887.88399582653 5147806.242670362
 224897.77033832457 5147803.741120119
 224907.70709074705 5147802.238298497
 224917.74466301955 5147802.732934099
 224927.73182536656 5147802.228841079
 224937.819807564 5147803.722205292
 224947.80696991147 5147803.2181122815
 224957.6429024836 5147799.717833427
 224967.57965490667 5147798.215011805
 224977.720796743 5147800.766734695
 224987.79540171853 5147802.347828038
 224997.8282896173 5147802.929791912
 225007.61087505505 5147797.516979001
 225017.7271971068 5147800.097201805
 225027.7183679288 5147799.680036214
 225037.54267044365 5147795.266352768
 225047.6172754192 5147796.847446105
 225057.69188039424 5147798.428539445
 225067.64133413896 5147797.012244395
 225077.7159391145 5147798.593337737
 225087.66539285975 5147797.1770426845
 225097.57312952823 5147794.761618166
 225107.52258327344 5147793.345323112
 225117.6806224016 5147796.924675377
 225127.54664199325 5147793.510121397
 225137.4960957385 5147792.093826342
 225147.6124177908 5147794.674049144
 225157.6035886128 5147794.256883553
 225167.5947594249 5147793.839717969
 225177.58593025577 5147793.422552384
 225187.535384001 5147792.00625733
 225197.40140359267 5147788.591703349
 225207.4760085673 5147790.172796686
 225217.38374523632 5147787.757372168
 225227.49595810505 5147790.252231195
 225237.5354467281 5147790.706312257
 225247.4660468615 5147789.163359695
 225257.50553548447 5147789.617440757
 225267.436135618 5147788.074488195
 225277.47562424053 5147788.528569257
 225287.5151128836 5147788.982650313
 225297.391268752 5147786.441180941
 225307.32186888545 5147784.898228383
 225317.47024601756 5147787.349343062
 225327.4008461413 5147785.806390503
 225337.38589051977 5147785.261954752
 225347.31649064305 5147783.71900219
 225357.35597927577 5147784.173083252
 225367.3410236538 5147783.628647502
 225377.3225587615 5147783.131034942
 225387.3591855954 5147783.644497081
 225397.2987393572 5147782.160316398
 225407.3353661805 5147782.673778538
 225417.129310378 5147778.193133629
 225427.26301027497 5147780.704238582
 225437.2511005775 5147780.218879312
 225447.190654349 5147778.73469863
 225457.178744652 5147778.249339361
 225467.215371486 5147778.762801493
 225477.10638872607 5147776.279799406
 225487.240088623 5147778.790904361
 225497.0825693315 5147775.309080866
 225507.119196166 5147775.822543001
 225516.96167687417 5147772.340719501
 225527.04684023952 5147773.853003047
 225537.125899348 5147775.370547653
 225547.0746582895 5147773.949380205
 225557.06562361348 5147773.527321665
 225567.056588938 5147773.105263125
 225577.047554262 5147772.683204589
 225587.0385195865 5147772.261146056
 225597.02948491048 5147771.839087515
 225606.97824386228 5147770.417920061
 225617.09582830447 5147772.993188264
 225627.0867936489 5147772.571129726
 225636.9511398348 5147769.151744451
 225646.89989878613 5147767.730576998
 225656.93307048324 5147768.307627372
 225667.05065492733 5147770.882895573
 225677.0416202699 5147770.460837036
 225686.9903792012 5147769.039669589
 225696.9813445261 5147768.617611049
 225706.97230984972 5147768.195552509
 225717.0054815669 5147768.772602886
 225726.86982774257 5147765.3532176055
 225736.80841678905 5147763.929986791
 225746.890535123 5147765.433524065
 225756.9276722153 5147765.936913003
 225766.865731438 5147764.442757554
 225776.8037906612 5147762.948602106
 225786.79138880887 5147762.453218852
 225796.7789869654 5147761.957835602
 225806.76658513315 5147761.462452346
 225816.803722224 5147761.965841285
 225826.74178144717 5147760.471685836
 225836.7789185385 5147760.975074776
 225846.66743880973 5147758.482147139
 225856.75411485296 5147759.98430827
 225866.79125195407 5147760.487697208
 225876.82838903528 5147760.991086147
 225886.81598719265 5147760.495702896
 225896.55589064985 5147755.006458677
 225906.692105639 5147757.507392
 225916.7292427406 5147758.010780938
 225926.5682240863 5147754.519081103
 225936.5558222229 5147754.023697849
 225946.69203721205 5147756.524631178
 225956.48147962385 5147752.03415915
 225966.66643395447 5147755.541102041
 225976.7029839869 5147756.056063187
 225986.5459846196 5147752.575709758
 225996.63092200147 5147754.089499561
 226006.52230998507 5147751.60797477
 226016.558860017 5147752.122935925
 226026.547022699 5147751.63906843
 226036.68034743215 5147754.151686873
 226046.71689746185 5147754.66664803
 226056.55989808525 5147751.186294597
 226066.5964481269 5147751.701255747
 226076.3426740623 5147746.223245028
 226086.475998793 5147748.73586347
 226096.36738677608 5147746.254338683
 226106.4523241575 5147747.7681284845
 226116.44048684 5147747.2842609845
 226126.47703687145 5147747.7992221415
 226136.416812204 5147746.316526005
 226146.45336223685 5147746.831487151
 226156.24797552064 5147742.352305076
 226166.47807494996 5147746.862580818
 226176.2726882347 5147742.383398733
 226186.4060129664 5147744.896017181
 226196.24901359907 5147741.415663752
 226206.33395098 5147742.929453544
 226216.2716395111 5147741.436875814
 226226.20903246116 5147739.938295393
 226236.2463926876 5147740.437215044
 226246.3337365841 5147741.934884731
 226256.12117854235 5147737.440054203
 226266.15853878984 5147737.938973859
 226276.24588269752 5147739.43664354
 226286.1832756266 5147737.938063124
 226296.02070123417 5147734.441982627
 226306.30797978016 5147739.934652461
 226316.0954217307 5147735.439821929
 226326.1327819776 5147735.938741584
 226336.1701422245 5147736.437661235
 226346.1075351521 5147734.939080815
 226355.7619248384 5147731.9587738
 226366.15253517125 5147734.792982442
 226375.9419660176 5147730.84462712
 226386.00525677172 5147733.624501276
 226395.980784997 5147732.40533833
 226405.9782538545 5147732.185934665
 226415.93184142743 5147729.967012445
 226425.9731915685 5147731.747127324
 226435.9671467155 5147731.430896536
 226445.80247901936 5147727.928931394
 226455.78955479435 5147727.423126114
 226465.9789551982 5147730.912200649
 226475.915449816 5147729.407675415
 226485.8519444338 5147727.903150181
 226495.83902021017 5147727.397344901
 226505.77551482883 5147725.892819667
 226515.71200944748 5147724.388294433
 226525.69908522247 5147723.882489153
 226535.8379044665 5147726.37284373
 226545.723817948 5147723.869598541
 226555.71089372295 5147723.363793261
 226565.647388351 5147721.859268026
 226575.836788714 5147725.348342565
 226585.773283342 5147723.843817325
 226595.7603591175 5147723.338012045
 226605.7474348925 5147722.832206765
 226615.6839295112 5147721.327681531
 226625.56984297343 5147718.824436343
 226635.60749990484 5147719.317351017
 226645.59457567983 5147718.811545737
 226655.53181229695 5147717.307625874
 226665.519007586 5147716.804185934
 226675.5062029028 5147716.300745987
 226685.6444320345 5147718.793501765
 226695.48059348084 5147715.293866107
 226705.76985648304 5147720.782817596
 226715.6563625158 5147718.281913841
 226725.6435578057 5147717.778473901
 226735.47971925387 5147714.278838242
 226745.61794839392 5147716.771594015
 226755.403765188 5147712.273226454
 226765.5923389608 5147715.764714131
 226775.57953425127 5147715.261274191
 226785.4156956999 5147711.761638532
 226795.35254634495 5147710.259466684
 226805.4907755045 5147712.75222246
 226815.4276261802 5147711.250050609
 226825.5155106967 5147712.744074481
 226835.30132753195 5147708.245706916
 226845.33886741448 5147708.740998879
 226855.4267519505 5147710.23502275
 226865.3636026262 5147708.732850899
 226875.30727024857 5147707.238619216
 226885.2960305351 5147706.7672498925
 226895.28479084207 5147706.295880563
 226905.46210122787 5147709.820064874
 226915.26231147756 5147705.353141906
 226925.39248432647 5147707.878437805
 226935.28696960557 5147705.409291656
 226945.275729913 5147704.937922326
 226955.21735268613 5147703.467664593
 226965.25325052752 5147703.995183676
 226975.2420108345 5147703.523814346
 226985.27790865552 5147704.051333426
 226995.266668963 5147703.579964096
 227005.11401672583 5147700.111929537
 227015.1970520533 5147701.638337031
 227025.18581236032 5147701.166967701
 227035.268847706 5147702.693375195
 227045.2576080144 5147702.222005865
 227055.2463683214 5147701.750636535
 227065.23512862748 5147701.279267204
 227075.1296138968 5147698.810121061
 227085.11837420432 5147698.338751731
 227095.15427203552 5147698.866270815
 227105.0487573145 5147696.397124665
 227115.08465513555 5147696.924643745
 227125.1195769945 5147697.432406509
 227135.1577034898 5147697.91566409
 227145.041204098 5147695.402909186
 227154.97624666727 5147693.8888251055
 227164.8082053461 5147690.377399369
 227174.79478988235 5147689.86198612
 227184.78137441917 5147689.346572869
 227194.76795895517 5147688.831159621
 227204.75454344493 5147688.315746378
 227214.7411279817 5147687.800333127
 227224.93388039965 5147691.279603199
 227235.0235488538 5147692.76153161
 227244.85550751345 5147689.25010587
 227255.0482599041 5147692.729375943
 227264.828676566 5147688.219279376
 227274.81526110243 5147687.703866126
 227284.95647153576 5147690.184465369
 227294.99459803052 5147690.667722951
 227304.77501473247 5147686.15762638
 227314.864683186 5147687.639554795
 227324.9028096916 5147688.122812375
 227334.78631029 5147685.610057466
 227344.77289483717 5147685.094644221
 227354.91410524957 5147687.575243459
 227364.84914783697 5147686.061159384
 227374.8655243844 5147686.591427665
 227384.6990718502 5147682.198380239
 227394.84957370083 5147685.799051599
 227404.8415983298 5147685.402863566
 227414.6355265204 5147680.010601298
 227424.78602833388 5147683.611272658
 227434.6591950873 5147680.217440081
 227444.7700776299 5147682.818896587
 227454.7621022774 5147682.422708557
 227464.75412692488 5147682.026520527
 227474.66691298084 5147679.631902798
 227484.61931834865 5147678.236499915
 227494.6905815775 5147679.83874158
 227504.80146409647 5147682.440198093
 227514.6746308725 5147679.046365514
 227524.6666555205 5147678.650177484
 227534.69829945988 5147679.253204298
 227544.5962433528 5147676.773535968
 227554.73510600775 5147679.2637137445
 227564.57037725783 5147675.761577088
 227574.6080427785 5147676.25431672
 227584.49391259867 5147673.750899135
 227594.5315781081 5147674.243638764
 227604.61984221585 5147675.735097466
 227614.4045148604 5147671.23424174
 227624.5433775445 5147673.724419516
 227634.58104307443 5147674.217159146
 227644.41631429663 5147670.715022492
 227654.40338124777 5147670.209043052
 227664.4410467796 5147670.701782684
 227674.3775151761 5147669.197084165
 227684.46577926248 5147670.68854287
 227694.5540433508 5147672.180001575
 227704.5606181156 5147672.687823915
 227714.3523362449 5147667.291549491
 227724.5043124186 5147670.888061852
 227734.4961739076 5147670.487780093
 227744.40797804552 5147668.0891012605
 227754.27975350735 5147664.691223905
 227764.2716149964 5147664.290942135
 227774.4235911905 5147667.887454502
 227784.3754240045 5147666.487974205
 227794.24719946535 5147663.090096845
 227804.1590036544 5147660.691418015
 227814.351008473 5147665.28712891
 227824.1827552993 5147660.890053017
 227834.3347314525 5147664.486565379
 227844.32659294148 5147664.086283615
 227854.3184544315 5147663.68600185
 227864.19022992408 5147660.288124489
 227874.1520210766 5147659.850154102
 227884.13965319455 5147659.355456021
 227894.17675572535 5147659.859533531
 227904.2633286695 5147661.36238663
 227914.3004312008 5147661.866464139
 227924.0901816676 5147657.376663702
 227934.1272841984 5147657.88074121
 227944.0654459008 5147656.387267542
 227954.2014892605 5147658.888896231
 227964.189121379 5147658.394198149
 227974.176753497 5147657.89950007
 227984.11491520127 5147656.406026401
 227994.00360649457 5147653.913777141
 228004.13964985148 5147656.41540583
 228014.12728197 5147655.920707749
 228024.114914088 5147655.426009665
 228034.102546206 5147654.931311585
 228044.090178324 5147654.436613509
 228053.92939920112 5147650.945588662
 228064.0643789465 5147653.426619415
 228074.0498447195 5147652.889967925
 228083.8743130465 5147649.357639579
 228094.0207762645 5147651.816664935
 228103.89891040645 5147649.282895542
 228113.93804200375 5147649.744802997
 228123.9771735815 5147650.206710455
 228133.85530772444 5147647.672941062
 228143.78710768145 5147646.13773061
 228153.987236714 5147649.595314927
 228163.86537085648 5147647.061545533
 228173.85083662905 5147646.524894034
 228184.0509656616 5147649.98247835
 228193.92909980397 5147647.448708948
 228203.80723394649 5147644.9149395535
 228213.79269971905 5147644.378288063
 228223.7781654915 5147643.841636564
 228233.6562996341 5147641.307867169
 228243.69543122145 5147641.769774632
 228253.84189443896 5147644.228799988
 228263.82736021155 5147643.692148497
 228273.73181332528 5147640.354679836
 228283.7302147633 5147640.182952706
 228293.7286162013 5147640.011225576
 228303.72701761883 5147639.839498451
 228313.7425919903 5147640.667623855
 228323.72382051428 5147639.496044196
 228333.7393948752 5147640.3241696
 228343.68751580504 5147639.145212419
 228353.6110838465 5147637.7067743605
 228363.60101874388 5147637.260992295
 228373.65668125649 5147639.053658415
 228383.16144912405 5147634.738360485
 228393.4077596931 5147635.397443944
 228403.41315409832 5147634.880769259
 228413.4002236383 5147634.374840879
 228423.38291170495 5147633.854897811
 228433.47653176807 5147635.30966766
 228443.4074636845 5147633.768852
 228453.44685437524 5147634.225093344
 228463.43201566403 5147633.68280619
 228473.4714063645 5147634.139047538
 228483.45656766352 5147633.596760378
 228493.338383583 5147631.1645941455
 228503.4530561666 5147633.7512754565
 228513.2801747058 5147629.3438655045
 228523.3948472876 5147631.930546822
 228533.22196582865 5147627.523136869
 228543.29555926297 5147629.11066229
 228553.36915269736 5147630.698187711
 228563.31950868416 5147629.288245446
 228573.35202296812 5147629.876614971
 228583.29573681048 5147628.535133895
 228593.2585606085 5147627.216170875
 228603.2852798976 5147627.896186935
 228613.31199918853 5147628.576202995
 228623.2748229763 5147627.257239982
 228633.237646784 5147625.93827696
 228643.16852283588 5147623.619824404
 228653.25913761716 5147626.298819546
 228663.19001367 5147623.980366983
 228673.21673296 5147624.660383045
 228683.17955675797 5147623.341420024
 228693.204678799 5147623.97817879
 228703.2376439342 5147624.558809646
 228713.1450595946 5147622.142068768
 228723.0943250623 5147620.724451802
 228733.04359054292 5147619.306834828
 228743.07655569675 5147619.887465685
 228753.1095208124 5147620.468096543
 228763.0587862925 5147619.05047957
 228773.09175143708 5147619.631110427
 228783.0828667344 5147619.212617373
 228793.07398204232 5147618.794124313
 228803.0650973586 5147618.375631258
 228812.95197251203 5147617.435260362
 228822.8946444756 5147616.367179951
 228832.90358678225 5147615.4395829365
 228843.04615134845 5147617.9146396
 228852.75050337677 5147611.411890446
 228862.9633456897 5147615.961107255
 228872.77495231736 5147611.519272395
 228882.7648859144 5147611.073460505
 228892.79091358904 5147611.595952634
 228902.7311064588 5147610.116058328
 228912.7675109596 5147610.633848517
 228922.75580961705 5147610.152796464
 228932.7441083131 5147609.671744408
 228942.68430116243 5147608.191850108
 228952.72070566507 5147608.709640298
 228962.70900432064 5147608.228588244
 228972.6491972211 5147606.748693942
 228982.78181328505 5147609.264168625
 228992.8182177565 5147609.781958816
 229002.71030483028 5147607.303222269
 229012.79481511877 5147608.8198547
 229022.63879637604 5147605.342275914
 229032.7233066645 5147606.858908345
 229042.7597111369 5147607.376698536
 229052.7480098222 5147606.89564648
 229062.54388530133 5147602.419225441
 229072.58028975563 5147602.937015634
 229082.5685884521 5147602.455963578
 229092.55688710764 5147601.974911524
 229102.49708000745 5147600.495017222
 229112.581369005 5147602.010931087
 229122.4729939341 5147599.530350942
 229132.46120274943 5147599.047437318
 229142.64257945996 5147602.559856742
 229152.5342043788 5147600.0792765925
 229162.5707051935 5147600.59519623
 229172.51062208103 5147599.113449347
 229182.54712288547 5147599.62936898
 229192.3421638976 5147595.151122309
 229202.4269566401 5147596.66587521
 229212.46345746503 5147597.181794847
 229222.49995826947 5147597.697714491
 229232.4881671155 5147597.214800861
 229242.4763759615 5147596.73188724
 229252.27141693572 5147592.253640567
 229262.30791777745 5147592.769560201
 229272.3927105405 5147594.284313108
 229282.42921134495 5147594.80023274
 229292.417420191 5147594.317319119
 229302.26075316145 5147590.837905701
 229312.20067004891 5147589.356158819
 229322.23001340043 5147589.871247046
 229332.21483535288 5147589.358732874
 229342.25284133808 5147589.844487292
 229352.3421408785 5147591.32892533
 229362.2262661971 5147588.818628882
 229372.11039151668 5147586.308332444
 229382.2509846113 5147588.791454101
 229392.18640348423 5147587.279841271
 229402.12182236087 5147585.768228453
 229412.05724123467 5147584.256615634
 229422.0952472171 5147584.742370053
 229432.18454675973 5147586.226808082
 229442.0686720789 5147583.716511643
 229452.0553845089 5147583.203582443
 229462.0420969351 5147582.690653233
 229472.1313964783 5147584.175091272
 229481.96422824264 5147580.666111213
 229491.950940668 5147580.153182004
 229501.98894665684 5147580.638936423
 229511.8751269822 5147579.114585262
 229522.0450389789 5147581.474757201
 229531.89804888016 5147578.844981944
 229541.8778195744 5147578.211185571
 229551.7942098719 5147576.579399752
 229561.83736101937 5147576.943592811
 229572.00727301705 5147579.3037647605
 229581.8602828896 5147576.6739895
 229591.966814462 5147578.036172
 229601.82427862444 5147574.544731844
 229611.944554289 5147577.10940374
 229621.80531437745 5147573.679690625
 229631.79583225344 5147573.247170014
 229641.91610791849 5147575.81184191
 229651.77686800927 5147572.382128794
 229661.8538910753 5147573.947736521
 229671.75790375943 5147571.517087574
 229681.74842163865 5147571.084566964
 229691.868697301 5147573.64923886
 229701.81596258128 5147572.217654081
 229711.71997526544 5147569.787005134
 229721.61555901176 5147568.270789921
 229731.76554977536 5147570.715213868
 229741.58492556063 5147567.168753588
 229751.62471135877 5147567.616216121
 229761.60939465303 5147567.06519795
 229771.59407794772 5147566.514179781
 229781.6338637458 5147566.961642314
 229791.61854704205 5147566.410624144
 229801.5481278349 5147564.861125271
 229811.53281112955 5147564.310107101
 229821.5174944217 5147563.759088932
 229831.66748522548 5147566.20351287
 229841.54196351385 5147563.655533295
 229851.4715443057 5147562.10603442
 229861.5113301032 5147562.553496955
 229871.5575684786 5147563.032315576
 229881.4441402641 5147560.531671773
 229891.4816671507 5147561.027227652
 229901.4185573404 5147559.525317077
 229911.35544746844 5147558.023406505
 229921.543929446 5147561.51516207
 229931.3801829088 5147558.015785037
 229941.3170730372 5147556.513874465
 229951.32637688296 5147556.029260343
 229961.406166458 5147557.576956577
 229971.3058436808 5147555.12870993
 229981.34060521444 5147555.677420445
 229991.37536671283 5147556.226130957
 230001.3200720526 5147554.776870024
 230011.26477738895 5147553.327609103
 230021.434623121 5147556.873276779
 230031.2442442287 5147552.427058684
 230041.4140899565 5147555.97272637
 230051.2687391413 5147552.525493995
 230061.25847255648 5147552.075218785
 230071.2932340524 5147552.623929297
 230081.1929113167 5147550.175682653
 230091.22767280947 5147550.724393165
 230101.2174062275 5147550.274117955
 230111.16211157 5147548.824857034
 230121.19687306244 5147549.373567545
 230131.2165702009 5147549.876875246
 230141.1003049193 5147547.365041234
 230151.0869373988 5147546.85055848
 230161.0735699557 5147546.336075723
 230171.1631002849 5147547.81894423
 230181.0982838647 5147546.305785848
 230191.239263134 5147548.787329976
 230201.07154889737 5147545.276820338
 230211.0581814416 5147544.762337581
 230221.0448139304 5147544.247854828
 230231.0314464464 5147543.733372078
 230241.01807899028 5147543.218889321
 230251.00471147872 5147542.704406568
 230261.04279293335 5147543.188599438
 230270.97797651135 5147541.675441058
 230281.0675068629 5147543.158309562
 230291.00269048172 5147541.645151178
 230300.9378740604 5147540.131992798
 230311.00872751267 5147541.575883342
 230320.9178928399 5147539.900782242
 230330.8947988583 5147539.223384107
 230340.803964206 5147537.548283002
 230350.8486108329 5147537.868587833
 230360.8255168503 5147537.191189696
 230370.8024228483 5147536.5137915565
 230380.71158816537 5147534.83869046
 230390.7562348229 5147535.158995283
 230400.80088148967 5147535.479300112
 230410.845528137 5147535.799604936
 230420.822434134 5147535.1222068
 230430.799340132 5147534.444808666
 230440.7762461295 5147533.767410524
 230450.753152127 5147533.09001239
 230460.7300581245 5147532.412614254
 230470.63922347268 5147530.737513151
 230480.7516107791 5147532.055520942
 230490.59303545745 5147529.382716876
 230500.7731634133 5147531.698427633
 230510.4791068133 5147527.030217637
 230520.6472817789 5147529.352847808
 230530.57890795 5147527.848494445
 230540.566107908 5147527.345147145
 230550.553307866 5147526.841799835
 230560.4901724711 5147525.339720162
 230570.52770778295 5147525.835105225
 230580.4142370341 5147523.33429318
 230590.451772346 5147523.829678241
 230600.5396430125 5147525.323795687
 230610.42617226395 5147522.822983633
 230620.41337222105 5147522.319636323
 230630.60191359583 5147525.811218513
 230640.38777213808 5147521.312941711
 230650.52597815852 5147523.80579153
 230660.51317811693 5147523.3024442205
 230670.399707367 5147520.801632175
 230680.48757803207 5147522.29574961
 230690.3308611616 5147518.823971742
 230700.45453127025 5147521.375211674
 230710.4444663708 5147520.92943393
 230720.345244847 5147518.4856444
 230730.2906016456 5147517.040860762
 230740.4588500562 5147520.591106592
 230750.269800568 5147516.149006595
 230760.25809802365 5147515.687818121
 230770.2473099747 5147515.22611895
 230780.32886289957 5147516.762286934
 230790.1795633744 5147513.303787041
 230800.30728679037 5147515.8388886
 230810.111816814 5147511.381455132
 230820.2395402105 5147513.91655669
 230830.18258166945 5147512.455923946
 230840.17179363067 5147511.994224781
 230850.2071760625 5147512.531459184
 230860.24255850556 5147513.068693594
 230870.0932589804 5147509.610193701
 230880.03630047 5147508.149560961
 230890.0716829024 5147508.686795366
 230900.0608948324 5147508.2250962015
 230910.18861825956 5147510.760197754
 230920.0393187548 5147507.301697866
 230930.16704215133 5147509.83679942
 230939.9715721433 5147505.379365957
 230950.09902265 5147507.909094155
 230960.13888808715 5147508.354766085
 230969.9576312033 5147504.80655458
 230980.052777236 5147506.250697371
 230990.09264268243 5147506.6963693
 230999.85610523415 5147502.149686935
 231009.8406900983 5147501.596888005
 231019.93583610785 5147503.041030795
 231029.86514039472 5147501.489761005
 231040.01556698213 5147503.932374654
 231049.944871269 5147502.381104865
 231059.81889498213 5147499.831364216
 231069.80347984168 5147499.278565285
 231079.7880646851 5147498.725766362
 231089.82793013065 5147499.17143829
 231099.70195382187 5147496.621697643
 231109.6865387145 5147496.068898715
 231119.7816847264 5147497.513041506
 231129.87683073813 5147498.957184294
 231139.8614156001 5147498.404385365
 231149.84600046216 5147497.851586435
 231159.66474359867 5147494.303374925
 231169.64932846068 5147493.750575995
 231179.74447447248 5147495.194718789
 231189.679417814 5147493.659664319
 231199.767555346 5147495.1519788215
 231209.70415134 5147493.648123245
 231219.5902334685 5147491.1455443045
 231229.728884867 5147493.636582171
 231239.665480861 5147492.132726589
 231249.70310454705 5147492.626317731
 231259.4881590029 5147488.126292068
 231269.626810382 5147490.617329931
 231279.51289252995 5147488.114750989
 231289.65154390805 5147490.60578885
 231299.63865374803 5147490.100656631
 231309.575249743 5147488.596801056
 231319.66338727504 5147490.089115562
 231329.448441731 5147485.589089898
 231339.43555157096 5147485.083957678
 231349.473175257 5147485.57754882
 231359.510798944 5147486.07113996
 231369.497908784 5147485.566007741
 231379.4220886443 5147484.004216156
 231389.40412602125 5147483.407180698
 231399.445867687 5147483.808361345
 231409.429842566 5147483.245747469
 231419.468518936 5147483.717444681
 231429.29642725445 5147480.194698659
 231439.33510362505 5147480.666395879
 231449.4264720085 5147482.136703912
 231459.412456366 5147481.609790321
 231469.24036468408 5147478.087044288
 231479.27904105448 5147478.558741509
 231489.21233339907 5147477.033217109
 231499.14562574308 5147475.507692707
 231509.2896861395 5147477.976611545
 231519.17028647108 5147475.452476329
 231529.261654854 5147476.92278436
 231539.19494719905 5147475.397259959
 231549.286315582 5147476.867567992
 231559.2722999293 5147476.340654396
 231569.258284297 5147475.813740801
 231579.244268654 5147475.286827212
 231589.23025301148 5147474.7599136215
 231599.163545356 5147473.234389219
 231609.149839829 5147472.71338831
 231619.0840918213 5147471.194125732
 231629.122468864 5147471.672150815
 231639.0567208563 5147470.152888242
 231649.095097899 5147470.630913325
 231659.1334749412 5147471.108938407
 231669.0677269335 5147469.589675834
 231678.94991642117 5147467.071769429
 231689.0403559685 5147468.54843834
 231698.97460797103 5147467.029175767
 231708.96092247785 5147466.508557023
 231718.9992995205 5147466.986582105
 231728.985614038 5147466.46596336
 231739.0239910808 5147466.943988437
 231748.90618055715 5147464.426082037
 231758.9966201152 5147465.902750947
 231768.87880959304 5147463.384844548
 231778.917186625 5147463.86286963
 231788.9035011425 5147463.342250885
 231798.7502775273 5147461.753124546
 231808.7638574168 5147459.695211558
 231818.78601679392 5147460.439418063
 231828.98970932775 5147459.94836733
 231839.05298071424 5147461.264136449
 231848.70135234005 5147464.075976916
 231858.4409638688 5147466.685651612
 231868.0702651129 5147469.571705442
 231877.1772732025 5147473.823057805
 231885.8418554965 5147478.815305315
 231895.00566873487 5147482.941083857
 231904.1902156926 5147487.001222799
 231911.9050899475 5147493.670423415
 231920.605784443 5147498.59946357
 231929.79938906463 5147502.658423489
 231938.99115645725 5147506.710756884
 231947.213005304 5147512.48991971
 231956.41644383664 5147516.5265322
 231965.12908755025 5147521.434419873
 231973.35093639704 5147527.213582699
 231981.57278524296 5147532.99274553
 231989.7946340899 5147538.771908361
 231999.48886749003 5147541.93724569
 232007.710716336 5147547.71640852
 232016.423360034 5147552.624296185
 232025.13600373152 5147557.532183845
 232033.848647429 5147562.44007151
 232042.752705018 5147566.968557475
 232051.87733604 5147571.05984459
 232061.001967062 5147575.151131704
 232068.8700502493 5147581.483678352
 232077.0387685145 5147587.33769948
 232086.20495219823 5147591.458208942
 232095.37113588385 5147595.578718393
 232104.5373195685 5147599.699227855
 232112.7060378328 5147605.553248984
 232120.8747560963 5147611.407270122
 232130.04093978184 5147615.527779574
 232137.7109253347 5147622.248556551
 232147.37584173083 5147625.502310163
 232156.0432927049 5147630.489575463
 232164.21201096964 5147636.343596592
 232173.8769273645 5147639.597350215
 232182.54437833905 5147644.584615505
 232191.21182931348 5147649.571880805
 232199.879280288 5147654.559146095
 232209.0331621083 5147658.720801254
 232216.1276590285 5147666.380150767
 232225.7593262565 5147669.731047335
 232234.376125364 5147674.80532508
 232243.5003585384 5147679.017912243
 232250.59485546092 5147686.677261757
 232259.21165456795 5147691.751539508
 232269.3507558614 5147694.240745483
 232276.4452527812 5147701.900094996
 232285.06205189097 5147706.974372746
 232294.18628505824 5147711.1869599065
 232302.8030841576 5147716.261237646
 232311.4198832732 5147721.335515396
 232320.03668238057 5147726.409793146
 232329.173920726 5147730.600043405
 232337.840578453 5147735.5886870455
 232346.0083656296 5147741.444007194
 232354.6750233573 5147746.432650836
 232362.84281054809 5147752.287970989
 232372.0083388183 5147756.409938115
 232380.1761260021 5147762.265258269
 232387.84504264145 5147768.987254937
 232396.51170037067 5147773.975898579
 232405.17835810044 5147778.964542219
 232415.3416274543 5147781.353156315
 232424.5071557245 5147785.47512344
 232432.17607235108 5147792.197120097
 232440.8427300763 5147797.185763735
 232450.00825835468 5147801.307730866
 232458.67491608235 5147806.296374505
 232467.3415738096 5147811.285018144
 232476.00823154429 5147816.273661785
 232484.17601872943 5147822.12898194
 232493.8404175415 5147825.38427255
 232502.00793876464 5147831.239577054
 232509.1754049027 5147838.830544639
 232519.33788001412 5147841.222535657
 232528.0028796354 5147846.214058776
 232537.167037753 5147850.339071199
 232544.3345618873 5147857.930126431
 232552.00124451576 5147864.654670953
 232562.6628781214 5147866.180151266
 232571.3278777434 5147871.171674387
 232579.4937188525 5147877.029708203
 232588.15871847584 5147882.021231324
 232597.32287660745 5147886.146243757
 232606.487034726 5147890.271256175
 232613.65455886116 5147897.8623114005
 232623.31787546477 5147901.120813116
 232631.48371659784 5147906.978846947
 232640.14871622025 5147911.970370068
 232649.812032834 5147915.228871785
 232657.47871546185 5147921.9534163065
 232665.64455656637 5147927.811450121
 232675.79794871248 5147930.21910126
 232683.42465622272 5147936.988950146
 232693.06849776948 5147940.304646431
 232701.70377229748 5147945.3474190105
 232709.8347633176 5147951.253729753
 232718.4700378456 5147956.296502333
 232727.10531238228 5147961.339274923
 232735.23630339376 5147967.245585658
 232744.37586143165 5147971.424820084
 232752.50685245075 5147977.331130827
 232762.15069399695 5147980.6468271
 232770.7859685255 5147985.689599689
 232779.9255265633 5147989.868834117
 232787.55223408056 5147996.638683013
 232796.20922864412 5148001.679208824
 232804.9325835853 5148006.568032804
 232813.65593853325 5148011.456856795
 232822.37929348127 5148016.345680774
 232831.10264843036 5148021.234504764
 232839.33711492005 5148026.99567505
 232847.57158140984 5148032.756845344
 232856.7838248157 5148036.773323029
 232865.9960682233 5148040.789800704
 232874.23053471305 5148046.550971
 232883.4427781193 5148050.567448675
 232891.67724461007 5148056.328618969
 232900.88948802408 5148060.345096654
 232909.61284296436 5148065.233920635
 232917.8473094537 5148070.99509093
 232926.57066440303 5148075.883914909
 232934.80513089284 5148081.645085204
 232943.49026589288 5148086.534312008
 232952.65771812212 5148090.651998339
 232960.3297731399 5148097.370412873
 232968.99875963683 5148102.355008602
 232979.1631433703 5148104.73887615
 232986.3367326319 5148112.324200073
 232995.5041848769 5148116.441886409
 233004.67163712333 5148120.559572754
 233012.8421578701 5148126.4110778775
 233021.51114434795 5148131.395673601
 233030.18013086592 5148136.380269349
 233038.35065161364 5148142.231774472
 233047.01963808265 5148147.216370191
 233055.7165498126 5148152.190478652
 233064.90349409168 5148156.264491037
 233074.09043834265 5148160.338503414
 233082.783048058 5148165.281787534
 233089.99265416243 5148172.832886889
 233100.1682674874 5148175.168355776
 233107.37787358885 5148182.719455127
 233116.0704832677 5148187.662739222
 233126.24609662907 5148189.998208125
 233134.44437180468 5148195.810763988
 233142.148312451 5148202.492591601
 233151.335256698 5148206.5666039735
 233160.5222009506 5148210.640616351
 233169.21481066165 5148215.583900468
 233177.41308581055 5148221.396456311
 233185.46379306875 5148227.29181104
 233194.5792272663 5148231.523404241
 233202.6762039551 5148237.476259848
 233212.30086690356 5148240.84722183
 233221.416301098 5148245.07881503
 233229.00404903828 5148251.892301848
 233238.628711986 5148255.263263829
 233247.23491743003 5148260.35548824
 233255.841122874 5148265.447712639
 233263.42887081657 5148272.261199459
 233272.0350762605 5148277.353423869
 233280.64128170605 5148282.445648271
 233289.7567158985 5148286.677241459
 233298.87215009364 5148290.90883466
 233306.9691267885 5148296.861690269
 233315.57533223229 5148301.953914669
 233325.19999517777 5148305.32487666
 233332.2785143695 5148312.99899469
 233341.92455606663 5148316.349232358
 233350.04499083877 5148322.270048235
 233359.68289820524 5148325.602954341
 233368.8149813735 5148329.798497045
 233377.4412403435 5148334.856676335
 233385.055850916 5148341.640128799
 233393.6821099013 5148346.698308092
 233403.3200172525 5148350.031214194
 233412.45210042075 5148354.226756899
 233420.5725351915 5148360.147572774
 233428.18714578025 5148366.9310252415
 233436.813404735 5148371.989204519
 233446.4513121015 5148375.322110634
 233454.57174687224 5148381.242926512
 233462.6921816592 5148387.163742391
 233470.30679222025 5148393.947194843
 233480.45052378223 5148396.417464372
 233488.570958553 5148402.338280248
 233497.70304172125 5148406.533822952
 233506.837299814 5148410.725626094
 233514.00030496725 5148418.320945613
 233523.6616806284 5148421.585197735
 233532.3237080864 5148426.581876813
 233540.48606144145 5148432.444769373
 233548.64841479925 5148438.307661934
 233557.8101163589 5148442.4381275335
 233566.4721438168 5148447.434806614
 233575.1341712748 5148452.431485695
 233583.2965246313 5148458.294378253
 233592.9579002924 5148461.558630374
 233600.62057956823 5148468.287736431
 233609.7822811222 5148472.418202029
 233617.9446344633 5148478.281094583
 233627.1063360228 5148482.411560184
 233635.7683634808 5148487.408239265
 233644.43039093885 5148492.404918344
 233653.5781889537 5148496.548268793
 233662.21232685904 5148501.592987232
 233670.34198666457 5148507.501130161
 233678.4716464704 5148513.409273089
 233687.1057843751 5148518.453991528
 233695.7399222832 5148523.49870997
 233704.3740601892 5148528.54342841
 233713.0081981142 5148533.588146865
 233721.64233599932 5148538.632865289
 233730.27647392912 5148543.677583748
 233741.4330022972 5148544.405179725
 233749.56266211023 5148550.313322658
 233757.18784383044 5148557.0848900825
 233766.83093792133 5148560.402759538
 233775.4650758273 5148565.447477978
 233783.5947356405 5148571.3556209095
 233793.23782973253 5148574.673490366
 233801.3674895453 5148580.581633298
 233810.5142989518 5148584.770979027
 233818.59172894145 5148590.765919427
 233826.6597044755 5148596.75802191
 233835.24108178949 5148601.891976035
 233844.84926264963 5148605.309633422
 233853.4306399623 5148610.443587541
 233861.4986155037 5148616.435690028
 233870.0799928177 5148621.569644148
 233878.147968359 5148627.561746635
 233888.26955099084 5148630.121255654
 233895.82412475965 5148636.971506508
 233904.91890384624 5148641.247312261
 233914.0136829555 5148645.523118031
 233922.5950602695 5148650.657072152
 233930.14963402317 5148657.507322996
 233939.24441310225 5148661.783128751
 233947.3123886436 5148667.7752312375
 233954.86696241307 5148674.625482093
 233963.9044880845 5148679.583374125
 233973.690686135 5148681.843783738
 233982.51001011403 5148686.9640421625
 233992.980253678 5148687.225279165
 234002.683943778 5148689.641044045
 234012.9229824136 5148690.371894881
 234022.76423938345 5148692.408358079
 234031.70827722896 5148697.30751195
 234040.5974987715 5148702.188694324
 234049.49761688695 5148706.67851915
 234058.88988876983 5148710.6512701325
 234066.31298116216 5148717.7804257
 234072.3079034855 5148725.8513335455
 234080.26345643375 5148732.231513699
 234085.24896592647 5148741.193479165
 234089.084148026 5148750.552881345
 234094.86339478465 5148759.333938124
 234096.5167206668 5148769.155192192
 234097.4497487085 5148779.310337695
 234101.25834933083 5148788.610449669
 234104.1084257617 5148798.195572826
 234105.0414538041 5148808.350718332
 234109.80857862064 5148817.36581913
 234112.034848971 5148827.127528055
 234117.61195848443 5148835.432570774
 234123.0721886942 5148843.632299413
 234130.68582397263 5148850.416846505
 234136.9242980653 5148857.854604354
 234143.6622114985 5148865.243653316
 234149.9797016161 5148872.822694003
 234157.49397111003 5148878.304653894
 234167.1461178936 5148879.209972045
 234177.2182761932 5148880.714510083
 234187.2961976585 5148877.501414955
 234197.21256520055 5148880.73743888
 234207.5152686421 5148884.415949203
 234215.6618492047 5148890.300738648
 234224.9474543013 5148896.844441045
 234231.55315688855 5148904.418225756
 234233.66271069564 5148915.458832328
 234238.756530938 5148924.059645388
 234244.76376569044 5148931.415431039
 234250.9160955922 5148937.463037599
 234258.65659719252 5148943.192471789
 234265.4754522309 5148951.419826272
 234273.2229543971 5148957.616341575
 234281.05557597696 5148963.940388889
 234286.76380936976 5148972.256852673
 234291.81984515145 5148981.041951935
 234296.22851189636 5148990.017539885
 234300.6767381293 5148998.956947799
 234305.3517472448 5149007.769915333
 234311.2148236965 5149015.517864065
 234320.37979623277 5149018.440196776
 234330.071904516 5149022.202437585
 234340.032542127 5149023.087434705
 234350.22992809935 5149024.151462736
 234360.2447680829 5149025.056375633
 234370.14211435584 5149022.085685879
 234380.182610063 5149021.654446431
 234390.2549062656 5149021.917614588
 234399.9537603985 5149024.550056405
 234410.36577458828 5149023.278733232
 234419.82427145244 5149027.091128601
 234429.83681482467 5149027.955129082
 234439.0677788776 5149032.772810987
 234449.041020919 5149034.0105366055
 234458.5716710146 5149037.198675607
 234468.5429205095 5149038.44421966
 234478.169029644 5149041.1509163305
 234488.0630620157 5149042.913200383
 234497.1397479485 5149047.561995274
 234507.578677924 5149047.399938765
 234517.20026147892 5149050.124393095
 234526.54939622825 5149053.811017705
 234536.17097978265 5149056.5354720345
 234545.52011453305 5149060.222096644
 234554.86924927225 5149063.908721258
 234564.4908328289 5149066.633175588
 234574.438332749 5149068.193389975
 234584.148240722 5149070.584040236
 234593.85814869503 5149072.974690501
 234603.568056668 5149075.36534076
 234612.5607606625 5149080.668999514
 234623.22694060684 5149079.175638456
 234631.9805766112 5149085.450300034
 234641.9295525937 5149086.869947474
 234651.63946056663 5149089.260597734
 234661.58843651405 5149090.680245164
 234671.77648047183 5149091.128889766
 234681.72545643765 5149092.548537197
 234690.95722842505 5149096.881193114
 234701.38434034752 5149096.358834884
 234710.61611235412 5149100.691490809
 234720.5650883279 5149102.111138246
 234729.796860317 5149106.443794165
 234739.50676829 5149108.834444425
 234748.91444758736 5149112.364203031
 234759.09186528172 5149113.010493078
 234768.4956783005 5149116.555323415
 234778.67309599524 5149117.201613463
 234788.07690900404 5149120.746443801
 234797.4807220315 5149124.29127414
 234807.1424032755 5149126.86992438
 234817.06195273504 5149128.48239452
 234826.20789754696 5149132.9934049575
 234836.38531522144 5149133.639695001
 234845.7891282505 5149137.184525341
 234855.19294127796 5149140.729355679
 234864.85462252196 5149143.308005919
 234875.0320402069 5149143.954295969
 234883.92011677477 5149149.431486497
 234894.0969588375 5149150.079909825
 234904.2708181064 5149150.78148589
 234913.3918885135 5149155.342581845
 234923.82877170749 5149155.079920265
 234932.94984208597 5149159.641016207
 234942.58409923772 5149161.838961322
 234951.9719788288 5149166.4068096345
 234961.97896014244 5149167.094457022
 234971.6563621036 5149169.804699287
 234981.0868875057 5149172.756817645
 234990.2884175968 5149175.573283874
 235000.48165770932 5149175.957267332
 235009.81149993627 5149178.336372999
 235019.0426641009 5149181.709141272
 235028.4257205471 5149184.327746676
 235037.59943594784 5149187.580303546
 235047.36279099228 5149189.714663297
 235057.2192047225 5149191.775173046
 235067.27759099883 5149193.184975119
 235077.08520027695 5149195.377763701
 235086.26437384824 5149199.469254097
 235096.07198314465 5149201.66204269
 235105.03258373128 5149205.982393157
 235115.4459755465 5149205.234868695
 235124.5511711425 5149210.342993019
 235134.0645711425 5149213.618068935
 235144.01442328256 5149215.031562436
 235153.725808066 5149217.416206457
 235163.2718501145 5149220.436630705
 235173.041364621 5149222.5455688
 235182.712981023 5149225.08670195
 235192.384597425 5149227.6278351005
 235202.31033029608 5149229.201794625
 235211.9963830197 5149231.632989981
 235221.2182424746 5149235.986704442
 235231.596248698 5149236.35450023
 235240.43568952367 5149239.674408936
 235250.3489832188 5149242.205488727
 235259.954206414 5149244.86864552
 235269.6591723585 5149247.277837776
 235279.54557763267 5149249.082700772
 235288.60187629497 5149253.771088135
 235298.5231496605 5149255.44654472
 235308.46540221327 5149256.912537823
 235318.65124489885 5149257.408652656
 235327.8627269933 5149261.784280535
 235337.07420908933 5149266.159908416
 235346.7728714833 5149268.595779775
 235357.11490504997 5149268.019301802
 235366.7395135687 5149270.911434676
 235376.2290795601 5149274.632356425
 235386.22492371305 5149275.4567905
 235395.22870456488 5149280.50146383
 235405.1548381205 5149282.072894453
 235413.57562832208 5149285.3095485605
 235424.21108682064 5149286.682996962
 235433.6797303488 5149288.492568409
 235443.96456603537 5149292.885155969
 235453.10453416425 5149293.416026312
 235461.5142551452 5149297.172630766
 235471.5768392661 5149300.620556129
 235479.2189280555 5149300.205369253
 235490.054416258 5149302.9603133
 235501.2806048064 5149303.217083201
 235508.19759180472 5149307.985184752
 235517.72675858668 5149309.989505713
 235527.06012312885 5149310.366407825
 235536.9978966633 5149316.974210695
 235546.641638271 5149316.182522794
 235556.3542758801 5149318.52175455
 235565.32879217475 5149323.856131583
 235575.0304689283 5149326.279969547
 235584.2473720014 5149330.644166881
 235592.4918737252 5149331.939928993
 235602.1267012909 5149335.645813827
 235612.2703455097 5149337.208767459
 235622.1625156615 5149339.03679646
 235632.285926308 5149340.467651677
 235641.3692124609 5149345.056197044
 235650.89418265875 5149346.368999247
 235660.73483764532 5149347.747576702
 235670.0857255102 5149351.429752358
 235679.98059529532 5149353.187328402
 235690.2977289197 5149354.085797542
 235698.9056299715 5149359.233119819
 235708.20341750316 5149363.422232921
 235718.22262224 5149364.84675542
 235728.2685789855 5149365.12293372
 235737.91596777292 5149367.714702281
 235747.69046612573 5149369.825792919
 235756.67861490045 5149374.451825975
 235765.43479310675 5149380.137497772
 235775.03284771377 5149382.943717524
 235784.91152778253 5149384.79011992
 235795.0708333027 5149385.676704962
 235805.28396811365 5149386.516856858
 235814.5017373494 5149390.879224584
 235824.44608919488 5149392.330908935
 235833.9060526514 5149395.723048874
 235843.4686907331 5149398.175752262
 235852.7771937527 5149401.963798338
 235862.93437568797 5149402.87438996
 235872.80866461975 5149404.744133053
 235882.4000606048 5149407.573027644
 235891.425670661 5149412.320225194
 235901.017066646 5149415.149119784
 235911.1742485692 5149416.059711402
 235920.29752052177 5149420.862125127
 235930.8015334805 5149420.042594335
 235940.2249001375 5149424.425317667
 235949.92301841697 5149425.624242205
 235958.93281176797 5149429.513607568
 235968.5781658337 5149432.813452993
 235978.1779293397 5149435.613821213
 235987.72270064897 5149438.4282473065
 235997.8669429652 5149439.473172946
 236007.4373037264 5149442.425713879
 236016.87438798597 5149445.960529639
 236026.544234118 5149448.50839096
 236036.21408024896 5149451.056252279
 236045.62913708368 5149454.571110195
 236055.55377251297 5149456.151974919
 236064.96882937648 5149459.666832836
 236074.63867550847 5149462.214694156
 236084.63938070563 5149463.66493239
 236095.53298836015 5149461.149612601
 236105.2539667144 5149463.494842223
 236113.80231568043 5149470.70062123
 236122.58519053788 5149476.934290358
 236132.0716429954 5149480.251629846
 236141.79262131837 5149482.596859466
 236151.51359964235 5149484.942089077
 236162.8762590335 5149480.4825495295
 236172.83176322392 5149481.85566927
 236182.55274154863 5149484.200898881
 236192.2711488513 5149486.565830073
 236201.750472555 5149489.90348549
 236212.176228068 5149489.354720081
 236221.6555517699 5149492.692375487
 236231.60809138 5149494.086820492
 236241.08741508363 5149497.424475897
 236250.5667387873 5149500.762131313
 236260.755886348 5149501.184971102
 236270.23521005164 5149504.522626517
 236279.477925803 5149508.83188713
 236289.6670733619 5149509.254726926
 236298.6731811629 5149514.535592747
 236308.38911281893 5149516.901642957
 236318.1050444749 5149519.267693167
 236327.82097613093 5149521.633743367
 236337.06369188183 5149525.94300399
 236346.9609848577 5149527.380446587
 236357.396114426 5149527.055497014
 236366.8016450555 5149530.595767485
 236376.2071756937 5149534.136037963
 236385.8701060636 5149536.710003424
 236395.27563668357 5149540.250273896
 236404.9385670525 5149542.824239356
 236414.60149742156 5149545.3982048165
 236425.0366269994 5149545.073255247
 236434.18475789813 5149549.579830736
 236444.1050880085 5149551.187491185
 236453.25321889852 5149555.694066666
 236463.17354901665 5149557.301727124
 236472.8364793856 5149559.875692584
 236482.24201000555 5149563.415963057
 236491.64754063508 5149566.956233528
 236501.56787074357 5149568.563893978
 236511.2486648853 5149571.120554349
 236520.92796617516 5149573.63225649
 236530.60726750435 5149576.14395864
 236540.5377421273 5149577.687718654
 236550.4682167695 5149579.23147868
 236559.8963447569 5149582.711122952
 236569.8268193895 5149584.25488297
 236579.00377405435 5149588.70246937
 236588.9342486869 5149590.2462293925
 236598.6135499873 5149592.757931534
 236608.04167798333 5149596.2375758095
 236617.97215260635 5149597.781335824
 236627.9026272485 5149599.32509585
 236637.5819285585 5149601.836797996
 236647.2612298685 5149604.34850014
 236656.9405311785 5149606.8602022845
 236666.8710058111 5149608.403962307
 236676.2991337985 5149611.88360658
 236686.23330315104 5149613.43805313
 236695.63935767248 5149616.976931475
 236705.04541219492 5149620.515809819
 236715.48049355057 5149620.1893157605
 236724.3720346464 5149625.660880302
 236734.80711601157 5149625.334386251
 236743.69865710824 5149630.8059507925
 236753.36196834795 5149633.378486039
 236763.025279578 5149635.951021279
 236773.2031042356 5149636.590870328
 236782.8664154554 5149639.163405571
 236792.52972668613 5149641.73594081
 236802.1930379276 5149644.308476057
 236811.59909243952 5149647.8473544
 236821.005146962 5149651.386232739
 236830.41120146704 5149654.925111079
 236840.33176942385 5149656.53130323
 236850.2523373625 5149658.137495374
 236859.658391884 5149661.676373719
 236868.80718969792 5149666.181595158
 236878.21324418456 5149669.720473493
 236887.73689282467 5149672.376214681
 236897.32445030072 5149675.218091382
 236907.19619896827 5149677.101200453
 236916.9289973528 5149679.121376188
 236925.232314472 5149683.805858513
 236934.91884969347 5149687.78008903
 236944.3066635958 5149691.207861272
 236954.4134152984 5149693.787551578
 236964.10026134484 5149695.866834702
 236973.8410223548 5149698.128492602
 236983.8534746952 5149700.096163535
 236993.7287084129 5149701.670101465
 237003.69598636395 5149703.128902904
 237014.53730080547 5149697.5196762895
 237023.64634075965 5149703.916784638
 237033.83155100036 5149704.425718623
 237043.28232940048 5149707.84336535
 237053.2227290281 5149709.321870253
 237063.1631286564 5149710.800375146
 237072.85871766863 5149713.248450967
 237081.5219612374 5149719.6712407945
 237090.9254641604 5149723.216893604
 237100.5869198593 5149725.796388886
 237111.02223367948 5149725.477411535
 237119.90983116964 5149730.955379423
 237130.34514501848 5149730.63640208
 237140.26455341413 5149732.249739816
 237149.4101036405 5149736.761550171
 237159.58746475316 5149737.408730365
 237169.76482587532 5149738.055910558
 237178.91037608255 5149742.567720909
 237188.5718317611 5149745.147216186
 237197.7173819769 5149749.659026534
 237207.1208849202 5149753.204679354
 237217.0402933159 5149754.818017085
 237227.21765442856 5149755.465197278
 237236.3632046549 5149759.977007634
 237246.54056577623 5149760.624187825
 237256.20146162284 5149763.208039302
 237265.86140898557 5149765.793177266
 237275.52135635915 5149768.378315224
 237285.4398207432 5149769.997446485
 237295.61680212285 5149770.650571029
 237304.2426814815 5149777.099735821
 237313.9026288545 5149779.68487378
 237323.5625762265 5149782.270011745
 237332.96400660544 5149785.821156415
 237342.8824709715 5149787.44028767
 237352.80093534687 5149789.059418922
 237361.6853317098 5149794.542577004
 237371.3452790992 5149797.127714974
 237381.00522647396 5149799.712852934
 237390.92369083888 5149801.331984185
 237400.5836382021 5149803.917122148
 237410.5021025785 5149805.5362534
 237420.1620499505 5149808.12139136
 237430.07876317747 5149809.713820024
 237440.0106119092 5149811.248715012
 237449.191533024 5149815.68810785
 237459.1233817355 5149817.223002834
 237468.3043028695 5149821.662395676
 237477.9858423801 5149824.165456609
 237488.1680002935 5149824.732185644
 237497.59923062 5149828.203412535
 237507.0304609474 5149831.674639426
 237517.2126188608 5149832.241368461
 237526.8941583696 5149834.744429395
 237536.57569788944 5149837.247490334
 237545.7566190235 5149841.686883176
 237555.68846773505 5149843.22177816
 237565.1196980625 5149846.693005046
 237574.30061919653 5149851.132397887
 237584.48277710137 5149851.699126925
 237594.414625812 5149853.23402191
 237605.3477112901 5149850.896253089
 237615.0254048292 5149853.388306411
 237623.96300947852 5149858.784299788
 237634.14589246764 5149859.337847304
 237642.33633012444 5149867.639308193
 237652.02110180224 5149870.129834063
 237661.4568178295 5149873.588849104
 237671.6397008321 5149874.142396624
 237681.8225838599 5149874.6959441565
 237691.258299861 5149878.154959191
 237700.44496018524 5149882.582463393
 237710.627843214 5149883.136010925
 237720.3126148905 5149885.62653679
 237730.2464422429 5149887.148573487
 237739.43310256736 5149891.576077694
 237749.61598558715 5149892.129625219
 237759.058951946 5149895.5600933
 237768.0286031605 5149900.902646841
 237777.97133779177 5149902.365366793
 237787.9140724231 5149903.828086747
 237797.3702653632 5149907.230723503
 237807.069729142 5149909.663401852
 237817.01246376376 5149911.126121805
 237826.71192754057 5149913.558800153
 237836.4113913176 5149915.991478504
 237845.86758425093 5149919.394115254
 237855.81031887248 5149920.856835204
 237865.50978264856 5149923.2895135535
 237874.72270473745 5149927.662108704
 237884.6654393589 5149929.124828653
 237894.3649031342 5149931.557507003
 237904.0643669112 5149933.990185353
 237914.00710152485 5149935.452905307
 237923.70656530184 5149937.885583657
 237932.7950405132 5149941.936358964
 237942.2552130958 5149945.177139093
 237952.03946774208 5149947.471890249
 237961.17555831617 5149951.658699365
 237971.2838949715 5149953.00742153
 237980.4199855467 5149957.19423065
 237989.55607610347 5149961.381039764
 237999.3403307481 5149963.675790919
 238008.47642132212 5149967.862600034
 238018.9088400131 5149968.265293218
 238028.044930578 5149972.452102335
 238037.18102114377 5149976.638911452
 238046.64119375392 5149979.87969159
 238056.1013663549 5149983.12047172
 238065.23745691148 5149987.307280834
 238075.34579358305 5149988.656003005
 238085.1300482201 5149990.950754158
 238094.59022081216 5149994.191534291
 238103.7847409395 5149998.201192889
 238113.01428170007 5150002.177761611
 238122.8485037145 5150004.247930435
 238132.38038510148 5150007.271299209
 238141.912266489 5150010.29466798
 238151.14180725007 5150014.271236701
 238160.976029264 5150016.341405525
 238170.5079106515 5150019.3647743
 238179.4351107856 5150024.294542971
 238188.6646515472 5150028.271111692
 238198.1965329621 5150031.294480476
 238208.0307549476 5150033.364649291
 238218.77199884132 5150032.575218259
 238227.9412936204 5150036.916582719
 238235.7486204053 5150043.602562079
 238243.3011543442 5150049.717643088
 238251.1746253675 5150055.961882981
 238256.95427418305 5150064.363857811
 238264.11351733556 5150071.33652936
 238272.6628830625 5150076.895833925
 238281.92342326627 5150081.676211531
 238287.085767187 5150090.750776354
 238294.3194653255 5150097.655204846
 238301.5531634635 5150104.559633335
 238307.4059587905 5150112.910819381
 238316.71101114576 5150117.645111526
 238324.6351606895 5150123.826161238
 238329.79750461027 5150132.900726063
 238337.0312027483 5150139.805154553
 238344.9553522925 5150145.986204265
 238352.1890504305 5150152.890632754
 238358.73229716325 5150160.518440023
 238365.9659953013 5150167.422868513
 238373.19969343927 5150174.327297002
 238380.43339157675 5150181.2317254925
 238387.6515398591 5150188.136320245
 238394.10992130463 5150195.836114435
 238401.26672193265 5150202.820219696
 238409.1219417488 5150209.088636036
 238416.27874237637 5150216.072741294
 238423.43554300437 5150223.056846554
 238431.2907628105 5150229.32526288
 238438.4475634385 5150236.30936814
 238444.20752571017 5150244.72485127
 238452.0627455116 5150250.993267595
 238459.2195461396 5150257.977372855
 238467.0747659505 5150264.245789185
 238474.2315665785 5150271.229894445
 238479.9915288397 5150279.645377565
 238487.1483294677 5150286.629482824
 238495.0035492791 5150292.897899156
 238502.10922052225 5150299.900107457
 238510.53071515675 5150305.651276872
 238516.09237353224 5150314.199111546
 238523.79890909948 5150320.649447275
 238531.50544466675 5150327.099783003
 238537.06710304125 5150335.647617676
 238544.05867955124 5150342.797119726
 238551.05025605124 5150349.946621767
 238558.756791624 5150356.3969575
 238566.46332719675 5150362.847293233
 238573.45490369675 5150369.996795273
 238580.4464802068 5150377.146297324
 238586.7230976435 5150384.99496568
 238592.99971508124 5150392.843634036
 238599.99129159123 5150399.993136087
 238606.98053167143 5150407.161317983
 238615.7967493581 5150412.589317559
 238625.89857505 5150413.35569251
 238635.8944220629 5150411.166739159
 238645.8932505849 5150410.934433812
 238655.9356868716 5150412.708410969
 238665.94412773417 5150412.367402
 238675.86293687683 5150409.997856281
 238685.8930240005 5150410.62624605
 238695.92311112417 5150411.25463582
 238705.84192026683 5150408.885090101
 238715.83491473127 5150408.514168039
 238725.865001854 5150409.14255781
 238735.82090365683 5150407.77232392
 238745.8509907805 5150408.40071369
 238755.73270726623 5150405.031856138
 238765.79988704828 5150406.659557739
 238775.79288151083 5150406.28863568
 238785.86006129417 5150407.916337281
 238795.8159630975 5150406.54610339
 238805.7728062963 5150405.181060577
 238815.83705060917 5150406.818054179
 238825.8309489001 5150406.472339729
 238835.7902753115 5150405.12722306
 238845.8878892374 5150407.779715247
 238855.81264377013 5150405.435196369
 238865.7719701825 5150404.090079701
 238875.80044034088 5150404.7437674645
 238885.7597667625 5150403.398650795
 238895.7190931739 5150402.053534132
 238905.7821352119 5150403.706624104
 238915.81060537216 5150404.360311869
 238925.7007880458 5150401.016390771
 238935.7984019699 5150403.668882963
 238945.7577283729 5150402.323766293
 238955.78619853128 5150402.977454058
 238965.67638120588 5150399.633532961
 238975.6406621616 5150397.32205534
 238985.7033300095 5150400.104183486
 238995.73278850547 5150400.822747549
 239005.7269823073 5150400.485683795
 239015.6874693015 5150399.14918828
 239025.749076689 5150400.810988059
 239035.7095636827 5150399.474492544
 239045.63634387872 5150397.138565266
 239055.697951256 5150398.80036504
 239065.6584382605 5150397.463869525
 239075.686338839 5150398.12623754
 239085.7142394185 5150398.788605554
 239095.67472642305 5150397.452110039
 239105.66892022477 5150397.115046285
 239115.66311401624 5150396.777982535
 239125.691014606 5150397.440350549
 239135.61779550952 5150395.10444438
 239145.64538684057 5150395.771167775
 239155.60648077552 5150394.439203395
 239165.63407901465 5150395.106133005
 239175.6284251016 5150394.773615615
 239185.5562668844 5150392.442204246
 239195.5838651235 5150393.10913385
 239205.61146336317 5150393.776063465
 239215.53930514588 5150391.444652086
 239225.56690338496 5150392.111581694
 239235.56124947203 5150391.77906431
 239245.555595559 5150391.44654692
 239255.549941646 5150391.11402954
 239265.5775398851 5150391.780959144
 239275.57188596285 5150391.44844176
 239285.46647560276 5150388.117583391
 239295.5605781461 5150390.783406985
 239305.515021442 5150389.303242415
 239315.5553818546 5150389.7376206
 239325.53933857565 5150389.173590739
 239335.636102676 5150390.606376969
 239345.3944446424 5150386.04871493
 239355.434805055 5150386.483093115
 239365.418761777 5150385.919063255
 239375.3723354282 5150384.379206185
 239385.3672730092 5150384.064970155
 239395.42505856883 5150385.749746414
 239405.41999614975 5150385.435510384
 239415.3520857502 5150383.122262065
 239425.40987130985 5150384.807038324
 239435.4048089001 5150384.492802299
 239445.368322481 5150383.179060125
 239455.363260062 5150382.864824095
 239465.2953513804 5150380.551577514
 239475.321712382 5150381.236855995
 239485.348073384 5150381.922134475
 239495.4058575446 5150383.606919137
 239505.33794906895 5150381.293679105
 239515.332886912 5150380.979451415
 239525.327824755 5150380.665223734
 239535.3541857575 5150381.350502216
 239545.31770044 5150380.03676836
 239555.312638283 5150379.722540675
 239565.27615296692 5150378.408806815
 239575.2396676709 5150377.095072959
 239585.36029812915 5150380.778869957
 239595.3238128131 5150379.465136096
 239605.2873274965 5150378.151402241
 239615.31368849857 5150378.836680726
 239625.277203182 5150377.522946864
 239635.2407177861 5150376.209212692
 239645.23565560608 5150375.894984282
 239655.262016655 5150376.58026205
 239665.31980093475 5150378.265045977
 239675.28331552484 5150376.951311399
 239685.246830115 5150375.637576825
 239695.21034470608 5150374.323842251
 239705.236705755 5150375.00912001
 239715.231643575 5150374.6948916
 239725.2580046249 5150375.380169367
 239735.19009598708 5150373.06692862
 239745.1850338071 5150372.752700211
 239755.211394856 5150373.43797798
 239765.17490944616 5150372.124243402
 239775.16984726617 5150371.810014992
 239785.25905477384 5150374.494305097
 239795.1434037875 5150371.086824203
 239805.1776747835 5150371.644432755
 239815.1236613347 5150370.203990787
 239825.1579323195 5150370.761599335
 239835.1039188717 5150369.321157368
 239845.1381898565 5150369.87876592
 239855.0841764087 5150368.438323958
 239865.1625896103 5150369.994957762
 239875.1085761615 5150368.554515796
 239885.0987049305 5150368.113099085
 239895.13297592552 5150368.6707076365
 239905.078962467 5150367.230265675
 239915.11323345228 5150367.787874222
 239925.10336222028 5150367.346457513
 239935.0493487725 5150365.906015545
 239945.1277619945 5150367.462649354
 239955.03312114748 5150365.118445786
 239965.05821372545 5150365.822036735
 239975.05370884732 5150365.5260657845
 239985.04920396837 5150365.230094834
 239995.04469909865 5150364.934123889
 240005.04019421968 5150364.638152938
 240015.03568934067 5150364.342181988
 240025.03118446167 5150364.046211039
 240035.05627704973 5150364.749801988
 240044.992577238 5150362.454707244
 240054.988072359 5150362.158736295
 240065.07165761135 5150363.831903655
 240074.813889589 5150360.3496623095
 240084.6935499813 5150360.57142037
 240094.3220217274 5150361.123466306
 240104.28135620803 5150359.254872445
 240114.21630276577 5150358.914864966
 240124.042406262 5150359.0346891
 240134.14097286316 5150358.85345366
 240143.84174169108 5150359.123841204
 240153.8338516077 5150358.729579014
 240163.865373734 5150359.334573135
 240173.8574753105 5150358.940330055
 240183.8495768865 5150358.546086974
 240193.8022536649 5150357.152621345
 240202.1248473557 5150356.367816767
 240211.73512071892 5150356.629029769
 240221.3612467789 5150356.738989594
 240231.23973775603 5150357.352260915
 240241.4271292062 5150356.4031535
 240250.537789835 5150355.104355214
 240259.5872946788 5150356.061816602
 240269.619178079 5150355.161787976
 240279.6112790975 5150354.767530751
 240289.64280633436 5150355.37249601
 240299.595481134 5150353.9790163
 240309.587582152 5150353.58475907
 240319.51649195628 5150354.237878874
 240329.42366941695 5150354.87000703
 240339.396436879 5150354.395452175
 240349.31630902248 5150353.423214845
 240359.29030861548 5150353.862005825
 240369.222999254 5150352.80547803
 240379.217315615 5150352.670941016
 240389.2123990715 5150352.393822545
 240399.2295739601 5150351.306630441
 240408.9400257495 5150351.85455714
 240418.48238511803 5150349.288063965
 240428.513917231 5150349.892948212
 240438.4569055738 5150349.714814151
 240448.45599147188 5150349.840522971
 240458.4550773713 5150349.966231791
 240468.416224896 5150347.724523374
 240478.4582569355 5150348.67252189
 240488.4360961414 5150347.677308283
 240498.435082624 5150348.07435555
 240508.3160148811 5150346.230737035
 240518.38347607612 5150346.14739712
 240528.36424220155 5150345.870522276
 240538.3864892915 5150346.529235585
 240548.36986407748 5150345.95593901
 240558.27833546072 5150343.38596369
 240568.3521711285 5150345.28360107
 240578.31751453032 5150344.160197258
 240588.3450598875 5150344.82302491
 240598.3284395425 5150344.250890865
 240608.25908114083 5150342.707673047
 240618.15687305236 5150341.077020216
 240628.18755014124 5150340.51848111
 240638.181529922 5150343.099349815
 240648.13607792728 5150342.793541756
 240658.055987095 5150342.958361195
 240667.9997620621 5150341.426426914
 240677.849649772 5150340.89300189
 240687.806265462 5150340.055036025
 240697.7291855715 5150340.873242065
 240707.32939452355 5150340.715078712
 240717.4695108125 5150340.786784555
 240727.32569257196 5150337.343823517
 240737.0491669609 5150337.242654585
 240747.1042806849 5150337.4326739535
 240757.0540648048 5150337.021759023
 240767.103295891 5150337.37887415
 240777.0486199036 5150335.933864879
 240787.0446778905 5150336.373339925
 240796.99311920008 5150335.308440033
 240806.9217935929 5150334.837806248
 240816.9742091145 5150335.576108554
 240826.96766651745 5150337.878155089
 240836.86683471556 5150334.80896443
 240847.0180805353 5150334.343488117
 240856.7121097517 5150336.8126934925
 240866.9490093128 5150336.49664135
 240876.6251069882 5150334.601391675
 240886.4664514425 5150333.415590515
 240896.4486601235 5150333.652458735
 240906.495483929 5150333.8950553285
 240916.3716699236 5150333.205080044
 240926.3903283805 5150332.446503115
 240936.3939467629 5150331.509319093
 240946.10206610983 5150329.592013881
 240956.3005013425 5150330.891408055
 240966.292881632 5150330.83421352
 240976.1951071176 5150332.549862687
 240986.36334303304 5150332.22957859
 240996.14227629948 5150329.833773434
 241005.9641278429 5150328.959380158
 241015.95938315944 5150328.655418559
 241025.794524562 5150328.98365699
 241035.69102231757 5150330.663553797
 241045.8661841984 5150330.329006977
 241055.372265234 5150326.997479536
 241065.250548766 5150326.155765289
 241075.225715618 5150326.655250629
 241085.2802461679 5150326.472609931
 241095.1179907233 5150326.859247284
 241104.52510005343 5150325.961611865
 241114.52035401823 5150325.657606149
 241124.485207148 5150324.354065934
 241134.4804612805 5150324.050065376
 241144.5061158504 5150324.745602621
 241154.4709695465 5150323.442064265
 241164.46622367948 5150323.13806371
 241174.49187768807 5150323.833604241
 241184.4567322435 5150322.53007241
 241194.48238636227 5150323.225616214
 241204.47764068496 5150322.9216222
 241214.4729053012 5150322.617599731
 241224.3769364398 5150319.314917262
 241234.37220567308 5150319.010938618
 241244.428256166 5150320.706040325
 241254.45391337844 5150321.401577896
 241264.44916670845 5150321.097550935
 241274.44442003744 5150320.793523976
 241284.4092703005 5150319.489959295
 241294.43492669653 5150320.185470054
 241304.36937831872 5150317.882390711
 241314.395032126 5150318.57793878
 241324.390286587 5150318.273949015
 241334.4159417439 5150318.969491727
 241344.41119574936 5150318.665486987
 241354.376048898 5150317.361944459
 241364.3713029035 5150317.057939719
 241374.36655690952 5150316.753934979
 241384.361810915 5150316.44993024
 241394.3570649205 5150316.1459255
 241404.352318926 5150315.84192076
 241414.31717208488 5150314.538378228
 241424.31242609088 5150314.234373488
 241433.57135672905 5150312.420741115
 241443.4179629605 5150313.93948903
 241453.2997062863 5150313.352725975
 241463.2949598653 5150313.048707206
 241473.32061570103 5150313.74422617
 241482.687235738 5150310.708937299
 241492.83065467607 5150309.752861358
 241502.06886493653 5150310.866712242
 241512.35373053787 5150311.292359558
 241521.7161439485 5150312.272249101
 241531.7113984385 5150311.96826029
 241541.67625367164 5150310.664733644
 241551.61070964797 5150308.361669163
 241561.6363633948 5150309.057218188
 241571.13393997095 5150308.838678815
 241581.45082143875 5150308.064929333
 241585.6175617198 5150317.710747132
 241594.53501556948 5150315.070241155
 241599.95882562152 5150307.282677425
 241609.862006086 5150306.172798925
 241619.61766088588 5150306.896136816
 241622.8218140689 5150306.802796264
 1 270