 0.000000 279.815013
 1.000000 279.824594
 2.000000 279.812297
 3.000000 279.787703
 4.000000 279.761268
 5.000000 279.669925
 6.000000 279.426349
 7.000000 279.414554
 8.000000 279.111280
 9.000000 278.580205
 10.000000 278.165682
 11.000000 278.165682
 12.000000 278.172918
 13.000000 278.149701
 14.000000 278.137032
 15.000000 277.911669
 16.000000 277.741187
 17.000000 277.675144
 18.000000 277.524177
 19.000000 277.498299
 20.000000 277.467417
 21.000000 277.456981
 22.000000 277.524995
 23.000000 277.524995
 24.000000 277.701580
 25.000000 278.014602
 26.000000 278.282716
 27.000000 278.424382
 28.000000 278.540115
 29.000000 278.543017
 30.000000 278.538831
 31.000000 278.535036
 32.000000 278.565006
 33.000000 278.611738
 34.000000 278.605822
 35.000000 278.619514
 36.000000 278.622937
 37.000000 278.620928
 38.000000 278.620928
 39.000000 278.609357
