cat,lcat,along,x,y
1,1,0,214068.2833,5195067.5848
2,1,789.776657040958,213279.31968564,5195103.01666443
3,1,1579.55331408192,212771.963,5195519.9714
4,2,0,235624.2037,5213322.9157
5,2,11042.4495702585,224593.45146739,5213801.41966077
6,2,22084.8991405171,215207.5108,5215892.7807
7,3,0,224260.2108,5193246.565
8,3,5150.70167271698,229166.354920836,5192825.04203784
9,3,10301.403345434,234309.0609,5192545.1955
10,4,0,251912.263,5201949.3563
11,4,1831.25185196253,250349.354696855,5201452.62959068
12,4,3662.50370392505,250325.2767,5200001.3592
13,5,0,231561.3573,5180589.24
14,5,2619.51817559923,234144.702963187,5180306.08719262
15,5,5239.03635119847,235562.6064,5181208.3572
16,6,0,210968.1306,5212830.2126
17,6,1065.65522651469,212031.057183437,5212797.63218019
18,6,2131.31045302937,213095.5212,5212747.5032
19,7,0,211764.5807,5185401.9348
20,7,2495.86662217181,214253.804326049,5185329.61900761
21,7,4991.73324434362,216748.6859,5185260.3868
22,8,0,219111.6121,5208174.2514
23,8,5067.70800048573,220174.052383688,5204423.28390685
24,8,10135.4160009715,220229.2509,5199615.9633
25,9,0,211959.4972,5179012.138
26,9,2391.06267347859,214348.420506744,5178932.54637113
27,9,4782.12534695718,216736.4287,5178813.352
28,10,0,216570.9156,5219061.7016
29,10,425.604939858889,216146.81014323,5219084.96071505
30,10,851.209879717778,215731.1161,5219174.5921
31,10,0,219804.8852,5218910.6658
32,10,158.936525191868,219646.1034,5218917.67715
33,10,317.873050383737,219487.3216,5218924.6885
34,10,0,217336.8917,5219024.5413
35,10,303.035311322811,217034.31072819,5219041.12910899
36,10,606.070622645623,216731.6216,5219055.6092
37,10,0,221357.8241,5218848.0274
38,10,308.689643607801,221049.460538623,5218862.2122541
39,10,617.379287215602,220741.0516,5218875.373
40,10,0,221388.261,5218848.3682
41,10,785.009832162639,222172.558350892,5218814.93926307
42,10,1570.01966432528,222956.8153,5218780.5934
43,10,0,223778.7177,5218742.1657
44,10,393.679892846858,224172.04173663,5218725.43186246
45,10,787.359785693716,224565.3259,5218707.7898
46,10,0,224588.611,5218706.7621
47,10,253.562776426862,224841.87911503,5218694.54148225
48,10,507.125552853724,225095.1008,5218681.4023
49,10,0,227430.2383,5218571.2618
50,10,152.977109568373,227582.95575,5218562.35245
51,10,305.954219136747,227735.6732,5218553.4431
52,10,0,216731.6216,5219055.6092
53,10,80.410720326693,216651.2686,5219058.6554
54,10,160.821440653386,216570.9156,5219061.7016
55,10,0,217336.8917,5219024.5413
56,10,1076.37617295406,218412.196020371,5218976.52962742
57,10,2152.75234590813,219487.3216,5218924.6885
58,10,0,219804.8852,5218910.6658
59,10,468.415710192319,220272.9684,5218893.0194
60,10,936.831420384639,220741.0516,5218875.373
61,10,0,221357.8241,5218848.0274
62,10,15.2194039490349,221373.04255,5218848.1978
63,10,30.4388078980698,221388.261,5218848.3682
64,10,0,222956.8153,5218780.5934
65,10,411.400122524616,223367.7665,5218761.37955
66,10,822.800245049231,223778.7177,5218742.1657
67,10,0,224565.3259,5218707.7898
68,10,11.6538840016754,224576.96845,5218707.27595
69,10,23.3077680033508,224588.611,5218706.7621
70,10,0,225095.1008,5218681.4023
71,10,1168.87137012448,226262.62433438,5218625.28727907
72,10,2337.74274024895,227430.2383,5218571.2618
73,10,0,225390.2259,5218678.6799
74,10,0.914872879280637,225391.13975,5218678.63665
75,10,1.82974575856127,225392.0536,5218678.5934
76,10,0,225391.0965,5218677.7228
77,10,0.91482057279326,225391.1397,5218678.6366
78,10,1.82964114558652,225391.1829,5218679.5504
79,10,0,215731.1161,5219174.5921
80,10,60.8549292572256,215671.801079942,5219185.39944392
81,10,121.709858514451,215621.9812,5219218.5691
82,11,0,218965.8056,5174687.7148
83,11,392.783155036583,218953.257697792,5174295.13560226
84,11,785.566310073165,218942.7955,5173902.4927
85,11,0,214082.277,5175669.2263
86,11,2851.6046962441,216923.878734282,5175568.40208012
87,11,5703.20939248819,218965.8056,5174687.7148
88,12,0,223828.6045,5189805.761
89,12,3.65651600737667,223830.5318,5189802.65365
90,12,7.31303201475334,223832.4591,5189799.5463
91,12,0,229315.938,5187975.5232
92,12,2165.0839385035,230021.835524129,5186314.42730392
93,12,4330.16787700699,232183.6928,5186206.8873
94,12,0,229315.938,5187975.5232
95,12,3250.82072897544,226068.316847072,5188101.87537332
96,12,6501.64145795087,223832.4591,5189799.5463
97,13,0,231385.0752,5211894.2473
98,13,6931.20393159595,224460.309684726,5212190.6167876
99,13,13862.4078631919,217551.2701,5212470.8243
100,14,0,213815.8868,5177148.9455
101,14,1527.97106638344,215130.996036848,5177275.15677758
102,14,3055.94213276688,216657.2727,5177205.0492
103,15,0,231414.2124,5200743.3818
104,15,2278.78905998354,229138.046741437,5200851.19946332
105,15,4557.57811996709,227568.0694,5199926.8319
106,16,0,224741.0682,5200064.0334
107,16,2926.29856026507,226078.857744867,5198059.45868502
108,16,5852.59712053013,227600.0386,5196110.175
109,17,0,223833.9879,5191415.5667
110,17,578.994213447448,224412.449227463,5191392.91419664
111,17,1157.9884268949,224991.0219,5191370.8795
112,17,0,224991.0219,5191370.8795
113,17,1833.35972129631,226822.680267675,5191293.6185962
114,17,3666.71944259262,228654.6992,5191226.0586
115,18,0,240364.6703,5159576.0912
116,18,3551.44766548038,237067.380926802,5160126.35993173
117,18,7102.89533096077,234993.8221,5161858.9143
118,19,0,239231.4677,5164932.0479
119,19,806.295761750311,238425.537485322,5164955.95529388
120,19,1612.59152350062,237622.8092,5164979.7154
121,19,0,237611.4111,5164980.7583
122,19,205.151308941487,237406.38165,5164987.82825
123,19,410.302617882974,237201.3522,5164994.8982
124,19,0,239239.3363,5164932.008
125,19,351.115307088615,239590.268862772,5164920.68125034
126,19,702.230614177229,239939.1081,5164911.3059
127,19,0,240109.6169,5165003.2134
128,19,60.9377513960197,240124.909765594,5164944.22579277
129,19,121.875502792039,240159.4088,5164904.0231
130,19,0,240159.4088,5164904.0231
131,19,1012.35944682955,241170.527018609,5164871.95033502
132,19,2024.7188936591,242180.9567,5164824.929
133,19,0,242180.8773,5164824.9325
134,19,296.114838702622,242476.66245,5164810.96315
135,19,592.229677405244,242772.4476,5164796.9938
136,19,0,242772.4476,5164796.9938
137,19,146.664025786702,242918.9611,5164790.3507
138,19,293.328051573404,243065.4746,5164783.7076
139,19,0,235991.8313,5164926.5626
140,19,637.530061031448,236581.995979182,5164998.19930587
141,19,1275.0601220629,237201.3522,5164994.8982
142,19,0,239939.1081,5164911.3059
143,19,115.73449019706,240019.838558747,5164992.70169269
144,19,231.468980394119,240109.6169,5165003.2134
145,20,0,215313.2854,5197945.2672
146,20,3800.12356850332,216610.384741009,5194840.71026174
147,20,7600.24713700665,218379.0692,5191656.1692
148,21,0,215576.788,5214214.5824
149,21,3612.60030435957,219185.078499162,5214054.97050083
150,21,7225.20060871914,222792.773,5213867.9793
151,22,0,215293.3164,5198613.2001
152,22,1817.55864392741,217109.367857738,5198547.95819577
153,22,3635.11728785482,218557.6307,5198086.3936
154,23,0,234496.2162,5196825.1874
155,23,1734.6972693979,234433.218955436,5195095.00414057
156,23,3469.3945387958,234352.0875,5193362.4964
157,24,0,228399.3308,5172661.0405
158,24,1722.57629347653,230119.134387815,5172577.34597142
159,24,3445.15258695305,231839.7202,5172495.5232
160,25,0,213710.1556,5204715.6302
161,25,560.645460349602,214269.840461932,5204683.41438145
162,25,1121.2909206992,214829.1889,5204648.3235
163,26,0,210410.8699,5190295.1483
164,26,5482.42034968064,215875.244572247,5190120.97095552
165,26,10964.8406993613,221352.678,5189891.0619
166,27,0,236590.3975,5139200.9998
167,27,2273.41194652544,238854.248754171,5139089.08365968
168,27,4546.82389305088,241119.1017,5139003.1458
169,28,0,223925.6394,5143111.2199
170,28,5811.08837378043,228377.918980882,5141184.21489826
171,28,11622.1767475609,233425.7215,5141732.311
172,29,0,218203.0493,5159391.771
173,29,1817.57260915423,220018.971532557,5159316.1992983
174,29,3635.14521830846,221833.9718,5159221.3245
175,30,0,244987.4555,5123069.8775
176,30,1841.83778882089,245005.450360099,5124893.93583741
177,30,3683.67557764179,245085.2295,5126733.9824
178,30,0,243495.8025,5127205.5871
179,30,2188.93389384465,243392.745296825,5125019.12067228
180,30,4377.8677876893,243648.8732,5123130.5824
181,31,0,231720.8473,5139428.7709
182,31,2156.11300760756,229567.196698307,5139523.1198902
183,31,4312.22601521512,227413.7932,5139623.4941
184,32,0,238561.2916,5131016.6919
185,32,5274.67184888099,233292.504884023,5131260.92235025
186,32,10549.343697762,228023.6236,5131504.2438
187,33,0,231589.0598,5134593.5164
188,33,3191.31872524367,234775.598707523,5134424.40879971
189,33,6382.63745048734,237963.0731,5134272.4615
190,34,0,229879.8931,5133035.0064
191,34,4024.72400936874,233898.875362681,5132849.4567433
192,34,8049.44801873749,237912.3431,5132661.4209
193,35,0,238978.9156,5127794.8309
194,35,3837.41836019391,242812.140264065,5127622.6275077
195,35,7674.83672038783,246645.5446,5127448.6017
196,36,0,235223.781,5166290.4729
197,36,2290.63416881854,233232.344476614,5165974.71673812
198,36,4581.26833763708,230944.4579,5166085.7098
199,37,0,235249.5367,5166279.7497
200,37,933.733442895045,234980.310702199,5165385.67738006
201,37,1867.46688579009,234720.2622,5164488.9649
202,38,0,239293.4367,5167970.2613
203,38,1484.35468326928,237902.742409915,5167794.62174693
204,38,2968.70936653857,237472.9315,5166596.3906
205,39,0,243132.4255,5166393.9986
206,39,3434.59731776736,239710.133754637,5166544.38293026
207,39,6869.19463553472,236292.5931,5166650.4234
208,40,0,242171.7103,5168038.7821
209,40,807.030849311898,241365.623561224,5168077.80133081
210,40,1614.0616986238,240559.3163,5168111.8153
211,41,0,234993.4968,5161871.9453
212,41,4013.22729891946,239002.819967514,5161698.64303224
213,41,8026.45459783893,243013.636,5161566.9449
214,42,0,214321.1748,5199811.6051
215,42,2961.6620643751,217279.347542138,5199700.18190274
216,42,5923.3241287502,220238.4112,5199577.3877
217,42,0,220113.4685,5197596.1364
218,42,1365.6330144705,220214.890390878,5198943.94971437
219,42,2731.266028941,220967.4243,5199566.0604
220,43,0,215310.4537,5198010.9102
221,43,1248.36642805549,216555.179068188,5197964.24635649
222,43,2496.73285611098,217801.8187,5197899.2844
223,44,0,214503.8453,5210254.2733
224,44,489.25659493577,214601.749431255,5210729.67276709
225,44,978.51318987154,214618.5072,5211169.6817
226,45,0,64102.2555999998,5148911.4011
227,45,1066.65237930387,65166.3864359546,5148879.2407702
228,45,2133.30475860774,66231.8679999998,5148829.5237
229,45,0,214658.1793,5211062.9817
230,45,2111.888846703,214715.271754756,5213165.11850135
231,45,4223.77769340599,214634.981,5215111.8259
232,46,0,219562.3655,5169048.0501
233,46,808.095018130153,219521.295238224,5168241.02113898
234,46,1616.19003626031,219480.2282,5167433.9703
235,47,0,219561.8572,5169038.0603
236,47,1026.72840094801,220587.547731121,5168993.47183555
237,47,2053.45680189603,221613.4802,5168953.7498
238,48,0,246607.0793,5140399.7834
239,48,9375.86821069248,247870.106636296,5131485.8688066
240,48,18751.736421385,248725.2115,5122841.6143
241,49,0,248004.2957,5130611.0191
242,49,1261.05128808128,249264.158038338,5130556.27204885
243,49,2522.10257616257,250218.3219,5130976.4359
244,50,0,247517.092,5135490.6422
245,50,983.95614332399,248500.095690616,5135449.95628986
246,50,1967.91228664798,249481.5761,5135413.78
247,51,0,226585.4848,5137465.5517
248,51,1156.70244718464,226993.629919263,5138545.37293939
249,51,2313.40489436928,227409.9896,5139623.2928
250,52,0,226803.7471,5138034.7875
251,52,4674.12170543968,231470.11425714,5137815.13047303
252,52,9348.24341087936,235267.2203,5138758.9333
253,53,0,230939.8379,5130546.3743
254,53,1340.38857958189,230884.050926368,5129207.20043527
255,53,2680.77715916379,230821.2786,5127870.2286
256,54,0,217469.7036,5162686.5414
257,54,4902.96442548819,221755.067081044,5161774.05637102
258,54,9805.92885097637,223596.9967,5157537.2617
259,55,0,227696.6583,5158958.687
260,55,2361.08344221783,225337.697790295,5159057.58607984
261,55,4722.16688443567,222979.3694,5159171.2764
262,56,0,222011.2163,5161160.866
263,56,2253.56662935299,224076.420524187,5161255.56922199
264,56,4507.13325870599,226175.5845,5161465.5443
265,57,0,222167.1606,5160832.2022
266,57,1176.95410669421,223343.032634944,5160781.82860521
267,57,2353.90821338842,224518.7827,5160728.616
268,58,0,234130.0261,5129572.2187
269,58,891.164613350075,235017.725510785,5129642.60193099
270,58,1782.32922670015,235893.0446,5129569.7557
271,59,0,229992.2343,5155938.0062
272,59,6.67524930332513,229987.554232722,5155942.7660239
273,59,13.3504986066503,229981.8548,5155946.0875
274,59,0,227371.7661,5163521.8754
275,59,5.73240500309336,227366.048521108,5163522.28741789
276,59,11.4648100061867,227360.4359,5163521.4842
277,59,0,227082.2084,5170276.5456
278,59,3462.88960820406,226426.318465144,5167360.06731356
279,59,6925.77921640812,226282.1779,5163900.2068
280,60,0,234114.7959,5158665.3432
281,60,4036.35950585335,238114.423942794,5158499.11355585
282,60,8072.71901170669,242148.0929,5158396.159
283,61,0,235739.37,5158590.8278
284,61,4549.3244824116,238820.729926943,5156870.5678853
285,61,9098.6489648232,243367.2234,5156714.6719
286,62,0,236293.0567,5202073.032
287,62,6049.01755993148,230256.272078839,5202414.38670144
288,62,12098.035119863,224213.9285,5202626.2218
289,63,0,233103.7145,5202242.3731
290,63,1098.4356899374,233701.080865245,5201365.95569749
291,63,2196.8713798748,234468.2138,5200585.1974
292,63,0,234485.355,5200551.3612
293,63,87.6032850101509,234553.25715,5200496.0111
294,63,175.206570020302,234621.1593,5200440.661
295,64,0,209864.5586,5219362.1934
296,64,1180.16608442765,211041.981354359,5219289.17196547
297,64,2360.3321688553,212221.0592,5219238.7821
298,65,0,234635.9039,5210168.0955
299,65,409.630798238976,235044.506879292,5210162.36601047
300,65,819.261596477952,235453.9166,5210148.9314
301,66,0,224648.0574,5184921.2238
302,66,3385.20267416674,228030.581036217,5184792.36442162
303,66,6770.40534833347,230717.4459,5183863.3123
304,66,0,230717.4459,5183863.3123
305,66,808.483275596093,231522.360589374,5183827.25643294
306,66,1616.96655119219,232330.3179,5183800.4515
307,67,0,228307.3602,5184782.6236
308,67,1023.44550676686,228751.264827217,5183973.85761427
309,67,2046.89101353371,229044.031,5183165.8394
310,68,0,234879.6771,5206148.9798
311,68,396.109746782391,234912.901747542,5206543.67019145
312,68,792.219493564781,234942.482,5206938.6647
313,68,0,234942.4821,5206938.6698
314,68,14.5815604404519,234943.823149232,5206953.18956211
315,68,29.1631208809037,234942.9132,5206967.0148
316,68,0,234942.9132,5206967.0098
317,68,19.9433732056455,234923.201202926,5206968.99055134
318,68,39.886746411291,234903.2831,5206969.9942
319,68,0,234903.2831,5206969.9942
320,68,153.506430587941,234750.06175,5206979.34525
321,68,307.012861175882,234596.8404,5206988.6963
322,68,0,234596.8404,5206988.6963
323,68,152.936945776553,234444.744649639,5207004.31887849
324,68,305.873891553107,234292.2166,5207015.4949
325,68,0,234292.2166,5207015.4949
326,68,1278.45054628806,233016.115551308,5207091.4153665
327,68,2556.90109257611,231739.3074,5207156.1699
328,68,0,231739.3074,5207156.1699
329,68,177.728716626137,231561.613651926,5207159.5578773
330,68,355.457433252273,231383.931,5207163.6041
331,68,0,231383.931,5207163.6041
332,68,304.448807447487,231079.605638457,5207172.27304907
333,68,608.897614894973,230775.2645,5207180.3691
334,68,0,230775.2645,5207180.3691
335,68,489.443713383693,230286.0372145,5207194.91696588
336,68,978.887426767387,229798.0926,5207213.9763
337,68,0,229798.0926,5207213.9763
338,68,306.119103793996,229492.266644529,5207227.36899169
339,68,612.238207587992,229186.9201,5207248.1234
340,68,0,229186.9201,5207248.1234
341,68,323.223917069506,228865.090041869,5207278.10854037
342,68,646.447834139012,228543.2594,5207308.0757
343,68,0,228543.2594,5207308.0757
344,68,1082.44537194576,227784.891620503,5208076.6192454
345,68,2164.89074389151,227036.2616,5208858.3943
346,68,0,227036.2616,5208858.3943
347,68,36.8420197038291,226999.46385,5208860.19985
348,68,73.6840394076582,226962.6661,5208862.0054
349,69,0,227036.4374,5208858.8153
350,69,787.285284666953,227822.890975898,5208822.66722194
351,69,1574.57056933391,228609.4364,5208788.6593
352,69,0,228609.4364,5208788.6593
353,69,1596.42714000457,230204.390139146,5208720.20031472
354,69,3192.85428000914,231799.0604,5208647.5466
355,69,0,231799.0604,5208647.5466
356,69,983.349845938377,232781.754879639,5208611.82784266
357,69,1966.69969187675,233763.1737,5208572.6836
358,69,0,233763.1737,5208572.6836
359,69,212.829142369983,233975.59968269,5208566.44683997
360,69,425.658284739966,234188.2858,5208558.6456
361,69,0,226962.6661,5208862.0054
362,69,774.703318421365,226188.802884219,5208898.03794041
363,69,1549.40663684273,225414.8697,5208932.5667
364,69,0,225391.0214,5208933.8163
365,69,782.614359293188,224609.148516852,5208967.86232862
366,69,1565.22871858638,223827.2788,5209001.9797
367,69,0,223827.2788,5209001.9797
368,69,612.495539935557,223215.393334484,5209029.30346191
369,69,1224.99107987111,222603.5408,5209057.3484
370,69,0,222563.9881,5209058.9357
371,69,1208.10703980506,221357.265754991,5209116.66487392
372,69,2416.21407961012,220150.3449,5209169.9107
373,69,0,220150.3449,5209169.9107
374,69,410.745184963428,219740.076298789,5209189.1133972
375,69,821.490369926856,219335.6016,5209208.9814
376,69,0,222603.5408,5209057.3484
377,69,19.7922686835488,222583.76445,5209058.14205
378,69,39.5845373670977,222563.9881,5209058.9357
379,69,0,225414.8697,5208932.5667
380,69,11.9405078727179,225402.94555,5208933.1915
381,69,23.8810157454358,225391.0214,5208933.8163
382,70,0,266086.391,5204654.3137
383,70,415.416740289341,266111.821234323,5204278.5564255
384,70,830.833480578681,266468.5461,5204190.3281
385,70,0,266513.5378,5204066.1949
386,70,3500.96599622281,266857.027470176,5201109.42889955
387,70,7001.93199244563,268458.6588,5199128.0899
388,70,0,266468.5461,5204190.3281
389,70,107.625562709143,266515.933186579,5204114.93974682
390,70,215.251125418285,266516.4249,5204124.9459
391,71,0,229404.4093,5189588.9555
392,71,797.01474328454,229358.934343515,5188793.24273629
393,71,1594.02948656908,229315.954,5187997.3922
394,72,0,227803.6573,5189651.5019
395,72,686.224191600508,227117.92741539,5189677.33892429
396,72,1372.44838320102,226433.0936,5189704.967
397,72,0,226433.0936,5189704.967
398,72,118.697838229872,226314.4432,5189708.3225
399,72,237.395676459745,226195.7928,5189711.678
400,72,0,226195.7928,5189711.678
401,72,804.897971072093,225391.523971539,5189738.33557566
402,72,1609.79594214419,224587.7141,5189766.609
403,72,0,234173.9675,5189327.9471
404,72,795.53075224871,233379.62531145,5189371.23775538
405,72,1591.06150449742,232585.1494,5189412.0783
406,72,0,232585.1494,5189412.0783
407,72,807.32892112132,231779.217399131,5189457.9024231
408,72,1614.65784224264,230973.0288,5189500.5464
409,72,0,230973.0288,5189500.5464
410,72,785.19287597585,230189.241504271,5189547.43662125
411,72,1570.3857519517,229405.6911,5189589.398
412,72,0,229405.6911,5189589.398
413,72,801.628255349177,228604.669943054,5189620.22712248
414,72,1603.25651069835,227803.6573,5189651.5019
415,72,0,223641.1139,5189972.0849
416,72,159.156442363943,223730.873852446,5189900.0315692
417,72,318.312884727887,223834.6703,5189798.479
418,72,0,224587.8313,5189766.5637
419,72,382.181979582175,224208.462109702,5189780.03161248
420,72,764.36395916435,223834.6703,5189798.479
421,73,0,234643.3778,5210166.3436
422,73,856.825066738226,234588.304645995,5209322.32046219
423,73,1713.65013347645,234763.4998,5208551.853
424,74,0,219496.0099,5210808.2728
425,74,211.743953984273,219481.829605947,5210661.44211771
426,74,423.487907968546,219436.9328,5210478.4806
427,74,0,219496.0099,5210808.2728
428,74,7596.98110807442,227082.73409998,5210467.42115253
429,74,15193.9622161488,234635.9039,5210168.0955
430,75,0,217390.1182,5165906.7015
431,75,2046.0605787212,219431.341742187,5165806.05474704
432,75,4092.1211574424,221475.3224,5165724.826
433,76,0,219948.9326,5165783.6968
434,76,719.914731070644,219915.106313969,5165064.59851202
435,76,1439.82946214129,219881.6752,5164345.465
436,77,0,221645.8956,5148023.5328
437,77,12723.9330364941,233996.464576653,5148688.09271258
438,77,25447.8660729882,242982.3773,5154081.2742
439,78,0,242078.8783,5148676.6063
440,78,1625.22057683769,241691.887154535,5150194.50324583
441,78,3250.44115367537,243110.5476,5150252.8377
442,79,0,243232.1261,5150195.9461
443,79,2012.95689437598,243155.767413077,5148188.64954664
444,79,4025.91378875195,243079.2264,5146178.4791
445,80,0,222980.034,5135046.3398
446,80,4305.03231050924,227193.077236842,5134756.60522916
447,80,8610.06462101849,231493.4647,5134576.6573
448,81,0,226726.5068,5134779.9669
449,81,732.244072034604,226755.326761091,5135511.62457283
450,81,1464.48814406921,226782.3794,5136243.3663
451,82,0,214333.7803,5153286.4685
452,82,3110.61657311641,215917.446017038,5154653.3539549
453,82,6221.23314623281,219025.6908,5154533.2591
454,83,0,273802.8824,5201508.0287
455,83,902.329301120899,274686.378417274,5201543.03352009
456,83,1804.6586022418,275249.2932,5202109.0482
457,84,0,274401,5197264.6322
458,84,2643.75053418226,274098.682323581,5195047.20168698
459,84,5287.50106836453,275661.0471,5193448.4536
460,85,0,273277.2838,5208748.795
461,85,189.95569158311,273466.285603571,5208756.16105653
462,85,379.91138316622,273656.1964,5208753.8249
463,86,0,273280.2162,5208794.3283
464,86,342.308827057996,272938.612667207,5208815.58499548
465,86,684.617654115992,272596.8621,5208835.0419
466,87,0,272865.29,5205443.3105
467,87,781.237744830327,273645.454930796,5205415.5931785
468,87,1562.47548966065,273704.69,5206168.6852
469,88,0,295905.3076,5202872.8211
470,88,705.738275571662,295914.967592256,5203304.79437036
471,88,1411.47655114332,295898.3232,5203914.9609
472,89,0,291723.4715,5201236.8803
473,89,2474.26738051378,292376.318166775,5202706.81289975
474,89,4948.53476102757,292045.1296,5204639.1447
475,90,0,289487.9186,5204833.0328
476,90,207.243795127831,289563.885402422,5204647.02300203
477,90,414.487590255661,289595.0669,5204478.8339
478,90,0,289778.0151,5202427.8916
479,90,30.1968760049093,289797.357848998,5202451.08015959
480,90,60.3937520098186,289816.715,5202474.2567
481,91,0,297044.4761,5197332.8258
482,91,129.239910829808,297045.34694898,5197210.55733533
483,91,258.479821659616,297095.7218,5197097.3276
484,92,0,273983.2191,5216506.8542
485,92,1396.06528260468,273169.79983699,5215442.65794895
486,92,2792.13056520937,272680.7727,5214293.9852
487,92,0,272680.7727,5214293.9852
488,92,765.443908545479,273009.691263309,5213989.25201497
489,92,1530.88781709096,272981.073,5213234.139
490,93,0,273151.18,5214198.6303
491,93,523.969711895478,273448.458831446,5214614.8081611
492,93,1047.93942379096,273921.8159,5214587.384
493,94,0,272705.855,5214958.1922
494,94,1012.88795405033,271715.473787564,5215094.67193785
495,94,2025.77590810067,270703.8945,5215146.0928
496,95,0,271700.7356,5193702.1803
497,95,4497.07676382157,273916.701501964,5190689.166517
498,95,8994.15352764314,276361.2391,5187943.2802
499,96,0,274798.5935,5189229.2953
500,96,271.060653805828,274644.712695111,5189013.86621073
501,96,542.121307611655,274455.8915,5188857.095
502,97,0,270063.8727,5190926.1958
503,97,962.548876444788,270959.856126527,5191150.8858399
504,97,1925.09775288958,271415.0168,5190669.9388
505,97,0,272913.5524,5192267.3192
506,97,1137.92418996379,272334.222265224,5191558.56883015
507,97,2275.84837992757,271967.4409,5190758.127
508,98,0,273659.0457,5191793.0241
509,98,1044.51777634628,273866.079539333,5192426.21386755
510,98,2089.03555269256,273868.3112,5193338.5739
511,99,0,243680.3902,5138081.0748
512,99,11545.6232912963,234460.254717804,5136060.96754538
513,99,23091.2465825926,222927.3794,5136552.0844
514,100,0,241075.7838,5135781.464
515,100,1641.63097964209,241124.51417431,5137422.29753844
516,100,3283.26195928419,241183.6968,5139062.5152
517,101,0,241183.6968,5139062.5152
518,101,755.896847894454,241210.734620432,5139816.97197379
519,101,1511.79369578891,241231.5048,5140572.1331
520,102,0,237918.9267,5132660.232
521,102,1523.64299885911,239440.883536651,5132598.14804962
522,102,3047.28599771822,240963.0374,5132533.4569
523,103,0,240903.5069,5130931.525
524,103,3204.55471354078,242537.951561409,5132504.68927185
525,103,6409.10942708155,242682.5322,5135691.2465
526,104,0,233683.7962,5147608.0241
527,104,2996.63615438516,233555.98973371,5144614.3241693
528,104,5993.27230877031,230966.466,5144287.2987
529,105,0,222271.5724,5144733.8469
530,105,6205.56744980879,228001.581468896,5144432.64676815
531,105,12411.1348996176,231219.6883,5147458.6152
532,106,0,273343.6413,5201878.335
533,106,1676.18846295242,272335.225195891,5201008.62885723
534,106,3352.37692590485,272674.9353,5199668.5465
535,106,0,273126.617,5201253.1824
536,106,344.898532875884,273356.65445,5200996.20425
537,106,689.797065751768,273586.6919,5200739.2261
538,107,0,211239.2034,5182058.1524
539,107,4041.31998275352,215231.164263902,5182081.7957674
540,107,8082.63996550704,219270.3259,5181954.3941
541,108,0,213382.3927,5180520.5943
542,108,1339.54764693317,212043.448344853,5180559.16393771
543,108,2679.09529386635,211190.9205,5181319.7739
544,108,0,217608.7371,5180396.814
545,108,2114.40212680139,215495.495616113,5180466.12350522
546,108,4228.80425360279,213381.87,5180520.7515
547,109,0,221117.8969,5186710.919
548,109,4974.34541760797,216147.020193181,5186885.53182344
549,109,9948.69083521595,211182.0917,5187088.2325
550,110,0,210264.8701,5216071.0327
551,110,667.554732385478,210932.326558154,5216059.63130217
552,110,1335.10946477096,211599.7929,5216049.2333
553,110,0,211599.7929,5216049.2333
554,110,774.135412991748,212373.400438659,5216020.72869169
555,110,1548.2708259835,213146.88,5215989.3308
556,110,0,213146.88,5215989.3308
557,110,150.554946356769,213296.899404994,5215977.15018651
558,110,301.109892713538,213447.23,5215968.9341
559,110,0,210264.8701,5216071.0327
560,110,49.201598787048,210215.699843022,5216072.78859063
561,110,98.403197574096,210169.8299,5216086.1717
562,111,0,222962.8094,5133369.1786
563,111,3400.6704126467,226352.313625421,5133191.61244382
564,111,6801.34082529339,229748.9053,5133031.8215
565,112,0,210233.0163,5217696.3396
566,112,1225.51584060261,211458.132271837,5217665.06442919
567,112,2451.03168120521,212682.866,5217621.7356
568,112,0,210121.5835,5217854.4351
569,112,72.2264960413939,210068.697595978,5217809.07078191
570,112,144.452992082788,210007.205,5217826.2885
571,112,0,210121.5835,5217854.4351
572,112,123.156940865103,210214.278127337,5217802.76066363
573,112,246.313881730206,210233.0163,5217696.3396
574,113,0,235615.7008,5205361.4827
575,113,6988.35759767635,228637.203807355,5205656.09823343
576,113,13976.7151953527,222139.4136,5206716.3394
577,114,0,289563.3332,5204651.1009
578,114,450.144735245624,289897.936842662,5204558.95489469
579,114,900.289470491248,290314.3861,5204578.8869
580,114,0,292619.7601,5207996.6912
581,114,1144.88384908555,292120.426227856,5207048.26732623
582,114,2289.76769817111,292078.6916,5206088.0408
583,114,0,293444.1393,5209094.8238
584,114,493.221598379771,293229.664553482,5208822.48875714
585,114,986.443196759542,292990.3074,5208423.1566
586,115,0,295617.2021,5199829.0886
587,115,4021.76539887755,293273.172940254,5200046.93981448
588,115,8043.5307977551,291008.88,5201681.1204
589,116,0,270634.3462,5205415.1322
590,116,599.998666319439,270566.432199037,5204895.20000692
591,116,1199.99733263888,270416.8994,5204344.6814
592,117,0,269675.9855,5203807.0043
593,117,4068.1786696812,270992.004838741,5200985.28406578
594,117,8136.3573393624,271187.7962,5197449.0706
595,118,0,274399.2878,5197265.5543
596,118,1568.18979528066,275141.341449792,5196315.46947203
597,118,3136.37959056133,274948.1667,5195409.8011
598,118,0,272857.8869,5204946.4805
599,118,4907.91112760356,273886.25029119,5201397.11471615
600,118,9815.82225520713,274399.2878,5197265.5543
601,119,0,272852.2866,5204946.3093
602,119,2142.01423421137,273046.444053442,5206985.9212637
603,119,4284.02846842273,273283.7521,5208988.5099
604,119,0,267005.9967,5204939.0897
605,119,4335.16355137932,269420.196491811,5204059.06375658
606,119,8670.32710275863,272841.5984,5204945.7532
607,120,0,228063.7685,5175319.2249
608,120,22.2196111516584,228068.750898045,5175298.07133395
609,120,44.4392223033168,228073.652,5175276.5756
610,120,0,228008.1098,5176099.2254
611,120,22.6988626509678,228025.474810119,5176113.66827946
612,120,45.3977253019357,228045.1029,5176124.7631
613,120,0,224740.6001,5176937.6039
614,120,2546.33419418133,225712.960982967,5175431.78324837
615,120,5092.66838836267,227023.2475,5174222.7611
616,120,0,223733.1165,5177067.0387
617,120,10319.0787923896,227890.382696285,5175794.31604359
618,120,20638.1575847792,236069.642,5173143.4701
619,121,0,230690.168,5153995.2125
620,121,7950.28868138528,229293.496168607,5159537.92612572
621,121,15900.5773627706,226313.1062,5164703.305
622,121,0,229885.8059,5154038.2303
623,121,7546.51690496487,229050.362976837,5159780.57223613
624,121,15093.0338099297,226313.1062,5164703.305
625,121,0,226313.1062,5164703.305
626,121,15098.5878658297,229889.258861248,5154034.585612
627,121,30197.1757316594,226313.1062,5164703.305
628,122,0,223922.5425,5143117.3062
629,122,5450.83256449463,229315.677873004,5142749.64819384
630,122,10901.6651289893,233503.1001,5143732.11
631,123,0,232147.8243,5127380.2044
632,123,2925.16704680658,233581.541624735,5128486.77166161
633,123,5850.33409361316,234187.9754,5131085.9418
634,124,0,228009.5118,5131504.4138
635,124,11683.493483035,236668.564409203,5139274.49647425
636,124,23366.9869660701,243080.3241,5146191.8155
637,124,0,242972.4365,5142171.2288
638,124,758.844469350836,243730.015355303,5142134.87871607
639,124,1517.68893870167,244488.475,5142112.0271
640,125,0,228009.5118,5131504.4138
641,125,1824.25025020377,226390.920930022,5131208.22688134
642,125,3648.50050040754,225411.1002,5130674.2408
643,126,0,231356.9973,5180134.7062
644,126,4091.43831115942,234531.248625384,5178773.91100256
645,126,8182.87662231884,237284.0456,5176322.9529
646,127,0,209945.6769,5214853.0584
647,127,6947.43281794403,211165.116488252,5212018.7327416
648,127,13894.8656358881,211672.4133,5209585.5068
649,128,0,211510.3919,5185902.2499
650,128,5102.81611893142,214309.867838486,5183716.41500448
651,128,10205.6322378628,219410.2045,5183559.0663
652,129,0,219436.7925,5173048.2599
653,129,2068.51404119626,219408.340958872,5170988.39288222
654,129,4137.02808239252,219562.375,5169048.2616
655,129,0,219592.0466,5169035.2888
656,129,1854.07963752852,220767.396169802,5167810.5057701
657,129,3708.15927505703,220693.1557,5166204.5403
658,130,0,214505.0797,5173293.9156
659,130,3821.82098686575,218321.893962175,5173099.98506949
660,130,7643.6419737315,222139.9439,5172932.3731
661,131,0,246803.2505,5129061.83
662,131,7779.42183305858,239132.603370491,5129285.25158478
663,131,15558.8436661172,234157.2445,5125670.8975
664,132,0,219783.4501,5189993.7839
665,132,8888.62605119574,218859.39509284,5197523.74140268
666,132,17777.2521023915,213406.3633,5202223.2775
