cat,lcat,along,x,y
1,1,0,224260.2108,5193246.565
2,1,5150.70167271698,229166.354920836,5192825.04203784
3,1,10301.403345434,234309.0609,5192545.1955
4,2,0,231561.3573,5180589.24
5,2,2619.51817559923,234144.702963187,5180306.08719262
6,2,5239.03635119847,235562.6064,5181208.3572
7,3,0,219111.6121,5208174.2514
8,3,5067.70800048573,220174.052383688,5204423.28390685
9,3,10135.4160009715,220229.2509,5199615.9633
10,4,0,211959.4972,5179012.138
11,4,2391.06267347856,214348.420506744,5178932.54637113
12,4,4782.12534695712,216736.4287,5178813.352
13,5,0,216570.9156,5219061.7016
14,5,425.604939858889,216146.81014323,5219084.96071505
15,5,851.209879717778,215731.1161,5219174.5921
16,7,0,217336.8917,5219024.5413
17,7,303.035311322811,217034.31072819,5219041.12910899
18,7,606.070622645623,216731.6216,5219055.6092
19,8,0,221357.8241,5218848.0274
20,8,308.689643607743,221049.460538623,5218862.2122541
21,8,617.379287215485,220741.0516,5218875.373
22,9,0,227430.2383,5218571.2618
23,9,152.97710956833,227582.95575,5218562.35245
24,9,305.95421913666,227735.6732,5218553.4431
25,11,0,219804.8852,5218910.6658
26,11,468.415710192319,220272.9684,5218893.0194
27,11,936.831420384639,220741.0516,5218875.373
28,15,0,225095.1008,5218681.4023
29,15,1168.87137012432,226262.62433438,5218625.28727907
30,15,2337.74274024863,227430.2383,5218571.2618
31,17,0,225391.0965,5218677.7228
32,17,0.45741264760497,225391.118100112,5218678.17970236
33,17,0.91482529520994,225391.139700223,5218678.63660472
34,18,0,218965.8056,5174687.7148
35,18,392.783155036117,218953.257697792,5174295.13560226
36,18,785.566310072233,218942.7955,5173902.4927
37,19,0,223828.6045,5189805.761
38,19,3.65651600737667,223830.5318,5189802.65365
39,19,7.31303201475334,223832.4591,5189799.5463
40,20,0,229315.938,5187975.5232
41,20,2165.08393850334,230021.835524129,5186314.42730392
42,20,4330.16787700667,232183.6928,5186206.8873
43,21,0,231385.0752,5211894.2473
44,21,6931.20393159595,224460.309684726,5212190.6167876
45,21,13862.4078631919,217551.2701,5212470.8243
46,22,0,231414.2124,5200743.3818
47,22,2278.78905998354,229138.046741437,5200851.19946332
48,22,4557.57811996709,227568.0694,5199926.8319
49,23,0,224741.0682,5200064.0334
50,23,2926.29856026507,226078.857744867,5198059.45868502
51,23,5852.59712053013,227600.0386,5196110.175
52,24,0,223833.9879,5191415.5667
53,24,578.994213447419,224412.449227463,5191392.91419664
54,24,1157.98842689484,224991.0219,5191370.8795
55,25,0,224991.0219,5191370.8795
56,25,1833.35972129631,226822.680267675,5191293.6185962
57,25,3666.71944259262,228654.6992,5191226.0586
58,26,0,239231.4677,5164932.0479
59,26,806.295761750311,238425.537485322,5164955.95529388
60,26,1612.59152350062,237622.8092,5164979.7154
61,28,0,240159.4088,5164904.0231
62,28,1012.31970827839,241170.487301392,5164871.95163699
63,28,2024.63941655678,242180.877300638,5164824.93251441
64,31,0,215293.3164,5198613.2001
65,31,1817.55864392741,217109.367857738,5198547.95819577
66,31,3635.11728785482,218557.6307,5198086.3936
67,32,0,234496.2162,5196825.1874
68,32,1734.6972693979,234433.218955436,5195095.00414057
69,32,3469.3945387958,234352.0875,5193362.4964
70,33,0,213710.1556,5204715.6302
71,33,560.645460349399,214269.840461932,5204683.41438145
72,33,1121.2909206988,214829.1889,5204648.3235
73,34,0,210410.8699,5190295.1483
74,34,5482.42034968047,215875.244572247,5190120.97095552
75,34,10964.8406993609,221352.678,5189891.0619
76,35,0,218203.0493,5159391.771
77,35,1817.57260915402,220018.971532557,5159316.1992983
78,35,3635.14521830805,221833.9718,5159221.3245
79,36,0,243495.8025,5127205.5871
80,36,2188.93389384454,243392.745296825,5125019.12067228
81,36,4377.86778768908,243648.8732,5123130.5824
82,37,0,231720.8473,5139428.7709
83,37,2156.11300760756,229567.196698307,5139523.1198902
84,37,4312.22601521512,227413.7932,5139623.4941
85,38,0,229879.8931,5133035.0064
86,38,4024.72400936866,233898.875362681,5132849.4567433
87,38,8049.44801873731,237912.3431,5132661.4209
88,39,0,235223.781,5166290.4729
89,39,2290.63416881847,233232.344476614,5165974.71673812
90,39,4581.26833763694,230944.4579,5166085.7098
91,40,0,214321.1748,5199811.6051
92,40,2961.6620643751,217279.347542138,5199700.18190274
93,40,5923.3241287502,220238.4112,5199577.3877
94,41,0,215310.4537,5198010.9102
95,41,1248.36642805549,216555.179068188,5197964.24635649
96,41,2496.73285611098,217801.8187,5197899.2844
97,42,0,214503.8453,5210254.2733
98,42,489.256594935284,214601.749431255,5210729.67276709
99,42,978.513189870568,214618.507199999,5211169.6817
100,43,0,64102.2555999998,5148911.4011
101,43,1066.65237930387,65166.3864359546,5148879.2407702
102,43,2133.30475860774,66231.8679999998,5148829.5237
103,44,0,247517.092,5135490.6422
104,44,983.95614332399,248500.095690616,5135449.95628986
105,44,1967.91228664798,249481.5761,5135413.78
106,45,0,226803.7471,5138034.7875
107,45,4674.1217054396,231470.11425714,5137815.13047303
108,45,9348.24341087919,235267.2203,5138758.9333
109,46,0,230939.8379,5130546.3743
110,46,1340.38857958143,230884.050926368,5129207.20043527
111,46,2680.77715916286,230821.2786,5127870.2286
112,47,0,222011.2163,5161160.866
113,47,2253.56662935299,224076.420524187,5161255.56922199
114,47,4507.13325870599,226175.5845,5161465.5443
115,48,0,222167.1606,5160832.2022
116,48,1176.95410669405,223343.032634943,5160781.82860521
117,48,2353.9082133881,224518.7827,5160728.616
118,49,0,229992.2343,5155938.0062
119,49,6.67524930327245,229987.554232722,5155942.7660239
120,49,13.3504986065449,229981.8548,5155946.0875
121,50,0,227371.7661,5163521.8754
122,50,5.73240500309336,227366.048521108,5163522.28741789
123,50,11.4648100061867,227360.4359,5163521.4842
124,51,0,235739.37,5158590.8278
125,51,4549.3244824116,238820.729926943,5156870.5678853
126,51,9098.6489648232,243367.2234,5156714.6719
127,52,0,236293.0567,5202073.032
128,52,6049.01755993148,230256.272078839,5202414.38670144
129,52,12098.035119863,224213.9285,5202626.2218
130,53,0,233103.7145,5202242.3731
131,53,1098.43568993739,233701.080865245,5201365.95569749
132,53,2196.87137987478,234468.2138,5200585.1974
133,54,0,234485.355,5200551.3612
134,54,87.6032850100606,234553.25715,5200496.0111
135,54,175.206570020121,234621.1593,5200440.661
136,55,0,209864.5586,5219362.1934
137,55,1180.16608442762,211041.981354359,5219289.17196547
138,55,2360.33216885524,212221.0592,5219238.7821
139,56,0,234635.9039,5210168.0955
140,56,409.630798238904,235044.506879292,5210162.36601047
141,56,819.261596477807,235453.9166,5210148.9314
142,57,0,234879.6771,5206148.9798
143,57,396.109746782391,234912.901747542,5206543.67019145
144,57,792.219493564781,234942.482,5206938.6647
145,58,0,234942.4821,5206938.6698
146,58,14.579799230697,234943.822987255,5206953.18780837
147,58,29.1595984613941,234942.915699931,5206967.01231851
148,59,0,234903.2831,5206969.9942
149,59,153.506430587941,234750.06175,5206979.34525
150,59,307.012861175882,234596.8404,5206988.6963
151,60,0,234292.2166,5207015.4949
152,60,1278.45054628806,233016.115551308,5207091.4153665
153,60,2556.90109257611,231739.3074,5207156.1699
154,61,0,231383.931,5207163.6041
155,61,304.448807447269,231079.605638457,5207172.27304907
156,61,608.897614894537,230775.2645,5207180.3691
157,62,0,230775.2645,5207180.3691
158,62,489.443713383693,230286.0372145,5207194.91696588
159,62,978.887426767387,229798.0926,5207213.9763
160,63,0,229186.9201,5207248.1234
161,63,323.223917069434,228865.090041869,5207278.10854037
162,63,646.447834138868,228543.2594,5207308.0757
163,64,0,228543.2594,5207308.0757
164,64,1082.44537194524,227784.891620504,5208076.6192454
165,64,2164.89074389048,227036.2616,5208858.3943
166,65,0,227036.2616,5208858.3943
167,65,36.8420197038291,226999.46385,5208860.19985
168,65,73.6840394076582,226962.6661,5208862.0054
169,66,0,227036.4374,5208858.8153
170,66,787.285284666938,227822.890975898,5208822.66722194
171,66,1574.57056933388,228609.4364,5208788.6593
172,67,0,228609.4364,5208788.6593
173,67,1596.42714000457,230204.390139146,5208720.20031472
174,67,3192.85428000914,231799.0604,5208647.5466
175,68,0,225391.0214,5208933.8163
176,68,782.614359293188,224609.148516852,5208967.86232862
177,68,1565.22871858638,223827.2788,5209001.9797
178,69,0,222563.9881,5209058.9357
179,69,1208.107039805,221357.265754991,5209116.66487392
180,69,2416.21407961,220150.3449,5209169.9107
181,70,0,220150.3449,5209169.9107
182,70,410.745184963284,219740.076298789,5209189.1133972
183,70,821.490369926568,219335.6016,5209208.9814
184,71,0,222603.5408,5209057.3484
185,71,19.7922686834325,222583.76445,5209058.14205
186,71,39.584537366865,222563.9881,5209058.9357
187,72,0,225414.8697,5208932.5667
188,72,11.9405078727179,225402.94555,5208933.1915
189,72,23.8810157454358,225391.0214,5208933.8163
190,73,0,229404.4093,5189588.9555
191,73,797.01474328454,229358.934343515,5188793.24273629
192,73,1594.02948656908,229315.954,5187997.3922
193,75,0,226195.7928,5189711.678
194,75,804.846191047685,225391.575697044,5189738.33320013
195,75,1609.69238209537,224587.814857178,5189766.63293063
196,76,0,224587.8313,5189766.5637
197,76,382.181979582175,224208.462109702,5189780.03161248
198,76,764.36395916435,223834.6703,5189798.479
199,77,0,234643.3778,5210166.3436
200,77,856.825066738178,234588.304645995,5209322.32046219
201,77,1713.65013347636,234763.4998,5208551.853
202,78,0,219496.0099,5210808.2728
203,78,211.743953983957,219481.829605947,5210661.44211771
204,78,423.487907967915,219436.9328,5210478.4806
205,79,0,219948.9326,5165783.6968
206,79,719.914731070644,219915.106313969,5165064.59851202
207,79,1439.82946214129,219881.6752,5164345.465
208,80,0,221645.8956,5148023.5328
209,80,12723.9330364941,233996.464576653,5148688.09271258
210,80,25447.8660729882,242982.3773,5154081.2742
211,81,0,242078.8783,5148676.6063
212,81,1625.2205768376,241691.887154535,5150194.50324583
213,81,3250.4411536752,243110.5476,5150252.8377
214,82,0,243232.1261,5150195.9461
215,82,2006.2770332743,243156.037887148,5148195.32392961
216,82,4012.55406654859,243079.56123232,5146191.83462562
217,83,0,226726.5068,5134779.9669
218,83,732.244072034604,226755.326761091,5135511.62457283
219,83,1464.48814406921,226782.3794,5136243.3663
220,84,0,214333.7803,5153286.4685
221,84,3110.61657311641,215917.446017038,5154653.3539549
222,84,6221.23314623281,219025.6908,5154533.2591
223,85,0,273277.2838,5208748.795
224,85,189.95569158311,273466.285603571,5208756.16105653
225,85,379.91138316622,273656.1964,5208753.8249
226,86,0,273280.2162,5208794.3283
227,86,342.308827057764,272938.612667208,5208815.58499548
228,86,684.617654115528,272596.8621,5208835.0419
229,87,0,272865.29,5205443.3105
230,87,781.237744830327,273645.454930796,5205415.5931785
231,87,1562.47548966065,273704.69,5206168.6852
232,88,0,295905.3076,5202872.8211
233,88,705.738275571662,295914.967592256,5203304.79437036
234,88,1411.47655114332,295898.3232,5203914.9609
235,89,0,291723.4715,5201236.8803
236,89,2474.26738051373,292376.318166775,5202706.81289975
237,89,4948.53476102745,292045.1296,5204639.1447
238,90,0,289487.9186,5204833.0328
239,90,207.243795127831,289563.885402422,5204647.02300203
240,90,414.487590255661,289595.0669,5204478.8339
241,91,0,289778.0151,5202427.8916
242,91,30.1968760049093,289797.357848998,5202451.08015959
243,91,60.3937520098186,289816.715,5202474.2567
244,92,0,274798.5935,5189229.2953
245,92,271.060653805828,274644.712695111,5189013.86621073
246,92,542.121307611655,274455.8915,5188857.095
247,93,0,270063.8727,5190926.1958
248,93,962.54887644475,270959.856126527,5191150.8858399
249,93,1925.0977528895,271415.0168,5190669.9388
250,94,0,272913.5524,5192267.3192
251,94,1137.9241899637,272334.222265224,5191558.56883015
252,94,2275.8483799274,271967.4409,5190758.127
253,95,0,241075.7838,5135781.464
254,95,1641.63097964209,241124.51417431,5137422.29753844
255,95,3283.26195928419,241183.6968,5139062.5152
256,96,0,241183.6968,5139062.5152
257,96,755.896847894454,241210.734620432,5139816.97197379
258,96,1511.79369578891,241231.5048,5140572.1331
259,97,0,233683.7962,5147608.0241
260,97,2996.63615438516,233555.98973371,5144614.3241693
261,97,5993.27230877031,230966.466,5144287.2987
262,98,0,273126.617,5201253.1824
263,98,344.898532875884,273356.65445,5200996.20425
264,98,689.797065751768,273586.6919,5200739.2261
265,99,0,211239.2034,5182058.1524
266,99,4041.31998275352,215231.164263902,5182081.7957674
267,99,8082.63996550704,219270.3259,5181954.3941
268,100,0,213382.3927,5180520.5943
269,100,1339.54764693317,212043.448344853,5180559.16393771
270,100,2679.09529386635,211190.9205,5181319.7739
271,101,0,217608.7371,5180396.814
272,101,2114.14120368866,215495.756451919,5180466.11675593
273,101,4228.28240737732,213382.391838665,5180520.75430908
274,102,0,210264.8701,5216071.0327
275,102,49.2015987869468,210215.699843022,5216072.78859063
276,102,98.4031975738937,210169.8299,5216086.1717
277,103,0,210233.0163,5217696.3396
278,103,1225.51584060242,211458.132271837,5217665.06442919
279,103,2451.03168120484,212682.866,5217621.7356
280,104,0,210121.5835,5217854.4351
281,104,72.2264960413939,210068.697595978,5217809.07078191
282,104,144.452992082788,210007.205,5217826.2885
283,105,0,235615.7008,5205361.4827
284,105,6988.35759767634,228637.203807355,5205656.09823343
285,105,13976.7151953527,222139.4136,5206716.3394
286,106,0,289563.3332,5204651.1009
287,106,450.144735245624,289897.936842662,5204558.95489469
288,106,900.289470491248,290314.3861,5204578.8869
289,107,0,292619.7601,5207996.6912
290,107,1144.88384908532,292120.426227856,5207048.26732623
291,107,2289.76769817064,292078.6916,5206088.0408
292,108,0,293444.1393,5209094.8238
293,108,493.221598379771,293229.664553482,5208822.48875714
294,108,986.443196759542,292990.3074,5208423.1566
295,109,0,269675.9855,5203807.0043
296,109,4068.17866968072,270992.004838741,5200985.28406578
297,109,8136.35733936144,271187.7962,5197449.0706
298,110,0,228063.7685,5175319.2249
299,110,22.2196111516584,228068.750898045,5175298.07133395
300,110,44.4392223033168,228073.652,5175276.5756
301,111,0,228008.1098,5176099.2254
302,111,22.6988626508796,228025.474810119,5176113.66827946
303,111,45.3977253017593,228045.1029,5176124.7631
304,112,0,224740.6001,5176937.6039
305,112,2546.33419418133,225712.960982967,5175431.78324837
306,112,5092.66838836267,227023.2475,5174222.7611
307,113,0,229885.8059,5154038.2303
308,113,7546.51690496487,229050.362976837,5159780.57223613
309,113,15093.0338099297,226313.1062,5164703.305
310,114,0,223922.5425,5143117.3062
311,114,5450.83256449437,229315.677873003,5142749.64819384
312,114,10901.6651289887,233503.1001,5143732.11
313,115,0,228009.5118,5131504.4138
314,115,1824.2502502033,226390.920930023,5131208.22688134
315,115,3648.5005004066,225411.1002,5130674.2408
316,116,0,231356.9973,5180134.7062
317,116,4091.43831115942,234531.248625384,5178773.91100256
318,116,8182.87662231884,237284.0456,5176322.9529
319,117,0,209945.6769,5214853.0584
320,117,6947.43281794403,211165.116488252,5212018.7327416
321,117,13894.8656358881,211672.4133,5209585.5068
322,118,0,219436.7925,5173048.2599
323,118,2068.51404119626,219408.340958872,5170988.39288222
324,118,4137.02808239252,219562.375,5169048.2616
325,119,0,219592.0466,5169035.2888
326,119,1854.07963752852,220767.396169802,5167810.5057701
327,119,3708.15927505703,220693.1557,5166204.5403
328,120,0,230690.168,5153995.2125
329,120,400.943948956773,230289.791437306,5154016.53521678
330,120,801.887897913545,229889.260685357,5154034.59246613
331,122,0,214068.2833,5195067.5848
332,122,789.776657040827,213279.31968564,5195103.01666443
333,122,1579.55331408165,212771.963,5195519.9714
334,124,0,235624.2037,5213322.9157
335,124,11042.4495702583,224593.45146739,5213801.41966077
336,124,22084.8991405167,215207.5108,5215892.7807
337,126,0,251912.263,5201949.3563
338,126,1831.2518519624,250349.354696855,5201452.62959068
339,126,3662.50370392479,250325.2767,5200001.3592
340,128,0,210968.1306,5212830.2126
341,128,1065.65522651445,212031.057183437,5212797.63218019
342,128,2131.31045302889,213095.5212,5212747.5032
343,130,0,211764.5807,5185401.9348
344,130,2495.86662217166,214253.804326049,5185329.61900761
345,130,4991.73324434333,216748.6859,5185260.3868
346,132,0,219804.8852,5218910.6658
347,132,158.936525191679,219646.1034,5218917.67715
348,132,317.873050383359,219487.3216,5218924.6885
349,134,0,217336.8917,5219024.5413
350,134,1076.37617295364,218412.196020371,5218976.52962742
351,134,2152.75234590729,219487.3216,5218924.6885
352,135,0,221357.8241,5218848.0274
353,135,15.2194039489621,221373.04255,5218848.1978
354,135,30.4388078979242,221388.261,5218848.3682
355,137,0,221388.261,5218848.3682
356,137,785.00983216261,222172.558350892,5218814.93926307
357,137,1570.01966432522,222956.8153,5218780.5934
358,139,0,223778.7177,5218742.1657
359,139,393.679892846814,224172.04173663,5218725.43186246
360,139,787.359785693629,224565.3259,5218707.7898
361,141,0,224588.611,5218706.7621
362,141,253.562776426571,224841.87911503,5218694.54148225
363,141,507.125552853143,225095.1008,5218681.4023
364,143,0,216731.6216,5219055.6092
365,143,80.4107203265912,216651.2686,5219058.6554
366,143,160.821440653182,216570.9156,5219061.7016
367,145,0,222956.8153,5218780.5934
368,145,411.400122524572,223367.7665,5218761.37955
369,145,822.800245049144,223778.7177,5218742.1657
370,147,0,224565.3259,5218707.7898
371,147,11.6538840014864,224576.96845,5218707.27595
372,147,23.3077680029728,224588.611,5218706.7621
373,150,0,225390.2259,5218678.6799
374,150,0.457388859154446,225390.682777473,5218678.65827725
375,150,0.914777718308892,225391.139654946,5218678.6366545
376,151,0,225391.139704717,5218678.63669978
377,151,0.45736034205693,225391.161302359,5218679.09354989
378,151,0.91472068411386,225391.1829,5218679.5504
379,152,0,225391.13975,5218678.63665
380,152,0.457436439524033,225391.596675,5218678.615025
381,152,0.914872879048066,225392.0536,5218678.5934
382,154,0,215731.1161,5219174.5921
383,154,60.8549292571262,215671.801079942,5219185.39944392
384,154,121.709858514252,215621.9812,5219218.5691
385,158,0,214082.277,5175669.2263
386,158,2851.60469624385,216923.878734282,5175568.40208012
387,158,5703.2093924877,218965.8056,5174687.7148
388,159,0,223641.1139,5189972.0849
389,159,154.431715100016,223729.606369348,5189904.58311117
390,159,308.863430200032,223829.191876252,5189805.81878084
391,160,0,223829.191876252,5189805.81878084
392,160,3.57921099316302,223830.655074785,5189802.76125707
393,160,7.15842198632604,223833.103242079,5189800.15027484
394,162,0,229315.938,5187975.5232
395,162,3249.59308391416,226069.543419961,5188101.82407671
396,162,6499.18616782832,223834.666257754,5189798.47070517
397,164,0,213815.886800001,5177148.9455
398,164,1527.97106638297,215130.996036849,5177275.15677758
399,164,3055.94213276594,216657.2727,5177205.0492
400,167,0,240364.6703,5159576.0912
401,167,3551.44766548021,237067.380926802,5160126.35993173
402,167,7102.89533096042,234993.8221,5161858.9143
403,168,0,237611.4111,5164980.7583
404,168,205.15130894124,237406.38165,5164987.82825
405,168,410.302617882479,237201.3522,5164994.8982
406,170,0,239239.3363,5164932.008
407,170,351.11530708844,239590.268862772,5164920.68125034
408,170,702.23061417688,239939.1081,5164911.3059
409,172,0,240109.6169,5165003.2134
410,172,60.9377513953811,240124.909765595,5164944.22579277
411,172,121.875502790762,240159.4088,5164904.0231
412,175,0,242180.8773,5164824.9325
413,175,296.114838702564,242476.66245,5164810.96315
414,175,592.229677405128,242772.4476,5164796.9938
415,177,0,242772.4476,5164796.9938
416,177,146.664025786339,242918.9611,5164790.3507
417,177,293.328051572677,243065.4746,5164783.7076
418,179,0,235991.8313,5164926.5626
419,179,637.530061031317,236581.995979182,5164998.19930587
420,179,1275.06012206263,237201.3522,5164994.8982
421,181,0,239939.1081,5164911.3059
422,181,115.734490196973,240019.838558747,5164992.70169269
423,181,231.468980393946,240109.6169,5165003.2134
424,184,0,215313.2854,5197945.2672
425,184,3800.12356850273,216610.384741009,5194840.71026174
426,184,7600.24713700546,218379.069199999,5191656.1692
427,186,0,215576.788,5214214.5824
428,186,3612.6003043594,219185.078499163,5214054.97050083
429,186,7225.20060871879,222792.773,5213867.9793
430,187,0,215292.714592638,5198612.40582856
431,187,2311.12079896261,214028.415872626,5200415.20657815
432,187,4622.24159792521,213406.3633,5202223.2775
433,189,0,228399.3308,5172661.0405
434,189,1722.57629347621,230119.134387815,5172577.34597142
435,189,3445.15258695242,231839.7202,5172495.5232
436,191,0,236590.3975,5139200.9998
437,191,2273.4119465252,238854.24875417,5139089.08365968
438,191,4546.82389305039,241119.1017,5139003.1458
439,193,0,223925.6394,5143111.2199
440,193,5811.08837377943,228377.918980882,5141184.21489826
441,193,11622.1767475589,233425.7215,5141732.311
442,195,0,244987.455500001,5123069.8775
443,195,1841.83778882076,245005.450360099,5124893.93583741
444,195,3683.67557764152,245085.2295,5126733.9824
445,197,0,238561.2916,5131016.6919
446,197,5274.6718488808,233292.504884023,5131260.92235025
447,197,10549.3436977616,228023.6236,5131504.2438
448,199,0,231589.0598,5134593.5164
449,199,3191.31872524364,234775.598707523,5134424.40879971
450,199,6382.63745048729,237963.0731,5134272.4615
451,200,0,229879.893121752,5133035.00637516
452,200,1156.67185695393,230741.385389972,5133806.62275983
453,200,2313.34371390785,231589.059832113,5134593.51636293
454,202,0,238978.9156,5127794.8309
455,202,3837.41836019388,242812.140264065,5127622.6275077
456,202,7674.83672038777,246645.5446,5127448.6017
457,203,0,238978.9156,5127794.8309
458,203,3126.19323072311,236452.79392887,5127120.40175197
459,203,6252.38646144623,234157.2445,5125670.8975
460,205,0,235249.5367,5166279.7497
461,205,933.733442894562,234980.310702199,5165385.67738006
462,205,1867.46688578912,234720.2622,5164488.9649
463,207,0,239293.4367,5167970.2613
464,207,1484.35468326902,237902.742409915,5167794.62174693
465,207,2968.70936653805,237472.9315,5166596.3906
466,209,0,242171.7103,5168038.7821
467,209,807.03084931168,241365.623561224,5168077.80133081
468,209,1614.06169862336,240559.3163,5168111.8153
469,211,0,234993.4968,5161871.9453
470,211,4013.22729891939,239002.819967514,5161698.64303224
471,211,8026.45459783878,243013.636,5161566.9449
472,213,0,219783.4501,5189993.7839
473,213,6271.69779924657,220083.681173447,5196256.16448897
474,213,12543.3955984931,215310.4537,5198010.9102
475,214,0,215310.4537,5198010.9102
476,214,305.807452986567,215323.712956104,5198316.42874533
477,214,611.614905973135,215292.714592638,5198612.40582856
478,218,0,219562.3655,5169048.0501
479,218,5.00011976933744,219562.00020043,5169043.06334214
480,218,10.0002395386749,219561.634900859,5169038.07658428
481,219,0,219561.634900859,5169038.07658428
482,219,803.094898360349,219521.041134307,5168236.02748011
483,219,1606.1897967207,219480.2282,5167433.9703
484,220,0,246607.0793,5140399.7834
485,220,5130.47470064484,247523.461442433,5135630.73153346
486,220,10260.9494012897,248004.2957,5130611.0191
487,221,0,248004.2957,5130611.0191
488,221,4245.39351004763,248387.726648901,5126545.89556728
489,221,8490.78702009525,248725.2115,5122841.6143
490,223,0,248004.2957,5130611.0191
491,223,1261.05128808067,249264.158038337,5130556.27204885
492,223,2522.10257616134,250218.3219,5130976.4359
493,225,0,226585.4848,5137465.5517
494,225,305.259728757477,226691.1867106,5137751.84296504
495,225,610.519457514953,226803.7471,5138034.7875
496,226,0,226803.7471,5138034.7875
497,226,851.442718427169,227102.915182676,5138830.39710521
498,226,1702.88543685434,227409.9896,5139623.2928
499,229,0,227696.6583,5158958.687
500,229,2361.08344221775,225337.697790295,5159057.58607984
501,229,4722.16688443549,222979.3694,5159171.2764
502,230,0,232147.8243,5127380.2044
503,230,2167.73032190082,233425.831482641,5127848.2393349
504,230,4335.46064380164,234130.0261,5129572.2187
505,231,0,234130.0261,5129572.2187
506,231,757.43672490576,234158.386813592,5130329.11497534
507,231,1514.87344981152,234187.9754,5131085.9418
508,233,0,234130.0261,5129572.2187
509,233,891.164613350062,235017.725510786,5129642.60193099
510,233,1782.32922670012,235893.0446,5129569.7557
511,234,0,234114.7959,5158665.3432
512,234,829.7628245945,234929.727660647,5158644.08650383
513,234,1659.525649189,235739.37,5158590.8278
514,235,0,235739.37,5158590.8278
515,235,3206.59668125885,238943.692258296,5158470.47086959
516,235,6413.1933625177,242148.0929,5158396.159
517,238,0,230717.4459,5183863.3123
518,238,808.483275595875,231522.360589374,5183827.25643294
519,238,1616.96655119175,232330.3179,5183800.4515
520,241,0,228307.3602,5184782.6236
521,241,1023.44550676635,228751.264827217,5183973.85761427
522,241,2046.89101353271,229044.031,5183165.8394
523,242,0,224648.0574,5184921.2238
524,242,1831.07659580349,226477.583316455,5184848.51175331
525,242,3662.15319160699,228307.3602,5184782.6236
526,243,0,228307.3602,5184782.6236
527,243,1554.12607836324,229859.877040582,5184713.66094815
528,243,3108.25215672649,230717.4459,5183863.3123
529,246,0,234942.9132,5206967.0098
530,246,19.9433732053208,234923.201202926,5206968.99055134
531,246,39.8867464106416,234903.2831,5206969.9942
532,250,0,234596.8404,5206988.6963
533,250,152.936945776481,234444.744649639,5207004.31887849
534,250,305.873891552962,234292.2166,5207015.4949
535,253,0,231739.3074,5207156.1699
536,253,177.728716625918,231561.613651926,5207159.5578773
537,253,355.457433251837,231383.931,5207163.6041
538,258,0,229798.0926,5207213.9763
539,258,306.119103793779,229492.266644529,5207227.36899169
540,258,612.238207587557,229186.9201,5207248.1234
541,266,0,231799.0604,5208647.5466
542,266,983.349845938318,232781.754879639,5208611.82784266
543,266,1966.69969187664,233763.1737,5208572.6836
544,269,0,233763.1737,5208572.6836
545,269,212.829142369848,233975.59968269,5208566.44683997
546,269,425.658284739695,234188.2858,5208558.6456
547,271,0,226962.6661,5208862.0054
548,271,774.703318421191,226188.802884219,5208898.03794041
549,271,1549.40663684238,225414.8697,5208932.5667
550,273,0,223827.2788,5209001.9797
551,273,612.49553993512,223215.393334483,5209029.30346191
552,273,1224.99107987024,222603.5408,5209057.3484
553,280,0,266086.391,5204654.3137
554,280,415.416740289297,266111.821234323,5204278.5564255
555,280,830.833480578593,266468.5461,5204190.3281
556,281,0,266513.5378,5204066.1949
557,281,29.4109475676963,266514.98135,5204095.5704
558,281,58.8218951353925,266516.4249,5204124.9459
559,283,0,266513.5378,5204066.1949
560,283,3500.96599622235,266857.027470177,5201109.42889955
561,283,7001.93199244469,268458.6588,5199128.0899
562,287,0,229404.425303532,5189589.43982561
563,287,800.995011698975,228604.03707282,5189620.24886615
564,287,1601.99002339795,227803.6573,5189651.5019
565,289,0,227803.6573,5189651.5019
566,289,686.224191600494,227117.92741539,5189677.33892429
567,289,1372.44838320099,226433.0936,5189704.967
568,291,0,226433.0936,5189704.967
569,291,118.697838229727,226314.4432,5189708.3225
570,291,237.395676459454,226195.7928,5189711.678
571,295,0,234173.9675,5189327.9471
572,295,795.530752248579,233379.62531145,5189371.23775538
573,295,1591.06150449716,232585.1494,5189412.0783
574,297,0,232585.1494,5189412.0783
575,297,807.328921121087,231779.217399131,5189457.9024231
576,297,1614.65784224217,230973.0288,5189500.5464
577,301,0,230973.0288,5189500.5464
578,301,785.192875975603,230189.241504271,5189547.43662125
579,301,1570.38575195121,229405.6911,5189589.398
580,302,0,229405.6911,5189589.398
581,302,0.633243649998299,229405.058201766,5189589.4189128
582,302,1.2664872999966,229404.425303532,5189589.43982561
583,304,0,224587.814857178,5189766.63293063
584,304,0.0517800244083043,224587.764478589,5189766.62096531
585,304,0.103560048816609,224587.7141,5189766.609
586,306,0,219496.0099,5210808.2728
587,306,7596.98110807429,227082.73409998,5210467.42115253
588,306,15193.9622161486,234635.9039,5210168.0955
589,307,0,217390.1182,5165906.7015
590,307,1282.07145724991,218669.616976178,5165838.13690022
591,307,2564.14291449982,219948.9326,5165783.6968
592,308,0,219948.9326,5165783.6968
593,308,763.989121471291,220712.116347014,5165759.2932126
594,308,1527.97824294258,221475.3224,5165724.826
595,310,0,222980.034,5135046.3398
596,310,1918.93635814341,224810.373409614,5134858.45735526
597,310,3837.87271628683,226726.506803668,5134779.9669697
598,311,0,226726.506803668,5134779.9669697
599,311,2386.09595236562,229109.174270797,5134669.06705601
600,311,4772.19190473125,231493.4647,5134576.6573
601,313,0,273802.8824,5201508.0287
602,313,902.329301120665,274686.378417275,5201543.03352009
603,313,1804.65860224133,275249.2932,5202109.0482
604,315,0,274401.000012226,5197264.6322227
605,315,1567.21744024638,275142.196483066,5196315.00644674
606,315,3134.43488049276,274948.1667,5195409.8011
607,317,0,274401,5197264.6322
608,317,2643.75053418175,274098.682323581,5195047.20168698
609,317,5287.50106836351,275661.0471,5193448.4536
610,318,0,273277.283795212,5208748.79500031
611,318,22.813813680942,273278.750022869,5208771.56164853
612,318,45.6276273618839,273280.216250526,5208794.32829675
613,319,0,273280.216250526,5208794.32829675
614,319,97.1826044525405,273285.289445813,5208891.35277465
615,319,194.365208905081,273283.7521,5208988.5099
616,320,0,272852.2866,5204946.3093
617,320,248.634489271953,272856.734798163,5205194.90312636
618,320,497.268978543906,272865.289914824,5205443.31050154
619,321,0,272865.289914824,5205443.31050154
620,321,1773.38332680593,273174.786379216,5206984.08550409
621,321,3546.76665361186,273277.283795212,5208748.79500031
622,322,0,291723.4715,5201236.8803
623,322,515.887270656327,291416.900689395,5201563.26584714
624,322,1031.77454131265,291008.88,5201681.1204
625,324,0,297044.4761,5197332.8258
626,324,129.239910829763,297045.34694898,5197210.55733533
627,324,258.479821659526,297095.7218,5197097.3276
628,328,0,272680.7727,5214293.9852
629,328,256.253743246533,272916.531131919,5214254.677935
630,328,512.507486493066,273151.18,5214198.6303
631,329,0,273151.18,5214198.6303
632,329,509.190165298477,273011.102302646,5213736.32127206
633,329,1018.38033059695,272981.073,5213234.139
634,331,0,273151.18,5214198.6303
635,331,523.969711895442,273448.458831446,5214614.8081611
636,331,1047.93942379088,273921.8159,5214587.384
637,333,0,272705.855,5214958.1922
638,333,1012.88795404999,271715.473787564,5215094.67193785
639,333,2025.77590809998,270703.8945,5215146.0928
640,334,0,273983.2191,5216506.8542
641,334,1063.7250122087,273302.557776076,5215738.59653934
642,334,2127.45002441741,272705.855000001,5214958.1922
643,335,0,272705.855000001,5214958.1922
644,335,332.340270395917,272693.364948928,5214626.08682691
645,335,664.680540791835,272680.7727,5214293.9852
646,336,0,274798.5935,5189229.2953
647,336,1276.58238874583,275796.553557777,5188636.88602286
648,336,2553.16477749166,276361.2391,5187943.2802
649,337,0,271700.7356,5193702.1803
650,337,1187.84179191224,272255.692988667,5192996.66006288
651,337,2375.68358382448,272913.5524,5192267.3192
652,338,0,272913.5524,5192267.3192
653,338,465.696146081026,273355.158403525,5192135.4409618
654,338,931.392292162052,273659.0457,5191793.0241
655,339,0,273659.0457,5191793.0241
656,339,1566.95643708249,274182.836352845,5190498.85442816
657,339,3133.91287416498,274798.5935,5189229.2953
658,341,0,273659.0457,5191793.0241
659,341,1044.51777634611,273866.079539333,5192426.21386755
660,341,2089.03555269221,273868.3112,5193338.5739
661,343,0,243680.3902,5138081.0748
662,343,2460.341307762,242709.891591891,5136561.9070349
663,343,4920.682615524,241075.7838,5135781.464
664,344,0,241075.7838,5135781.464
665,344,9085.28198353415,232003.868516163,5136156.88846846
666,344,18170.5639670683,222927.3794,5136552.0844
667,347,0,237918.9267,5132660.232
668,347,1523.64299885894,239440.883536651,5132598.14804962
669,347,3047.28599771788,240963.0374,5132533.4569
670,350,0,272857.8869,5204946.4805
671,350,2089.41572592514,273909.9994558,5203706.35603285
672,350,4178.83145185029,273343.6413,5201878.335
673,351,0,273343.6413,5201878.335
674,351,2818.49540167842,274715.175926838,5199735.30331078
675,351,5636.99080335684,274399.2878,5197265.5543
676,352,0,273343.6413,5201878.335
677,352,341.806824040764,273179.32602306,5201578.67795118
678,352,683.613648081527,273127.588590707,5201253.15290498
679,353,0,273127.588590707,5201253.15290498
680,353,1334.38163891103,272224.844882864,5200688.07490988
681,353,2668.76327782206,272674.9353,5199668.5465
682,354,0,213382.391838665,5180520.75430908
683,354,0.260923112732496,213382.130919333,5180520.75290454
684,354,0.521846225464991,213381.87,5180520.7515
685,356,0,221117.8969,5186710.919
686,356,4974.34541760785,216147.020193181,5186885.53182344
687,356,9948.69083521571,211182.0917,5187088.2325
688,358,0,210264.8701,5216071.0327
689,358,667.554732385449,210932.326558154,5216059.63130217
690,358,1335.1094647709,211599.7929,5216049.2333
691,360,0,211599.7929,5216049.2333
692,360,774.135412991632,212373.400438659,5216020.72869169
693,360,1548.27082598326,213146.88,5215989.3308
694,364,0,213146.88,5215989.3308
695,364,150.554946356435,213296.899404994,5215977.15018651
696,364,301.109892712871,213447.23,5215968.9341
697,366,0,222962.8094,5133369.1786
698,366,3400.67041264658,226352.313625421,5133191.61244382
699,366,6801.34082529316,229748.9053,5133031.8215
700,369,0,210121.5835,5217854.4351
701,369,123.15694086493,210214.278127337,5217802.76066363
702,369,246.31388172986,210233.0163,5217696.3396
703,371,0,295617.2021,5199829.0886
704,371,3505.87812822106,293705.400577382,5200089.84976213
705,371,7011.75625644213,291723.4715,5201236.8803
706,373,0,270634.3462,5205415.1322
707,373,599.998666318489,270566.432199037,5204895.20000692
708,373,1199.99733263698,270416.8994,5204344.6814
709,374,0,267005.9967,5204939.0897
710,374,2381.81564173298,268336.309124464,5204867.21728302
711,374,4763.63128346596,269675.878191945,5203807.38754264
712,375,0,274399.2878,5197265.5543
713,375,0.972355034130506,274400.143906113,5197265.09326135
714,375,1.94471006826101,274401.000012226,5197264.6322227
715,377,0,228063.931619011,5175318.87252457
716,377,4737.27339191773,231785.675724527,5174520.84664206
717,377,9474.54678383547,236069.642,5173143.4701
718,378,0,228008.1098,5176099.2254
719,378,738.907158959638,227974.446196293,5175746.52311714
720,378,1477.81431791928,228063.931619011,5175318.87252457
721,379,0,223733.1165,5177067.0387
722,379,824.322477673067,224114.44314859,5176939.11835152
723,379,1648.64495534613,224740.501541195,5176938.2004589
724,380,0,224740.501541195,5176938.2004589
725,380,4018.57576383918,226660.005575746,5177515.47535324
726,380,8037.15152767835,228008.1098,5176099.2254
727,381,0,229889.258861247,5154034.585612
728,381,2.78099761428191,229886.836985399,5154035.69195683
729,381,5.56199522856382,229885.8059,5154038.2303
730,382,0,229885.8059,5154038.2303
731,382,7546.51293530089,229050.362807766,5159780.57620219
732,382,15093.0258706018,226313.1062,5164703.305
733,383,0,226313.1062,5164703.305
734,383,7546.51566842248,229050.362924172,5159780.57347155
735,383,15093.031336845,229885.8059,5154038.2303
736,384,0,229885.8059,5154038.2303
737,384,2.77826449204357,229886.83533115,5154035.69413247
738,384,5.55652898408714,229889.258861247,5154034.585612
739,385,0,229889.260685357,5154034.59246613
740,385,2.77825838617516,229886.835327454,5154035.69413733
741,385,5.55651677235033,229885.8059,5154038.2303
742,386,0,229885.8059,5154038.2303
743,386,7546.56647404233,229050.36095003,5159780.61978094
744,386,15093.1329480847,226313.1062,5164703.305
745,387,0,227082.2084,5170276.5456
746,387,3061.03736166566,226444.15787583,5167761.52281603
747,387,6122.07472333132,226313.086495228,5164703.30589714
748,388,0,226313.086495228,5164703.30589714
749,388,401.8522465384,226295.927568593,5164301.82159352
750,388,803.704493076801,226282.1779,5163900.2068
751,393,0,228009.511800001,5131504.4138
752,393,1230.60595441878,228981.166273498,5132194.41135362
753,393,2461.21190883756,229879.893121752,5133035.00637516
754,394,0,231589.059832113,5134593.51636293
755,394,7235.84659723105,236912.058963497,5139492.53498569
756,394,14471.6931944621,242972.436462425,5142171.22887449
757,395,0,242972.436462425,5142171.22887449
758,395,2053.6866342262,242994.939871286,5144126.70875906
759,395,4107.37326845239,243079.892747407,5146178.45758237
760,397,0,242972.4365,5142171.2288
761,397,758.844469350691,243730.015355303,5142134.87871607
762,397,1517.68893870138,244488.475,5142112.0271
763,399,0,211510.3919,5185902.2499
764,399,5102.81611893136,214309.867838486,5183716.41500448
765,399,10205.6322378627,219410.2045,5183559.0663
766,400,0,219436.7925,5173048.2599
767,400,1352.8473757171,220788.408435025,5172991.74524627
768,400,2705.6947514342,222139.9439,5172932.3731
769,401,0,219561.8572,5169038.0603
770,401,15.1614680684959,219576.94574072,5169036.57502126
771,401,30.3229361369917,219592.046600768,5169035.28883013
772,402,0,219592.046600768,5169035.28883013
773,402,1011.56693287946,220602.697723719,5168992.88205737
774,402,2023.13386575892,221613.4802,5168953.7498
775,404,0,214505.0797,5173293.9156
776,404,2468.97361114832,216970.568752028,5173163.99468824
777,404,4937.94722229663,219436.7925,5173048.2599
778,406,0,246803.2505,5129061.83
779,406,4653.22860233534,242155.64087159,5129270.30653774
780,406,9306.45720467069,238978.9156,5127794.8309
781,424,0,223833.103242079,5189800.15027484
782,424,1.14551627070455,223833.88677104,5189799.31463742
783,424,2.2910325414091,223834.6703,5189798.479
784,456,0,243132.4255,5166393.9986
785,456,2843.80271624043,240295.251519443,5166522.54090576
786,456,5687.60543248086,237472.922169775,5166596.20568109
787,457,0,237472.922169775,5166596.20568109
788,457,590.79460152693,236882.657489253,5166621.13953988
789,457,1181.58920305386,236292.5931,5166650.4234
790,463,0,220113.468500001,5197596.1364
791,463,1000.17783627553,220199.621137055,5198580.40436133
792,463,2000.35567255106,220238.4112,5199577.3877
793,464,0,220238.4112,5199577.3877
794,464,365.455178194858,220602.176408145,5199577.59657781
795,464,730.910356389715,220967.4243,5199566.0604
796,468,0,214658.1793,5211062.9817
797,468,56.990264226266,214636.365441625,5211115.56348022
798,468,113.980528452532,214618.5072,5211169.6817
799,469,0,214618.5072,5211169.6817
800,469,2054.89858247623,214717.314086294,5213222.06763189
801,469,4109.79716495246,214634.981,5215111.8259
802,481,0,217469.7036,5162686.5414
803,481,4011.63001258355,221376.92727528,5162366.21592966
804,481,8023.2600251671,222979.369354795,5159171.27637675
805,482,0,222979.369354795,5159171.27637675
806,482,891.334412904466,223386.673280698,5158378.4469142
807,482,1782.66882580893,223596.9967,5157537.2617
808,502,0,266468.5461,5204190.3281
809,502,48.8036675732543,266509.897382385,5204169.2752058
810,502,97.6073351465086,266516.4249,5204124.9459
811,503,0,266516.4249,5204124.9459
812,503,29.4109475676967,266514.981354647,5204095.57039977
813,503,58.8218951353934,266513.5378,5204066.1949
814,508,0,223834.666257754,5189798.47070517
815,508,1.22764506112302,223833.562678877,5189799.00850259
816,508,2.45529012224604,223832.4591,5189799.5463
817,516,0,243079.892747407,5146178.45758237
818,516,6.68244020451947,243080.108423703,5146185.13654119
819,516,13.3648804090389,243080.3241,5146191.8155
820,541,0,240903.5069,5130931.525
821,541,801.554680375523,240928.470363738,5131732.67621604
822,541,1603.10936075105,240963.0374,5132533.4569
823,542,0,240963.0374,5132533.4569
824,542,2403.00003316525,242594.490790598,5133290.12099921
825,542,4806.00006633051,242682.5322,5135691.2465
826,544,0,222271.5724,5144733.8469
827,544,4587.03377109686,226384.834895586,5144508.29130965
828,544,9174.06754219373,230966.466,5144287.2987
829,545,0,230966.466,5144287.2987
830,545,1618.53367871173,231167.728665562,5145840.92082504
831,545,3237.06735742346,231219.6883,5147458.6152
832,562,0,269675.878191945,5203807.38754264
833,562,502.756693232914,270111.968046075,5204000.15341034
834,562,1005.51338646583,270417.019763097,5204344.30657838
835,563,0,270417.019763097,5204344.30657838
836,563,1450.59121641342,271702.773532387,5204187.58757153
837,563,2901.18243282684,272841.5984,5204945.7532
838,576,0,243079.56123232,5146191.83462562
839,576,6.67986110167918,243079.39381616,5146185.15686281
840,576,13.3597222033584,243079.2264,5146178.4791
