232701.431895729,5192647.15584229,25
235562.542223667,5181207.34952813,25
220235.36173941,5199735.193662,25
220232.324907152,5199675.64797743,25
227599.880364094,5196116.68423453,25
225229.658823333,5199414.57108045,25
225052.135112676,5200022.95733068,25
234379.910137614,5194164.57104606,25
234482.786014867,5196483.01304752,25
214418.839296471,5204672.30985088,25
219581.397491715,5159340.81035425,25
234412.950440491,5165919.54423055,25
226169.550823795,5161465.88949819,25
222922.379335512,5161333.3402405,25
222890.336068092,5160802.14859812,25
211780.010154876,5219256.12077679,25
214242.894844168,5153889.13618898,25
295940.939890586,5203807.73262159,25
289801.018493084,5202455.44749117,25
270720.679177411,5191161.129878,25
223671.100033459,5206668.72436957,25
292157.773320612,5206236.97220549,25
292193.665801675,5207061.52565406,25
292531.392009382,5207874.69386722,25
293358.077169213,5209018.44226297,25
237247.774457866,5176314.71734258,25
236065.985152887,5177964.05151324,25
232119.285698012,5179574.30861114,25
250427.87890913,5201614.31464628,25
251868.152433708,5201949.22764995,25
214658.837251351,5185319.89314502,25
212247.638512307,5185387.17470885,25
237396.303034013,5160109.02547096,25
244952.327975216,5123465.17570378,25
234893.455212037,5165091.10134593,25
240695.535234218,5168107.23079734,25
297062.570625692,5197292.14275668,25
215842.255382566,5186895.91065763,25
212227.690007546,5184795.77574974,25
243109.564021986,5146988.07031853,25
223828.633854762,5189811.38925151,25
268458.737356088,5199129.43897294,25
224385.155152104,5176889.53171365,25
223925.269166957,5177090.9907254,25
237680.940048382,5166587.79678464,25
243047.546134335,5166397.95729738,25
271265.54231065,5204145.98237247,25
289594.310212899,5204515.46714424,25
211392.186564465,5210761.67314692,25
211424.107504812,5211218.18537241,25
211431.421054559,5211725.37191849,25
211434.993826564,5211817.34174717,25
231855.057306009,5142624.11163525,25
225421.186847664,5142937.032177,25
223596.673269563,5157538.75654585,25
272749.273821685,5201288.84188916,25
266468.957972871,5204190.26867958,25
224578.168922309,5189767.18679565,25
224982.754225255,5191371.21673108,25
225183.151191695,5191364.38956223,25
213574.645776922,5201988.2819328,25
213752.719898126,5201718.34690287,25
234910.205608754,5138455.55843893,25
233272.07786831,5137756.48370634,25
226846.868324248,5138030.54405087,25
226181.127125954,5189710.62980944,25
219477.27941308,5210804.1679027,25
210250.944987347,5216071.53997802,25
211697.625188401,5217658.80363566,25
271501.915346611,5199450.77214682,25
271110.26070897,5200888.8315925,25
270306.926169631,5202285.74552214,25
269806.817083494,5203027.6125894,25
269562.742047603,5203954.14825195,25
268108.085777348,5204765.77046042,25
235998.609650232,5164926.97542194,25
239550.886472144,5139078.66786751,25
238170.933460906,5139106.61962248,25
231785.972145149,5141015.14487544,25
224005.539313698,5142992.48287892,25
219480.286200202,5167435.30689657,25
222972.538579088,5159184.57448458,25
231164.656083125,5183844.90368805,25
233912.698028753,5208568.69873199,25
233731.860827366,5208571.49223581,25
273012.030139129,5213418.5618288,25
273963.18339595,5192256.52716098,25
273938.475724535,5191800.73625074,25
213227.860951932,5215982.39897832,25
211616.060060751,5216048.73396645,25
270033.34101444,5203901.28085912,25
235404.942615083,5126346.23808703,25
239330.313310213,5132602.94882184,25
240091.590158388,5165011.41874317,25
230807.114290922,5186255.42164983,25
235742.221629178,5129575.77106692,25
234096.961179467,5128832.65582643,25
233485.075700702,5128027.82116384,25
229385.581725873,5189273.29271498,25
229391.274224303,5189589.86437019,25
274896.762514499,5194446.60913887,25
274034.830582435,5195735.03095241,25
210224.009205609,5217698.31054721,25
226391.506523047,5130788.18825503,25
227843.568295717,5131401.79256731,25
227993.212824867,5131487.13991064,25
217281.475616414,5173149.52059826,25
231168.870884041,5145869.32351443,25
240548.775064746,5164890.98764944,25
231719.20200794,5207156.379919,25
230121.56238242,5207199.73877103,25
219495.721443073,5209211.08782474,25
221390.49567649,5209115.35943564,25
221372.194970618,5218848.17830908,25
224574.988235653,5218707.35333809,25
226171.960668245,5218629.74811092,25
222973.992712617,5218779.78026649,25
234259.255390199,5158672.88582277,25
235409.118267506,5158615.52270163,25
238892.559973892,5156867.65347198,25
225402.485138061,5208933.20561088,25
273967.52436045,5216491.39739415,25
235126.57324681,5173424.60198834,25
231927.575625134,5174575.11286122,25
230315.146703705,5174868.56156145,25
228713.832680446,5175373.09620955,25
227283.587643978,5163842.93509571,25
228362.741414702,5162178.20728427,25
229727.133000481,5158878.92132831,25
230181.392400437,5157237.90497136,25
220091.123665368,5169012.86277183,25
266513.533805481,5204066.31735359,25
289899.979862375,5204558.28609576,25
289599.42755163,5204685.22536868,25
211155.464158512,5212836.0534242,25
272865.007496539,5205428.2783291,25
272868.843690996,5204947.03547638,25
222583.473243242,5209058.16374455,25
239045.450388947,5158467.01115951,25
242669.732618712,5135716.81334136,25
273621.638205473,5202200.43889796,25
211265.872289435,5181317.31253149,25
211931.755646398,5180572.83588075,25
220531.658034485,5173001.62131527,25
224516.756050392,5188912.42986165,25
247630.079736951,5138739.61016261,25
233081.825048888,5202247.72916473,25
225736.886329465,5175203.32424736,25
225488.570607455,5175844.91029453,25
224705.233050793,5176862.90161614,25
233191.529005849,5136107.46741119,25
219814.551333159,5218910.29138663,25
226798.697106135,5138023.39464079,25
216083.051601932,5197970.01679473,25
214623.077610936,5211155.49428235,25
249071.609457136,5135419.9105466,25
234929.720034542,5206968.65206276,25
233326.091495401,5207076.31889638,25
228599.552359933,5208788.92100487,25
230412.133592669,5208714.38233119,25
223816.366035734,5209002.42681844,25
292299.342493548,5204224.981813,25
291997.049592266,5203921.1739208,25
292376.457422851,5202704.38335613,25
292543.690711384,5201894.09848321,25
294230.623360266,5199892.8511902,25
292271.913361027,5199875.5035871,25
272639.731784761,5191761.1975256,25
236566.784573303,5139182.47092214,25
234890.026231396,5137640.00532998,25
239441.366411792,5135840.40293568,25
241059.699705247,5135782.28854515,25
229865.3636113,5133021.40193405,25
236308.374723196,5132743.03368383,25
234698.108914577,5132811.52720954,25
232561.267118838,5189412.13797551,25
230962.68768614,5189501.14737976,25
273905.214269501,5214591.56952566,25
240962.514604928,5132523.49909179,25
242625.471837931,5134063.72511638,25
242564.480781274,5132828.27484606,25
216592.898744355,5219060.85820695,25
226726.519856097,5134791.95107402,25
231576.33495654,5134582.2107587,25
222343.342105053,5144706.55247779,25
223867.296613735,5144699.94946364,25
219562.31922195,5169047.28147434,25
226974.661264676,5208861.40682297,25
273266.099710716,5208585.72195099,25
272878.58360645,5205441.13786554,25
238254.496972293,5140715.08149531,25
227771.172163338,5176731.37911421,25
227173.198159608,5177439.68241946,25
225546.939718735,5177301.18348668,25
272786.148370195,5192826.33574309,25
227405.985914657,5139615.97827085,25
274516.962014882,5190070.29255679,25
273880.260109035,5190686.9285234,25
242889.605025039,5151868.12258182,25
226313.787849802,5192930.85726172,25
235493.536115817,5180103.91558821,25
214341.413425454,5178932.68778745,25
212720.834816773,5178981.48425256,25
228334.391945797,5200883.74728952,25
229854.574181806,5200817.79668011,25
227129.268007431,5196502.82501697,25
226506.833316722,5197777.78280031,25
234429.012159276,5194974.23725524,25
211718.033715717,5190289.4724551,25
219429.747018233,5189975.24082052,25
212524.655298752,5190244.68859493,25
210464.519665852,5190317.7365651,25
221461.738543498,5159235.40404615,25
243435.179951872,5125968.1125936,25
231195.100328323,5166071.81664873,25
230839.539113918,5128132.57221858,25
230906.284087702,5129752.73423815,25
224552.249610826,5161512.35450492,25
224517.24933784,5160728.67444549,25
210255.933241462,5219324.50539517,25
214562.948723648,5154633.80209185,25
234807.62435943,5205404.47736151,25
222248.100962766,5206727.09277878,25
225008.690303329,5205838.61970733,25
232537.300291127,5205511.20930416,25
233231.217724328,5205477.61405434,25
231758.964852471,5179770.21577537,25
234602.542367676,5178754.37567547,25
212768.229447351,5195411.15274722,25
212772.095973519,5195344.33050187,25
216459.883694822,5215809.62711567,25
216280.93392557,5185277.30355352,25
213057.094573432,5185360.58930686,25
214252.364045397,5177323.11051617,25
215856.243172835,5177241.67345908,25
216389.427091382,5214183.33682351,25
231838.708867582,5172495.45739182,25
228611.198423981,5172650.1433277,25
245047.171305154,5125895.09607797,25
234750.765497696,5164608.3498787,25
242231.637185766,5161601.63280012,25
235865.287177751,5161829.08497965,25
213154.332001462,5186957.51119425,25
227675.299678435,5133127.47059891,25
226358.835722198,5133191.38101234,25
214594.683925135,5183708.44257193,25
213004.567548387,5183917.31644624,25
266792.738349285,5203468.97996336,25
267683.312310645,5200776.61960828,25
267885.450970974,5199440.10650945,25
266834.074059788,5201122.50712373,25
266840.264465102,5202434.20792144,25
226485.545189192,5168728.24309343,25
240623.270768129,5166510.35183289,25
239689.404559672,5166553.71297499,25
222139.442134841,5160842.16908354,25
210702.375539882,5212882.01003891,25
209920.188712989,5214086.75887664,25
211410.766041535,5211055.31205545,25
211410.664359389,5211247.69851277,25
242902.337080375,5142163.67128065,25
227033.051181498,5142858.82944779,25
228616.900187147,5142789.4564297,25
228335.08020406,5134697.4414634,25
229925.3996973,5134635.40772155,25
233679.096286062,5147397.84201589,25
242733.919274957,5137306.2208788,25
217387.300807748,5175547.1244656,25
218976.504204428,5175471.06926378,25
216672.36251215,5175580.51001902,25
214165.483457462,5175697.6862294,25
224641.141311708,5191383.77533454,25
227948.746958683,5191253.7170342,25
214276.09606074,5199836.71118573,25
213941.243320475,5201209.93780462,25
213775.745535031,5201466.06598263,25
214263.437390691,5199845.07487398,25
214598.481945865,5210651.68990871,25
229365.310065733,5137901.31457441,25
219937.513043557,5165783.91616276,25
241181.321893611,5138994.224629,25
214406.64783877,5180495.16648395,25
217461.806457817,5180401.75502816,25
237198.187851853,5164982.48726937,25
226972.464751245,5141247.95483328,25
228007.47557526,5141204.37193456,25
226427.432135683,5141273.0214182,25
218170.129750553,5162663.02207836,25
221347.404351769,5162471.08067469,25
231919.797557486,5183813.48921249,25
225139.706793174,5184904.5746574,25
213159.407314324,5215987.89723176,25
245186.000392877,5129144.22100196,25
237436.524912304,5127848.78095692,25
237265.022466501,5127754.98707463,25
247451.637797284,5133879.74369835,25
223436.310254755,5134900.26677801,25
275396.850944904,5194047.77374118,25
275650.758290479,5193448.34381887,25
225688.326381006,5130788.87387196,25
233148.455720877,5134513.6402987,25
234759.262423357,5134425.10091648,25
220749.772564829,5167382.87840053,25
220080.833056571,5168793.6384586,25
218894.236568485,5173072.79335085,25
215674.478421765,5173228.18501367,25
219857.631885701,5191582.20590885,25
238627.147961564,5150412.38880734,25
233710.001898867,5148528.34552036,25
223964.641261166,5147851.52063118,25
222355.599677373,5147943.31613143,25
232036.471518167,5147563.90607386,25
234294.541702769,5148988.82892059,25
239997.526655964,5150363.85018939,25
233597.841168587,5145779.36351569,25
220173.518910059,5198001.57161625,25
228521.586769483,5207320.89785168,25
228530.030685375,5207315.89766014,25
209925.29886453,5213883.88820333,25
210670.906316271,5212857.94594363,25
237731.112252999,5167815.34196029,25
237598.336183968,5167345.31835181,25
219393.053078843,5170635.64509636,25
237271.090260413,5156931.35823817,25
229961.705079933,5155637.17845556,25
229343.030177707,5159469.5349892,25
226344.965467442,5165504.1932827,25
243049.56532377,5145376.01116467,25
243037.062097833,5143764.82060462,25
214481.142936157,5199806.52421388,25
212763.790014412,5212763.66490518,25
216494.158013856,5194614.91360827,25
215296.454416983,5197646.68190944,25
219411.270907683,5172249.29830374,25
248080.25289625,5124131.8890256,25
248448.460141278,5129264.37705188,25
250200.453130992,5130821.87263817,25
226084.00878561,5159031.41868835,25
223952.627525753,5159122.16854382,25
237332.979487797,5158526.11829961,25
241124.092910533,5137385.48692306,25
212800.311444593,5180537.13362706,25
225683.174251731,5188134.37553805,25
225066.745217129,5202599.59022169,25
233894.943937904,5202200.96104571,25
233199.619267055,5136092.48222775,25
223482.256575777,5136522.85034881,25
231607.089186035,5136174.84703696,25
236430.928016792,5135974.91853888,25
230118.707096278,5139505.41394898,25
228524.312391151,5139558.48446709,25
216089.154988611,5197971.52117343,25
215322.59965363,5198542.52688917,25
218561.736925504,5198244.69945286,25
214530.724370439,5214309.27648753,25
214690.552876338,5212678.24582458,25
247759.682438152,5132235.3065591,25
231787.508658787,5208648.51358114,25
226471.490798464,5189703.57878571,25
226506.773637474,5189702.27395988,25
233863.621360052,5210167.48529899,25
221052.939122259,5210735.58527213,25
218948.805626339,5165826.65226933,25
272738.22653836,5191765.1966128,25
272665.446989535,5191763.73339848,25
235440.26160592,5136015.38778338,25
228207.231771867,5131585.09810369,25
231469.959141236,5132953.34293783,25
233086.928942778,5132885.78723255,25
227521.889416689,5184806.92909179,25
228589.825094713,5184772.97448136,25
243582.624460785,5129211.74769459,25
241960.27799439,5129280.94311133,25
239146.463639157,5129385.49656524,25
243500.783590274,5127592.01020822,25
240263.279401975,5127748.91558038,25
232513.785184504,5135454.89344608,25
220171.62665822,5197974.36686202,25
216074.680362453,5197851.31522894,25
217804.615267261,5197624.3855451,25
222599.451333456,5144678.28153856,25
241288.598095293,5142231.57620817,25
224705.106201525,5192993.30475837,25
229526.25961295,5192804.30504489,25
233017.194279081,5180530.39086181,25
235399.45497145,5180083.5908696,25
233782.272740921,5180314.60445824,25
232166.903546202,5180566.50043419,25
218899.983570312,5206123.16057385,25
220374.561740675,5202813.2119509,25
220305.590540901,5201213.06739015,25
220434.66162828,5204410.46119877,25
218827.79941192,5204500.52783728,25
213601.409154621,5178953.20596028,25
215943.363112557,5178847.37472806,25
219522.732638107,5212432.89141088,25
229127.331495591,5212003.60381534,25
226320.806683687,5197898.03364833,25
227122.670848159,5196509.57675308,25
227135.809266467,5196502.20699933,25
226519.292917643,5197751.08429475,25
212513.263993339,5190245.77903317,25
218157.777253151,5190028.27419494,25
214942.463643968,5190157.79940272,25
221222.834612467,5159245.28909632,25
243334.067683647,5123552.73288934,25
243362.597248898,5124351.44395737,25
230839.739289684,5128136.33803037,25
216162.515236059,5154645.24807796,25
217772.130073947,5154583.92200817,25
214666.252577052,5154680.69960384,25
217700.515141953,5181997.5152997,25
216848.617255499,5182029.32292457,25
211314.190075046,5182104.71170156,25
225229.806617473,5205819.7623469,25
231617.977578159,5205565.48930713,25
233722.779892291,5179048.58275428,25
234640.00123762,5178752.68752284,25
219670.155059257,5215662.80243193,25
218004.226869505,5214112.9993594,25
221276.583593954,5213946.48161491,25
230228.580671059,5172572.87969561,25
244975.849528339,5124280.5528773,25
237487.350524281,5161753.83554643,25
221010.104087964,5186714.77566788,25
221091.315221201,5186712.15845276,25
217972.337370631,5186834.27840774,25
212350.481926697,5186993.89279529,25
214763.232289822,5186925.81089275,25
219582.705892387,5186765.41311421,25
226652.299531927,5133178.50501516,25
228270.30376922,5133101.16056573,25
227889.124619864,5133119.11609737,25
223403.983683975,5133315.89051255,25
216203.653371725,5183664.89689464,25
213098.98904134,5183764.39370362,25
226714.450716986,5134780.48798303,25
225554.642263548,5134826.35266459,25
222872.441498471,5160267.64693216,25
219783.228528013,5162557.93229649,25
217635.31674149,5162679.58193186,25
215181.39450641,5198773.0285042,25
211419.117009468,5211428.96763595,25
211424.101451675,5211536.97384606,25
230276.3328118,5144327.46459958,25
215779.478369828,5175623.40073161,25
214601.431497551,5211149.89275998,25
230060.134267951,5137880.36291423,25
229449.133222806,5137897.80946489,25
228456.063223001,5137945.41057277,25
216024.410616458,5180451.20074557,25
225385.971729132,5142063.36423208,25
224461.047909347,5159099.23075658,25
218975.225498446,5162611.41472297,25
231281.031734171,5183844.58772654,25
231044.312058704,5183849.62264339,25
230899.610011366,5183855.31674604,25
240351.735121092,5129360.08579227,25
215109.334202505,5199785.3136263,25
216162.012398429,5199742.29788155,25
248750.33925741,5130578.60994462,25
225095.504271378,5134849.60092548,25
226317.556676476,5134796.86022827,25
236369.378027757,5134356.23731665,25
220090.369315471,5196391.56159334,25
225578.520383137,5147772.61097746,25
227197.382209738,5147693.69287806,25
233524.827552069,5144187.83612522,25
214952.728229014,5199119.38190708,25
215175.589820098,5198781.82438707,25
220217.668785728,5199578.66476549,25
214751.003425515,5199798.33156726,25
215295.948040778,5197641.82947931,25
216500.548308497,5194628.38283883,25
216611.412895226,5194321.32942956,25
216588.793783677,5194766.33725324,25
248912.552020343,5130571.54100448,25
216080.33101269,5197850.17898884,25
226096.644818225,5188100.7329257,25
231481.156153472,5202360.99279827,25
226705.004560818,5202582.95864671,25
235663.107374173,5202101.45707169,25
226167.287653764,5136417.45871676,25
216101.995414034,5197974.62223053,25
215317.220142778,5198558.1255821,25
215328.867106096,5198524.42469739,25
215567.087501847,5198601.66846513,25
218567.016583839,5198343.02319794,25
214567.539992,5211024.60909002,25
214647.04681979,5213488.52528062,25
247997.996388281,5130652.02169775,25
234705.014233445,5202149.92770601,25
227789.939921533,5189652.19464289,25
218325.713768872,5165849.67766091,25
225902.664402992,5184869.55446005,25
229911.732465616,5184710.58055337,25
245113.767055425,5127522.44731781,25
241887.017411321,5127664.79039303,25
233022.707232182,5131273.96716182,25
219935.739335516,5193184.25896407,25
216090.786439767,5197848.01840986,25
224000.799758902,5144705.51746773,25
239675.988183386,5142279.08720839,25
227914.657277883,5192870.54815478,25
232966.184826775,5180531.79826004,25
218974.474849621,5207736.12193292,25
230728.150078316,5211925.2225201,25
227511.346026064,5212060.30331735,25
222727.521685726,5212250.75208975,25
217922.630814549,5212492.47674049,25
226598.797979578,5212099.69166305,25
226511.007871524,5197768.80613785,25
216550.27752567,5190093.19332334,25
213330.480940406,5190226.8723041,25
243382.48012389,5124837.3658755,25
212870.442290855,5182147.78006251,25
213985.181178501,5182111.32498764,25
211914.756210525,5182172.94556668,25
226836.019766023,5205781.28492806,25
230063.323227505,5205605.73199226,25
234796.690719076,5213361.02902402,25
221248.500908389,5215562.09525464,25
225982.604087706,5213768.40360757,25
230777.903563334,5213527.50403231,25
219596.283622234,5214037.1444731,25
216380.291508003,5186878.22423982,25
228387.791608934,5133095.47033847,25
224948.935939365,5133255.94386101,25
215169.231902298,5198791.4585856,25
229226.490194291,5144375.83246853,25
215320.91324458,5198249.33680934,25
215325.13410808,5198535.26779125,25
225216.206758348,5191363.24946062,25
227844.807577749,5191258.49466351,25
231668.872774292,5137806.89645222,25
228203.342819632,5131495.88335062,25
231414.987234289,5131347.95389671,25
233266.144610633,5131263.11150816,25
233503.231443986,5131250.23954786,25
231013.509176266,5183850.8505079,25
228721.929266814,5184768.69022804,25
230696.769246333,5183874.677228,25
215395.173467978,5199772.46709249,25
216173.918364428,5199741.84466837,25
220009.281841981,5194679.24891918,25
230441.195285311,5147533.72893616,25
231907.545976392,5144233.14819792,25
214613.579099364,5199609.01807307,25
214955.490399556,5199115.23814308,25
218609.91955976,5199649.40532641,25
214623.044823161,5199802.31394478,25
211479.684148877,5212821.51583551,25
211866.439170393,5212805.26802305,25
215241.232772535,5196628.10701571,25
216617.339476301,5194312.42779455,25
217282.644585887,5193308.34155899,25
218236.074292196,5191869.04084362,25
216938.996205512,5193827.87165015,25
216491.466798635,5194609.17466555,25
215240.290222223,5196615.36982073,25
249058.633702986,5130565.19305589,25
227784.973753322,5188038.64548608,25
215314.118398893,5198089.61415231,25
215332.524633352,5198608.70367372,25
216152.057409537,5198583.64260572,25
216159.12042597,5198583.39461827,25
215576.715459604,5198601.29272449,25
214603.090432053,5211050.90675516,25
235391.064110198,5202113.98807145,25
224261.312889827,5210589.63893878,25
232267.695941947,5210248.77069375,25
230665.58308922,5210311.21669487,25
222667.199506723,5210649.60516396,25
229708.592206809,5184722.62859188,25
237848.400337844,5131048.21705217,25
236237.0538753,5131124.91353654,25
235210.912949016,5131171.35160887,25
230172.011742324,5131401.83746366,25
220013.828154014,5194791.01846851,25
220011.044484618,5194722.07854032,25
225471.71998622,5144548.58970382,25
239666.130941104,5142269.40191931,25
224323.644424938,5212195.87039478,25
221124.047856018,5212330.09293016,25
225915.796286182,5212129.08993609,25
212065.129906571,5182164.12967085,25
216105.674570408,5182058.97394645,25
214483.363560123,5182102.15250371,25
228440.707708256,5205663.18348021,25
229186.450175164,5213632.30374155,25
222849.230157259,5215485.2303816,25
232414.344966111,5213459.05261062,25
221203.587811267,5213951.3972428,25
214961.733314336,5199105.75435252,25
215319.696431217,5198218.61479999,25
226245.61888639,5191320.08606599,25
234634.507576959,5131200.06283295,25
235457.623744425,5131163.55628477,25
237440.031097988,5131069.23883135,25
215387.409960573,5199772.79627281,25
220012.116419388,5194748.39941595,25
228815.72518579,5147618.13304689,25
216184.937451738,5199741.40520068,25
215295.22135398,5197635.31737958,25
215820.331920741,5195518.56238975,25
216933.054191395,5193836.96872578,25
216606.711004032,5194328.32706047,25
216317.020558881,5194964.01013156,25
215816.822607793,5195523.85128083,25
228440.556169261,5188008.35007686,25
226459.790393889,5188088.97466255,25
228306.387819242,5202487.54786553,25
229920.186615593,5202418.67831562,25
215317.57609966,5198165.94719908,25
215326.486699318,5198608.98043943,25
215559.569547281,5198601.94184557,25
216139.173906629,5198584.11496685,25
216638.116730534,5198565.2186356,25
218558.206294513,5198404.71645647,25
217287.151162885,5198541.40079594,25
229057.701974764,5210385.67747977,25
229131.752793194,5184750.32924444,25
235329.761907187,5131166.36790174,25
230408.386448342,5131391.19269963,25
229797.69187831,5131418.75493014,25
220009.753419245,5194688.81389236,25
227085.074143776,5144475.58734931,25
227578.797402975,5213673.69071128,25
224435.47381467,5215410.18229788,25
234023.356429313,5213389.80778533,25
217000.126748309,5199711.56886378,25
216481.500428745,5194955.93525957,25
216310.990356936,5194964.2709165,25
215808.80131073,5195535.97636405,25
227823.817350556,5188037.08769607,25
229304.236949182,5187977.23091309,25
227693.640145448,5188042.37282437,25
215318.222928915,5198182.5111889,25
216128.18253979,5198584.50088143,25
218263.179589574,5198496.96198719,25
217637.604207077,5198526.28617229,25
216953.271383759,5198553.53387274,25
225860.128554862,5210524.20648141,25
230555.726772228,5131384.45074286,25
224408.650150291,5213816.90338796,25
216335.045225959,5194963.15076062,25
216617.812154701,5194883.57044529,25
217840.238993403,5198516.80498466,25
227448.307918148,5210451.6542044,25
230917.037941989,5131369.61984728,25
216618.49789716,5194911.18010185,25
217849.290462431,5198516.37681165,25
218060.251798802,5198506.73825203,25
218168.771666409,5198501.49916258,25
235562.616373663,5181208.35654837,25
220305.567355666,5201212.71340157,25
215943.050829829,5178847.39323808,25
217923.592376743,5212492.43793513,25
228328.673456896,5200884.78858745,25
227599.860562262,5196117.45037428,25
227130.2451193,5196502.75896828,25
225229.684178254,5199415.09495987,25
225053.071881746,5200022.62915088,25
234379.841469997,5194163.3295974,25
214415.45976916,5204672.4489981,25
214943.174764368,5190157.79560108,25
210464.531590273,5190317.74003518,25
221225.471018253,5159245.15396341,25
231196.623293941,5166071.73229135,25
230906.311164634,5129754.10564028,25
222918.859015772,5161333.58769772,25
222894.372927629,5160801.96916328,25
211780.283767571,5219256.10856176,25
214242.808443948,5153888.29998076,25
289799.754432433,5202453.93401675,25
270723.668770018,5191161.9262592,25
222248.113868081,5206727.07256151,25
233233.045928169,5205477.51164702,25
292157.795099972,5206241.21308514,25
292201.16681672,5207062.3822988,25
292527.962566207,5207869.96409783,25
293357.403010455,5209001.20533759,25
237247.911017636,5176314.74831061,25
231759.25394368,5179767.60669475,25
212772.159306496,5195343.8500523,25
216459.566089308,5215809.64539653,25
250427.852464776,5201614.24941953,25
251870.178383182,5201949.23309941,25
216282.557839128,5185277.25876652,25
212247.333185325,5185387.20464039,25
215856.813764296,5177241.65013315,25
237394.988080006,5160109.17768752,25
216391.702577941,5214183.20967078,25
230230.364436754,5172572.80452664,25
234893.03933412,5165089.61997348,25
240695.574027983,5168107.22949457,25
235865.266948763,5161829.08587624,25
297062.336425808,5197292.68608549,25
212351.759108213,5186993.79851663,25
213004.160992085,5183917.37069452,25
212227.462921546,5184795.89839744,25
223828.592886387,5189812.01001231,25
266468.316439943,5204190.34554536,25
267888.192118045,5199439.9451372,25
267682.474470415,5200780.09660281,25
266839.82188339,5202436.54987798,25
226866.75198831,5170286.77121616,25
237683.753200519,5166587.78828141,25
243061.913040505,5166397.28554331,25
271266.595458913,5204145.95100022,25
211394.060399641,5210761.60456068,25
211425.493643939,5211536.53924186,25
211420.825627437,5211429.8869291,25
211437.652867827,5211815.29018112,25
211433.789440281,5211726.6501691,25
225421.630554716,5142937.01583707,25
228335.313096409,5134697.43852804,25
272755.79058587,5201288.54994835,25
217388.830342806,5175547.18409401,25
224641.07070292,5191383.77869234,25
225218.949285244,5191363.17654138,25
213932.114270578,5201310.33236365,25
234911.878599193,5138456.94617919,25
233272.888168553,5137760.29134513,25
226848.574932487,5138030.5176555,25
226182.445594643,5189710.72314226,25
219473.049504292,5210803.24320473,25
216024.436763584,5180451.19983384,25
210250.472704784,5216071.53683069,25
211698.518551914,5217658.78581273,25
271502.237589245,5199453.2992814,25
271116.110474763,5200888.15087255,25
270306.908724283,5202285.50726195,25
269818.620678778,5203015.05087274,25
269562.924527455,5203953.03976737,25
268103.543333994,5204766.34271073,25
237198.449272617,5164983.43474483,25
238174.567755182,5139106.87010462,25
224005.591442805,5142988.24698429,25
218172.576676138,5162662.9425758,25
231016.889534735,5183850.71795657,25
233735.372331404,5208570.89440235,25
273012.890279415,5213429.44839802,25
273938.590102235,5191800.74002975,25
213160.682389081,5215987.75234245,25
211617.053553741,5216048.7040814,25
270036.050770986,5203903.45439303,25
235407.008262577,5126350.87181134,25
240093.021735536,5165010.92657327,25
235744.65437467,5129575.60382851,25
234097.958016494,5128832.98391938,25
229385.680732576,5189275.14119564,25
275396.971811121,5194049.19596492,25
274892.513220521,5194448.69881618,25
274034.101735605,5195734.07033239,25
227845.507953331,5131402.47813935,25
227993.353461156,5131487.25992933,25
237902.690923577,5134274.9586609,25
220748.979591168,5167380.27006279,25
222356.153704939,5147943.27203645,25
231168.839287318,5145867.75827451,25
239223.476659653,5164932.59210128,25
240548.246956475,5164891.00531621,25
231720.510092409,5207156.36560422,25
230122.39881592,5207199.72089839,25
219497.206693011,5209210.72097397,25
222183.012639446,5209076.55760256,25
221375.537888233,5218848.21573951,25
224578.581587503,5218707.19474365,25
215794.528530993,5219162.26909237,25
242971.558668038,5164787.95585212,25
236302.532638663,5166649.88082814,25
234258.77704434,5158671.65352042,25
235409.074367398,5158612.85103587,25
238893.620655563,5156867.61058395,25
225403.307903589,5208933.16249973,25
273966.81146025,5216490.69593883,25
231931.629588816,5174575.50043115,25
230317.962078454,5174868.27335044,25
228715.720908621,5175373.18400915,25
228362.705400796,5162175.59155677,25
229961.539131193,5155634.3117765,25
220092.43692565,5169012.76467782,25
266513.535993301,5204066.36187446,25
217000.669865531,5199711.56617378,25
215387.469009571,5199772.7936168,25
289900.555959977,5204558.10046818,25
211481.51300655,5212821.42901235,25
219393.991951675,5170631.10568102,25
272865.027677655,5205428.28814203,25
272870.486136254,5204947.09714287,25
239047.762317234,5158466.93278279,25
273621.638820317,5202197.83577178,25
211267.364105014,5181317.2777066,25
211930.044522619,5180575.24377882,25
220532.030186391,5173001.62561755,25
224519.006351596,5188912.08754678,25
247640.606002116,5139059.11276282,25
233083.171217908,5202247.55079131,25
225736.921027384,5175202.13725838,25
225489.743431967,5175844.83060846,25
224705.052609051,5176859.06678733,25
233191.112047161,5136107.43437197,25
219817.238530215,5218910.19008123,25
216088.560077835,5197971.35596195,25
218567.056307594,5198343.66441358,25
214603.096683779,5211051.06100463,25
214623.74054967,5211153.44111614,25
234705.631840257,5202149.89158642,25
233329.234680128,5207076.03913876,25
228602.300752335,5208788.84545257,25
230412.867083236,5208714.34857285,25
223817.102761658,5209002.3973089,25
227791.423524479,5189652.11863632,25
291997.156112031,5203921.74629319,25
292376.073492045,5202710.63207195,25
292543.453346665,5201898.91227504,25
294230.286759022,5199892.96677331,25
292265.074794954,5199875.60701231,25
272666.242660662,5191763.70619201,25
236310.171295524,5132743.1701261,25
234701.964738604,5132811.40255779,25
231469.710332077,5132953.35234401,25
232562.914521717,5189412.13316928,25
273903.481255499,5214591.99652434,25
275374.607390517,5188773.98801382,25
243361.693019994,5129219.27545131,25
216594.046490371,5219060.81469565,25
226726.536588872,5134790.25280736,25
231576.699927477,5134582.54035823,25
219857.899446694,5191580.15196041,25
216079.691569989,5197850.2894643,25
222597.605336042,5144674.0602361,25
223869.931830843,5144699.87701759,25
219562.224306629,5169046.25952588,25
226975.896647475,5208861.34620661,25
272952.813609686,5206985.40940758,25
272880.503840774,5205440.80230489,25
227771.652337722,5176728.51836754,25
227174.842982442,5177439.81659741,25
225547.463277296,5177301.14763454,25
272786.600289432,5192826.15234192,25
274518.614544952,5190068.29780816,25
273879.399867638,5190686.92303084,25
224705.927823799,5192993.26264179,25
226315.317624555,5192930.78202972,25
224705.927823799,5192993.26264179,25
233008.215781001,5180530.70822671,25
232171.093918786,5180566.30081314,25
218827.71436262,5204501.77170156,25
220240.544549194,5199836.1515398,25
220234.162183276,5199711.43696182,25
220305.567355666,5201212.71340157,25
215943.050829829,5178847.39323808,25
212721.514211759,5178981.45398179,25
219525.334679274,5212432.75180469,25
229854.305905617,5200817.79840684,25
226519.62388193,5197750.37635697,25
227599.840536375,5196117.4511174,25
227599.860562262,5196117.45037428,25
227599.840536375,5196117.4511174,25
226519.62388193,5197750.37635697,25
226512.462360384,5197765.69496345,25
225229.684178254,5199415.09495987,25
225053.071881746,5200022.62915088,25
234428.925104356,5194973.50198358,25
214415.45976916,5204672.4489981,25
214415.45976916,5204672.4489981,25
219430.559660971,5189975.20251065,25
216549.637277012,5190093.21591766,25
212521.363839238,5190245.01795523,25
211717.30278893,5190289.52008507,25
221464.156307939,5159235.3059056,25
219582.159296533,5159340.77900647,25
243435.192794734,5125968.85144089,25
243333.841477565,5123548.95540174,25
243435.212770184,5125968.85044437,25
234414.654876072,5165919.44278788,25
230839.343809608,5128129.57492242,25
224554.652113484,5161512.68124838,25
210257.183456828,5219324.41187097,25
214665.37748063,5154679.15058914,25
216164.4493883,5154645.18120168,25
214563.893758029,5154634.11639235,25
295941.046918005,5203807.40021335,25
295941.027189005,5203807.3966146,25
217701.122876058,5181997.49570837,25
212870.411846947,5182147.78147203,25
228442.137726036,5205663.13184388,25
222248.113868081,5206727.07256151,25
223672.379508139,5206668.68282058,25
226837.518501253,5205781.22627466,25
234808.954926787,5205404.4308299,25
232122.546993969,5179574.13822255,25
234641.575822071,5178752.63742267,25
237247.911017636,5176314.74831061,25
216459.566089308,5215809.64539653,25
219673.787157754,5215663.19318973,25
251870.178383182,5201949.23309941,25
251870.178383182,5201949.23309941,25
216282.557839128,5185277.25876652,25
213055.506270765,5185360.63439207,25
214253.02656609,5177323.07395415,25
234993.893930974,5161855.63553554,25
234993.913961037,5161855.63458058,25
216391.702577941,5214183.20967078,25
219599.641733643,5214036.97468405,25
230230.364436754,5172572.80452664,25
228612.667345688,5172650.06457889,25
244952.244723943,5123461.41139002,25
245047.312502159,5125896.95004254,25
234751.217461106,5164610.11819211,25
240695.574027983,5168107.22949457,25
237487.106910333,5161753.85698513,25
213155.219472029,5186957.46969067,25
216382.170559121,5186878.14936931,25
228388.53419802,5133095.47014033,25
226652.09203382,5133178.51675033,25
224948.621075887,5133255.95643796,25
214595.179772479,5183708.43621686,25
222583.729251803,5209058.13345454,25
243109.286660443,5146980.10263078,25
243109.286660443,5146980.10263078,25
223828.572718805,5189812.01073454,25
266828.439072021,5201126.16736167,25
266792.884891056,5203473.73712719,25
223927.088574065,5177091.75682795,25
223927.088574065,5177091.75682795,25
239308.210511702,5166538.00736676,25
222974.741820902,5159180.29552319,25
289594.404803317,5204511.80785456,25
289594.404803317,5204511.80785456,25
210670.911898409,5212857.97066212,25
209926.894558665,5213883.84667326,25
211394.059370384,5210761.584587,25
211412.74673831,5211245.51494144,25
211411.826763948,5211055.33465351,25
211425.492638945,5211536.51852685,25
211433.788430304,5211726.62699682,25
211437.651798132,5211815.26563872,25
238248.729986222,5140708.6589848,25
228617.193639386,5142789.42149125,25
231855.880557422,5142624.06551223,25
231855.880557422,5142624.06551223,25
227035.133709118,5142858.78261601,25
233484.954139789,5128027.49377231,25
242672.898559924,5135717.77162076,25
222348.499177895,5144686.66111621,25
224578.571666624,5189767.16605149,25
224578.571666624,5189767.16605149,25
234888.348023549,5137638.52208119,25
236568.292647359,5139183.85031471,25
241061.15658393,5135782.2129518,25
226174.116460501,5218629.64325726,25
215779.734298463,5175623.38933161,25
218977.605985663,5175470.14048341,25
217388.830342806,5175547.18409401,25
224641.07070292,5191383.77869234,25
226246.599755722,5191320.02155739,25
225182.587855723,5191364.40865091,25
214275.579265293,5199837.05263677,25
213753.876916457,5201716.93035424,25
213753.861538892,5201716.9175651,25
213775.865120873,5201467.06157015,25
213935.790056879,5201266.17648099,25
213942.260495938,5201207.40120866,25
234911.878599193,5138456.94617919,25
226797.569479917,5138021.20340469,25
226182.445594643,5189710.72314226,25
219473.049504292,5210803.24320473,25
219473.049504292,5210803.24320473,25
219473.049504292,5210803.24320473,25
219938.631958138,5165783.89368907,25
214408.924757673,5180495.10211789,25
210250.472704784,5216071.53683069,25
210225.918850705,5217697.87437695,25
236000.316084503,5164927.0818713,25
239553.411030229,5139078.6509131,25
239553.411030229,5139078.6509131,25
239553.411030229,5139078.6509131,25
231787.32981507,5141015.08310129,25
228010.149495244,5141204.26816523,25
225387.148291415,5142063.06772648,25
229865.432577456,5133021.46905209,25
224461.395984238,5159099.21645988,25
218978.13013753,5162609.01307037,25
222141.035781965,5160839.46632883,25
222875.217665158,5160266.18362121,25
231168.910168931,5183844.73687594,25
230902.947491672,5183855.16586068,25
233735.372331404,5208570.89440235,25
229392.712106972,5189589.83686926,25
273963.332489721,5192256.42537617,25
273963.332489721,5192256.42537617,25
273938.590102235,5191800.74002975,25
239330.531872122,5132602.94430319,25
240962.531932512,5132524.19725105,25
213230.374371089,5215982.22420611,25
211617.053553741,5216048.7040814,25
237435.732889545,5127847.58443201,25
237267.062628581,5127754.90237232,25
239330.531872122,5132602.94430319,25
230808.642636294,5186255.41055309,25
230808.642636294,5186255.41055309,25
233484.954139789,5128027.49377231,25
229392.710926746,5189589.81689735,25
223438.383339128,5134900.36252298,25
275649.958512686,5193448.33606264,25
210225.918850705,5217697.87437695,25
226391.548993755,5130789.10819758,25
226391.548993755,5130789.10819758,25
233148.394656259,5134513.64362099,25
234761.162505052,5134425.01925184,25
218896.057113669,5173072.62895556,25
219928.468977777,5193018.21357973,25
240001.253533368,5150363.73983493,25
234294.083950431,5148987.89698433,25
234294.083950431,5148987.89698433,25
233713.551209537,5148530.41929694,25
236980.715226527,5149696.54799082,25
231168.839287318,5145867.75827451,25
233525.240421691,5144188.05160057,25
233679.092448372,5147398.46196582,25
220173.450249886,5198000.86522914,25
231720.510092409,5207156.36560422,25
230122.39881592,5207199.72089839,25
228522.632908087,5207320.27836501,25
228533.221918962,5207314.00792327,25
219497.206693011,5209210.72097397,25
219497.206693011,5209210.72097397,25
219497.206693011,5209210.72097397,25
222183.012639446,5209076.55760256,25
209926.894558665,5213883.84667326,25
210670.891537468,5212857.97129403,25
222975.893467583,5218779.69139749,25
226174.116460501,5218629.64325726,25
222975.893467583,5218779.69139749,25
237584.895048519,5167293.84248791,25
237588.127362195,5167312.65653181,25
237732.902608152,5167815.62844211,25
238893.620655563,5156867.61058395,25
237273.158883231,5156931.28063109,25
225403.307903589,5208933.16249973,25
235129.374338442,5173423.27492258,25
235129.374338442,5173423.27492258,25
230317.962078454,5174868.27335044,25
230181.478622086,5157237.50581332,25
229727.056138883,5158877.49830737,25
229343.92531506,5159469.52709528,25
227283.545488654,5163842.41910058,25
226344.895719557,5165502.58563331,25
227283.525495787,5163842.42000351,25
229343.92531506,5159469.52709528,25
243049.569213621,5145374.99203392,25
214617.699206731,5199606.64870168,25
214961.590469844,5199106.00679904,25
218610.555557702,5199649.38020993,25
216174.948085991,5199741.80547093,25
214624.444893032,5199802.27621906,25
211156.673434763,5212835.99559414,25
216936.205355231,5193832.16371309,25
216589.044339109,5194768.82131238,25
215811.838080229,5195531.36347018,25
219393.991951675,5170631.10568102,25
219393.991951675,5170631.10568102,25
219393.991951675,5170631.10568102,25
219393.971278255,5170631.1066514,25
219393.971278255,5170631.1066514,25
219411.432062537,5172246.9494818,25
248079.428598625,5124135.27134982,25
248079.428598625,5124135.27134982,25
248079.428598625,5124135.27134982,25
226085.193401573,5159031.38270494,25
222583.729251803,5209058.13345454,25
240337.582654833,5158432.1090467,25
240341.856923946,5158432.01401157,25
237333.620398517,5158526.09261369,25
242733.962480596,5137307.61867434,25
241124.109854059,5137385.21323786,25
211267.364105014,5181317.2777066,25
212801.610224124,5180537.09546203,25
220532.030186391,5173001.62561755,25
224519.006351596,5188912.08754678,25
247640.606002116,5139059.11276282,25
226706.331576217,5202582.97454528,25
225067.404211301,5202599.56397943,25
233083.171217908,5202247.55079131,25
225736.921027384,5175202.13725838,25
225489.743431967,5175844.83060846,25
224705.052609051,5176859.06678733,25
232514.926383929,5135455.86323489,25
223487.13541441,5136522.63300178,25
239444.346659626,5135840.23593591,25
235442.844529657,5136015.23676595,25
228526.540293124,5139558.39405785,25
230121.364814836,5139505.32718151,25
227404.714093768,5139611.559256,25
226797.569479917,5138021.20340469,25
216104.74774659,5197975.31193346,25
215314.145072625,5198090.61973833,25
216954.728007035,5198553.50937957,25
215332.189320276,5198608.71793205,25
214602.466809423,5211151.12225009,25
214568.372745152,5211024.95664292,25
214690.634211964,5212676.42080875,25
214532.438053874,5214305.80097441,25
214623.74054967,5211153.44111614,25
233329.234680128,5207076.03913876,25
231789.963355925,5208648.30596911,25
223817.102761658,5209002.3973089,25
226472.033821187,5189703.55901172,25
221052.943184557,5210735.58508371,25
218341.28611115,5165850.78917021,25
291997.156112031,5203921.74629319,25
272726.38190638,5191764.18997014,25
272639.487764958,5191761.04662494,25
236568.292647359,5139183.85031471,25
234888.348023549,5137638.52208119,25
234816.105649568,5136039.57818612,25
239444.346659626,5135840.23593591,25
241061.15658393,5135782.2129518,25
228207.461774866,5131585.13869084,25
236310.171295524,5132743.1701261,25
233087.142063809,5132885.78674961,25
227524.444392794,5184806.90476028,25
230698.128667485,5183873.9292714,25
228733.039184622,5184767.99848677,25
232562.914521717,5189412.13316928,25
230965.084208946,5189501.00578295,25
230784.408382863,5189511.68088282,25
240962.531932512,5132524.19725105,25
242568.26465499,5132829.93014624,25
242625.831273889,5134072.42633282,25
242625.831273889,5134072.42633282,25
242568.26465499,5132829.93014624,25
243585.515954379,5129211.5869854,25
241960.444592627,5129280.93365003,25
243502.973154278,5127591.91460268,25
240264.427163401,5127748.81495771,25
216594.046490371,5219060.81469565,25
233198.7913292,5136091.68813377,25
219857.899446694,5191580.15196041,25
220171.629030955,5197974.40133992,25
222348.499177895,5144686.66111621,25
222597.605336042,5144674.0602361,25
225472.88221883,5144548.53125756,25
273266.408739608,5208589.55787672,25
239667.288145629,5142270.53565018,25
238226.160805077,5140683.53550352,25
227771.652337722,5176728.51836754,25
227174.842982442,5177439.81659741,25
225547.463277296,5177301.14763454,25
227404.693525235,5139611.56017763,25
273879.399867638,5190686.92303084,25
242889.50532914,5151865.78814403,25
242889.50532914,5151865.78814403,25
226315.317624555,5192930.78202972,25
227917.311965566,5192870.42975122,25
233784.793013447,5180314.44304523,25
232970.51817177,5180531.74096574,25
218827.71436262,5204501.77170156,25
220380.742709718,5202968.26602574,25
218974.059133649,5207733.94448702,25
214342.845856411,5178932.65683351,25
221129.146316511,5212329.78176238,25
226507.074813016,5197777.26623597,25
234467.731011895,5196078.44984759,25
218156.807625982,5190028.29264649,25
216549.637903556,5190093.235908,25
213328.664144519,5190226.92979282,25
221225.471018253,5159245.15396341,25
243362.73867871,5124354.76556716,25
230839.343809608,5128129.57492242,25
210257.183456828,5219324.41187097,25
214665.37748063,5154679.15058914,25
217778.793182229,5154583.6561268,25
217701.122876058,5181997.49570837,25
230062.790096832,5205605.74189153,25
225008.814407938,5205837.9834241,25
225229.781431527,5205819.76171529,25
228442.137726036,5205663.13184388,25
233233.045928169,5205477.51164702,25
234602.428213463,5178754.38075903,25
233728.538183998,5179046.83336653,25
229189.768144114,5213632.21885192,25
214659.360075578,5185319.88078161,25
221203.150647371,5213951.42680202,25
218008.052123995,5214112.66758222,25
245047.312502159,5125896.95004254,25
245047.312502159,5125896.95004254,25
245047.312502159,5125896.95004254,25
244975.982101468,5124283.90593922,25
242230.597651405,5161601.70036673,25
215847.947684746,5186895.8989458,25
217974.760782876,5186834.20236637,25
226360.774866045,5133191.31517825,25
228270.971648135,5133101.08392236,25
223405.030534236,5133315.86322834,25
216205.86975356,5183664.84178362,25
213100.670165939,5183760.25035628,25
226716.722179114,5134780.39440857,25
226485.33940768,5168722.78055263,25
215675.557213272,5173228.14509931,25
239481.333635601,5166537.54061045,25
238500.618009587,5166561.29475258,25
240622.944116056,5166510.36466325,25
222141.035781965,5160839.46632883,25
214955.290975075,5199115.53993566,25
211411.826787726,5211055.31465351,25
211412.745546218,5211245.48702507,25
211606.992353927,5211199.40059416,25
211420.824620009,5211429.86381341,25
238248.729986222,5140708.6589848,25
239674.460314462,5142277.56233309,25
242906.345312756,5142163.54645604,25
229224.484235658,5144375.92360299,25
215321.968860118,5198544.34880089,25
214166.746674561,5175697.6320655,25
216684.171691023,5175580.19117628,25
227847.250937081,5191258.38676822,25
225218.949285244,5191363.17654138,25
226246.599755722,5191320.02155739,25
225182.587855723,5191364.40865091,25
213775.865120873,5201467.06157015,25
229450.132770571,5137897.76858603,25
231668.656936379,5137806.89844386,25
241181.279446558,5138993.19922528,25
226975.124946963,5141247.86166208,25
231787.32981507,5141015.08310129,25
226432.098893969,5141272.77493267,25
230411.040638932,5131391.07317232,25
230556.719021004,5131384.40300938,25
221349.695112143,5162470.14757098,25
231921.898963563,5183813.42665507,25
231016.889534735,5183850.71795657,25
231044.961626193,5183849.61718778,25
229712.449609579,5184722.40019375,25
227524.444392794,5184806.90476028,25
225903.656062992,5184869.5118893,25
241960.444592627,5129280.93365003,25
237435.709714528,5127847.58594976,25
237435.709714528,5127847.58594976,25
237267.062628581,5127754.90237232,25
225555.902146011,5134826.37379003,25
236372.008077398,5134356.31473908,25
220082.583948723,5168792.75302248,25
220045.853452372,5168811.32760362,25
217283.881763032,5173149.42399796,25
219928.468977777,5193018.21357973,25
220090.325504755,5196391.34540056,25
240001.253533368,5150363.73983493,25
230439.121181828,5147533.86976077,25
227197.829352401,5147693.66980077,25
225579.367459772,5147772.57519354,25
223964.298999429,5147851.60612374,25
223964.298999429,5147851.60612374,25
227197.829352401,5147693.66980077,25
228817.93853036,5147617.89528082,25
232040.023968438,5147565.75601025,25
238630.010372223,5150412.29949585,25
231909.2785354,5144233.07234802,25
233597.813418724,5145777.97368773,25
228533.221918962,5207314.00792327,25
228522.632908087,5207320.27836501,25
237597.004293233,5167341.05713769,25
226550.251498421,5170129.16614745,25
243037.221587233,5143762.17918246,25
243037.221587233,5143762.17918246,25
243049.54920342,5145374.99154678,25
215175.176211231,5198782.45113156,25
220219.35557816,5199578.58617832,25
216185.512951898,5199741.40330814,25
211481.512037133,5212821.40903488,25
215295.560999956,5197638.26231609,25
216479.942616519,5194956.01673108,25
216618.107773246,5194311.27848944,25
218236.299126562,5191868.72053319,25
216091.515696423,5195110.84225195,25
215241.029616627,5196625.63266931,25
219411.432062537,5172246.9494818,25
216093.316014856,5197847.52103545,25
242672.898559924,5135717.77162076,25
241181.279446558,5138993.19922528,25
241124.089858923,5137385.21378498,25
211930.044522619,5180575.24377882,25
211930.044522619,5180575.24377882,25
212801.611179516,5180537.11544259,25
225687.206234219,5188126.98113617,25
225959.75960085,5188106.40534669,25
227823.208132199,5188037.13183,25
227781.939811651,5188038.76559642,25
227695.580403982,5188042.36149445,25
225959.75960085,5188106.40534669,25
225687.206234219,5188126.98113617,25
225683.915576593,5188133.01596499,25
228308.183022808,5202487.47750447,25
225067.404211301,5202599.56397943,25
228399.073419199,5136313.64767919,25
223533.035803985,5136520.57029086,25
228526.540293124,5139558.39405785,25
230121.364814836,5139505.32718151,25
215318.245721649,5198182.58015612,25
217638.681522441,5198526.24076296,25
218558.620041616,5198404.71348529,25
216138.497852547,5198584.11869126,25
214568.372745152,5211024.95664292,25
214603.096683779,5211051.06100463,25
214532.438053874,5214305.80097441,25
214690.654305682,5212676.41967645,25
230412.867083236,5208714.34857285,25
231789.963355925,5208648.30596911,25
226472.033821187,5189703.55901172,25
226507.87600388,5189702.25383084,25
222666.509089499,5210649.63696746,25
218949.644846171,5165826.60601726,25
234816.105649568,5136039.57818612,25
236435.098073891,5135974.77816851,25
225903.656062992,5184869.5118893,25
240353.1674105,5129360.02267996,25
245116.91602105,5127522.3128271,25
240264.427163401,5127748.81495771,25
233021.728318913,5131274.01006064,25
230173.384625474,5131401.77563802,25
228204.361467325,5131495.82256605,25
220173.470241139,5198000.86441466,25
220171.629030955,5197974.40133992,25
217802.765828308,5197624.46989523,25
224366.60832125,5144604.13975385,25
229527.116359879,5192804.25109676,25
232706.014628377,5192646.77825756,25
235495.046975127,5180106.74427151,25
232970.51817177,5180531.74096574,25
218899.95276324,5206122.48718934,25
220374.552703776,5202812.70768808,25
218974.059133649,5207733.94448702,25
212721.515443101,5178981.47394677,25
222733.754705826,5212250.49196413,25
218156.807625982,5190028.29264649,25
243362.73867871,5124354.76556716,25
243362.73867871,5124354.76556716,25
211312.79544502,5182103.36634772,25
216105.051870967,5182059.02029629,25
213999.1164699,5182111.04420156,25
212870.412708666,5182147.80145356,25
212065.186564367,5182164.1484756,25
230062.790096832,5205605.74189153,25
230062.790096832,5205605.74189153,25
231618.874494504,5205565.43102868,25
223672.379508139,5206668.68282058,25
225229.781431527,5205819.76171529,25
234602.428213463,5178754.38075903,25
234641.575822071,5178752.63742267,25
222854.07680107,5215484.98992526,25
221253.565864154,5215561.67810138,25
224440.865029039,5215409.39749939,25
227579.982932808,5213673.63095851,25
244975.982101468,5124283.90593922,25
244975.982101468,5124283.90593922,25
244997.632539421,5124743.31864361,25
217974.760782876,5186834.20236637,25
219583.875757851,5186765.35555768,25
214764.17112468,5186925.80136402,25
227671.695868351,5133127.58046718,25
216205.86975356,5183664.84178362,25
213100.670165939,5183760.25035628,25
213745.881566858,5183732.29312482,25
226415.863605167,5167135.63861042,25
239689.881875577,5166553.75184418,25
240622.944116056,5166510.36466325,25
211424.017022839,5211218.76086391,25
239667.288145629,5142270.53565018,25
239667.288145629,5142270.53565018,25
241291.964563441,5142231.43720079,25
233597.813418724,5145777.97368773,25
227086.309530542,5144475.54242442,25
228459.373798015,5137945.18894303,25
230061.618221714,5137880.29570659,25
231668.656936379,5137806.89844386,25
230061.618221714,5137880.29570659,25
226975.124946963,5141247.86166208,25
229799.111530267,5131418.68993624,25
230913.782729299,5131369.76439647,25
219784.227667077,5162557.87730186,25
231044.961626193,5183849.61718778,25
229132.090958707,5184750.32067501,25
239142.638519961,5129376.95448833,25
245188.246131386,5129144.05759225,25
225097.444894528,5134849.53049126,25
236372.008077398,5134356.31473908,25
220750.986219934,5167412.34382744,25
220110.660756691,5168757.06307118,25
217283.881763032,5173149.42399796,25
233525.240421691,5144188.05160057,25
231909.2785354,5144233.07234802,25
217000.669865531,5199711.56617378,25
216612.065456381,5194320.31726756,25
217283.985848932,5193306.33015565,25
216617.812351555,5194883.57860927,25
216322.460229802,5194963.73680237,25
216082.594342203,5195124.08269272,25
215241.029616627,5196625.63266931,25
229304.480200527,5187977.228679,25
229304.481277891,5187977.24866995,25
227823.208132199,5188037.13183,25
227695.580403982,5188042.36149445,25
226099.148218942,5188100.64647439,25
225683.915576593,5188133.01596499,25
228308.183022808,5202487.47750447,25
229923.239422738,5202418.40625619,25
231607.403710323,5136174.83329379,25
225160.979089023,5136455.95564007,25
236435.098073891,5135974.77816851,25
236435.098073891,5135974.77816851,25
215328.927841733,5198524.24927553,25
217288.534299146,5198541.34266353,25
216954.728007035,5198553.50937957,25
216150.639246965,5198583.71241072,25
215567.734522523,5198601.64321451,25
226507.87600388,5189702.25383084,25
232269.250232256,5210248.70729529,25
222666.509089499,5210649.63696746,25
229058.431563457,5210385.65032693,25
245188.246131386,5129144.05759225,25
240353.1674105,5129360.02267996,25
239142.638519961,5129376.95448833,25
239145.746533001,5129383.91200928,25
242527.960914227,5127634.46393739,25
245116.91602105,5127522.3128271,25
241886.90158061,5127664.79657136,25
233270.013866962,5131262.89243228,25
231415.298468678,5131347.93947422,25
241291.964563441,5142231.43720079,25
232706.014628377,5192646.77825756,25
220374.552703776,5202812.70768808,25
222733.754705826,5212250.49196413,25
224324.876333178,5212195.82294827,25
216105.051870967,5182059.02029629,25
214485.66211331,5182102.3545662,25
211312.79544502,5182103.36634772,25
231618.874494504,5205565.43102868,25
230779.160038978,5213527.42490866,25
224408.796175485,5213815.97946062,25
222854.07680107,5215484.98992526,25
227579.982932808,5213673.63095851,25
232415.594059307,5213458.99751349,25
230779.160038978,5213527.42490866,25
227086.309530542,5144475.54242442,25
218978.163346867,5162609.01156292,25
216618.457650249,5194910.34065615,25
216497.636353212,5194622.22380332,25
217283.985848932,5193306.33015565,25
215811.838080229,5195531.36347018,25
226099.148218942,5188100.64647439,25
229923.239422738,5202418.40625619,25
231483.291574582,5202360.84498494,25
226174.055188239,5136417.22148886,25
215319.697375638,5198218.63825879,25
218060.792636047,5198506.71214166,25
218264.39167463,5198496.9047722,25
232269.250232256,5210248.70729529,25
233865.873397963,5210167.37738674,25
230667.607454421,5210311.11549247,25
227450.560714447,5210451.57395467,25
239145.746533001,5129383.91200928,25
241886.90158061,5127664.79657136,25
243502.973154278,5127591.91460268,25
233510.798136137,5131249.85559417,25
220013.742053209,5194789.3730812,25
219935.715977697,5193183.7252968,25
232415.594059307,5213458.99751349,25
234024.656592804,5213389.75649828,25
225986.610423188,5213768.3191537,25
219935.715977697,5193183.7252968,25
220011.097509805,5194723.45296561,25
216618.457650249,5194910.34065615,25
216617.812351555,5194883.57860927,25
231483.291574582,5202360.84498494,25
226170.094583299,5136417.3520219,25
228258.734090013,5136319.65642926,25
217850.330328994,5198516.32992155,25
218170.187021791,5198501.43083247,25
233865.873397963,5210167.37738674,25
230667.607454421,5210311.11549247,25
224263.108686919,5210589.59537996,25
234638.051197054,5131199.88563239,25
220090.325504755,5196391.34540056,25
220013.742053209,5194789.3730812,25
230728.195784956,5211925.2203231,25
234803.966200315,5213360.77373173,25
234024.656592804,5213389.75649828,25
220012.152319666,5194749.79163181,25
227450.560714447,5210451.57395467,25
225860.572698039,5210524.20047503,25
237441.200818701,5131069.1884369,25
227514.232406886,5212060.18497878,25
229127.831677447,5212003.58631993,25
220012.152319666,5194749.79163181,25
237850.259855319,5131048.11760361,25
235213.977326095,5131171.20360868,25
225916.443389989,5212129.06278599,25
227514.232406886,5212060.18497878,25
230728.195784956,5211925.2203231,25
230728.195784956,5211925.2203231,25
235332.043162405,5131166.29264326,25
236239.949315909,5131124.78079343,25
236239.949315909,5131124.78079343,25
213510.210371975,5178957.87828436,50
226572.460285493,5197375.67295362,50
214817.526283979,5204648.90771885,50
219465.711856308,5189973.54535449,50
214102.618074747,5190194.30716723,50
215332.654271134,5154671.66274653,50
213667.100987606,5182116.60175734,50
237215.671781538,5176310.19080135,50
251899.712625358,5201949.31254156,50
213836.221805093,5185339.95785666,50
242157.103345659,5161603.31248907,50
213926.586720514,5186941.46632314,50
213747.347142128,5183732.27871178,50
239663.912377606,5166543.83172309,50
213587.532523626,5180514.67128164,50
213191.006403217,5215985.04471372,50
240057.811832427,5165031.39992885,50
239292.404058805,5167970.28963337,50
214577.916225006,5199633.13488643,50
214586.356727633,5199803.82706242,50
250189.378490252,5130787.53485324,50
215308.264818087,5197971.85650056,50
214589.265091403,5211032.50515601,50
248002.070914706,5130625.58961357,50
214149.988125664,5200669.84287419,50
214149.836670239,5200671.54683045,50
220158.749261193,5197717.69702396,50
220162.805948739,5197810.22220202,50
269967.465941648,5203881.17900074,25
271121.650751761,5200860.47784094,25
269819.903565851,5203013.70019175,25
272868.251132146,5204946.99599159,25
227173.056711775,5177439.68091394,25
224648.0574,5184921.2238,25
216085.490955452,5197970.62011796,25
215576.788,5214214.5824,25
227568.249022166,5199927.38620314,25
216341.927267495,5194962.8402975,25
216341.927267495,5194962.8402975,25
213329.241473057,5190226.90151945,25
216548.94149003,5190093.25047814,25
219523.766959562,5189971.01609725,25
220540.862116764,5189929.46581158,25
229920.309498192,5202418.67740423,25
224579.128177834,5189767.14740051,25
224035.892678325,5189784.51787716,25
228305.924654786,5202487.57602644,25
220218.190372026,5199578.65047578,25
218608.560224319,5199649.46901633,25
216998.803793378,5199711.63418466,25
227523.328746674,5184806.92538524,25
225065.79490334,5202599.63807272,25
231481.505967154,5202360.97860818,25
222852.733291144,5215485.07836912,25
216458.826847916,5215809.69796264,25
215314.067379755,5198088.73103447,25
216593.146906841,5219060.85880624,25
234762.453752947,5208553.03507787,25
234468.2138,5200585.1974,25
222974.957651691,5218779.745162,25
228884.001779039,5187993.50205989,25
234621.1593,5200440.661,25
216613.949511636,5194317.51687927,25
218017.123568047,5192203.1635107,25
217545.33264394,5192912.40200859,25
216790.344303536,5194051.77202473,25
219815.505560194,5218910.26542006,25
216392.162806304,5214183.19396912,25
212062.697347251,5182164.19118293,25
217973.699268376,5186834.24567929,25
225546.080165682,5177301.25237039,25
217284.661678047,5193305.3346842,25
218234.659288753,5191871.07413508,25
216953.916861193,5198553.52415689,25
224438.761389331,5215409.72601694,25
223670.467194776,5206668.7422994,25
219485.058791864,5210691.67565419,25
233794.469167958,5180313.84853873,25
218974.032892585,5207733.7128652,25
224704.477123189,5192993.34701823,25
223828.654352484,5189811.28302665,25
216144.239834113,5198583.92709243,25
215812.072848466,5195531.02773749,25
216179.647372788,5199741.61658036,25
214481.93213587,5199806.47257359,25
215109.873624839,5199785.27983125,25
215387.087199946,5199772.82080061,25
216936.044831431,5193832.39025086,25
215568.422535926,5198601.60635649,25
216497.717164933,5194622.41812276,25
217803.598557032,5197624.41367834,25
214765.456855008,5186925.75090604,25
214958.668290205,5199110.41084635,25
222249.365914718,5206727.06175194,25
222585.381579862,5209058.07715253,25
211915.792946863,5182172.87057585,25
219596.537641951,5214037.14164242,25
221202.636178302,5213951.47161113,25
227702.82783568,5200342.68828362,25
216382.331520069,5186878.15296378,25
231789.284375465,5208648.37343125,25
235127.61868633,5173424.11775874,25
229188.144000966,5213632.2704086,25
227130.412860825,5196502.75765247,25
225008.339325997,5205840.47140103,25
225227.542314916,5205819.71556643,25
230314.613465803,5174868.62620149,25
211716.03591983,5190289.55794248,25
214490.306448169,5182102.77288153,25
216110.746486803,5182058.60645251,25
219673.270564533,5215663.14766997,25
224427.964285793,5213807.15889755,25
227693.604519853,5188042.38303257,25
224517.119067437,5188912.38475422,25
232167.3302699,5180566.49011726,25
220009.602404823,5194685.5478002,25
215318.86828379,5198198.29277281,25
214623.160162696,5199802.31919636,25
216618.152266987,5194897.26085371,25
216588.974982663,5194768.03405286,25
233083.09704341,5202247.57070716,25
233328.030787143,5207076.1563302,25
233232.074301571,5205477.57608862,25
230778.628848399,5213527.46837897,25
237248.319944634,5176314.85129798,25
227991.541453475,5131485.35249449,25
214613.346999679,5199609.16441441,25
223403.844504446,5133315.9041434,25
223437.967286465,5134900.35331833,25
214562.903778357,5154633.79768245,25
234720.2622,5164488.9649,25
227082.2084,5170276.5456,25
224041.977596588,5133289.02166297,25
219393.741517321,5170632.21518446,25
234892.681910345,5165088.4429651,25
237611.4111,5164980.7583,25
239224.964066399,5164932.49896496,25
218324.899410103,5165849.68207957,25
229727.069422939,5158877.92965986,25
224005.524120911,5142992.90477172,25
231575.818499614,5134581.75782883,25
230690.168,5153995.2125,25
233503.1001,5143732.11,25
229342.916715878,5159469.54599017,25
233710.445476839,5148528.61627405,25
242666.474949358,5135714.2387194,25
236431.476303394,5135974.91008839,25
233189.798220345,5136107.34029752,25
235407.164524922,5126351.19778356,25
238252.691618718,5140713.08589746,25
217469.7036,5162686.5414,25
228362.733511685,5162177.37121374,25
218974.801386589,5162611.77836838,25
237265.342885691,5127754.98378026,25
222871.692118719,5160268.05323058,25
231908.20300557,5144233.12944334,25
234891.727145991,5137641.49530166,25
236567.043840735,5139182.69451449,25
229864.510680581,5133020.55790575,25
235440.628162587,5136015.37636876,25
232515.537235927,5135456.3692125,25
243382.450415052,5124836.52109276,25
226391.484078393,5130787.91892663,25
225471.78834108,5144548.59627903,25
221349.230451873,5162470.34763905,25
221223.968533745,5159245.24098862,25
239673.425594561,5142276.5626017,25
226165.621626213,5136417.53205175,25
226514.204583455,5197761.99193334,25
212352.581449195,5186993.71484431,25
233863.373280416,5210167.50719784,25
234023.804801497,5213389.80010634,25
233732.278236959,5208571.43131573,25
212722.4043965,5178981.42432911,25
212232.072262945,5184791.68237661,25
212248.614612261,5185387.1529977,25
235493.324825996,5180103.54122967,25
226314.509610654,5192930.8317787,25
225683.370263148,5188133.99516861,25
225487.625257546,5175844.98454818,25
223833.9879,5191415.5667,25
220011.577803964,5194735.23806219,25
232993.850501725,5180531.173977,25
234628.453653423,5178753.21177422,25
226485.847428027,5189703.04598731,25
227803.114426782,5188037.91730938,25
225554.271322137,5134826.35644612,25
226586.82427975,5137468.798261,25
228007.618171735,5141204.37640822,25
228616.883964677,5142789.46843177,25
229224.425126881,5144375.93629873,25
230438.897932458,5147533.89494167,25
226485.480999215,5168726.27350675,25
248080.912608246,5124129.13980859,25
244975.845137943,5124280.69495394,25
237435.098168116,5127846.67173219,25
247759.609333884,5132236.55141876,25
247451.636319094,5133879.99094168,25
238628.121783518,5150412.35522591,25
242889.518737374,5151865.88782135,25
227771.339559909,5176730.44222223,25
226182.39656955,5189710.72969686,25
220530.947767621,5173001.62310485,25
227197.455897708,5147693.69908829,25
219056.082521031,5181960.1335175,25
236069.642,5173143.4701,25
213775.473025252,5201463.71340671,25
228528.004679128,5207317.10901194,25
231617.844828162,5205565.50795384,25
231719.999316636,5207156.3811944,25
230062.346126954,5205605.76013696,25
230121.756898194,5207199.74461696,25
243049.568128375,5145375.55597431,25
230665.555952744,5210311.22806398,25
216187.4459,5194973.2824,25
216187.4459,5194973.2824,25
216194.406560231,5194970.3219342,25
216194.406560231,5194970.3219342,25
241182.706506613,5139027.43128091,25
233199.859287975,5136092.72629337,25
237486.689083284,5161753.90379371,25
235864.732337751,5161829.11958124,25
247997.661042134,5130654.27395496,25
236000.348784781,5164927.09393062,25
228206.234875341,5131584.93234226,25
233087.32542811,5132885.79633412,25
230181.278001588,5157238.38721195,25
217391.264894269,5165906.66771979,25
231855.403995959,5142624.10222747,25
227844.971341417,5131402.29908011,25
227405.726364084,5139615.05536711,25
225422.448761408,5142936.99571262,25
237198.652719387,5164984.27589658,25
222974.390113446,5159180.95748176,25
226798.222628124,5138022.46921217,25
227033.622584273,5142858.82660064,25
226344.953173827,5165504.140633,25
225095.646451089,5134849.6057717,25
228456.093145308,5137945.41859198,25
227283.690911406,5163844.32193434,25
222271.5724,5144733.8469,25
222140.083657172,5160841.09132207,25
227085.760016986,5144475.57241411,25
225386.23568907,5142063.30802416,25
226972.475354526,5141247.96446804,25
240093.140126172,5165010.89644556,25
212871.507028942,5182147.74077679,25
223481.231233491,5136522.90603662,25
232036.757881907,5147564.07886181,25
234294.853857776,5148989.4871181,25
248448.690813669,5129262.6101663,25
239293.4367,5167970.2613,25
239692.755869142,5166553.99591473,25
242229.866166647,5161601.75793213,25
223963.360014981,5147851.85097717,25
225577.745932726,5147772.65370228,25
222354.921867197,5147943.33557725,25
234993.842328818,5161858.10381223,25
233484.70423052,5128026.64673805,25
222665.560814969,5210649.71822411,25
228817.399584493,5147617.96323401,25
238171.761687611,5139106.68672908,25
241060.846864335,5135782.23903573,25
218895.075513475,5173072.72763477,25
213098.827826969,5183764.7644394,25
217284.926898397,5173149.39204664,25
218899.902446483,5206121.16855018,25
239440.778797957,5135840.44587862,25
239550.42328649,5139078.6809784,25
229526.668622246,5192804.28930997,25
213751.963351027,5201719.25734272,25
214416.821243772,5204672.38293285,25
218827.691069995,5204502.40884736,25
227788.927554889,5189652.25652064,25
216205.631480183,5183664.85771145,25
214665.431965801,5154679.22670328,25
231607.381568229,5136174.84427084,25
215316.722718011,5198559.53172182,25
215330.64239444,5198519.32772289,25
215332.819674019,5198608.70113691,25
223814.935057761,5209002.47412819,25
225401.563177678,5208933.26393336,25
227402.178389483,5208841.68677326,25
227787.752445075,5208824.131788,25
215240.712507587,5196621.21189746,25
215175.48308623,5198782.00427699,25
214275.967554399,5199836.80807649,25
231789.039814573,5208648.39411559,25
215295.016185108,5197633.33373393,25
227913.169094854,5192870.6245402,25
219936.099919843,5165783.95454774,25
223867.323748322,5144699.95872145,25
230060.932412986,5137880.33677682,25
212999.963937633,5183917.92063407,25
235562.6064,5181208.3572,25
231758.896427428,5179770.97699029,25
228713.922278295,5175373.11038651,25
223926.328775269,5177091.44774783,25
232120.718552324,5179574.24376435,25
218169.889667794,5162663.03988411,25
219780.504740219,5162558.09223441,25
231469.530565253,5132953.3691472,25
219497.932760497,5209210.55193873,25
231929.522342815,5174575.30901831,25
268105.84422099,5204766.06292742,25
269547.806072724,5203991.64118425,25
211959.4972,5179012.138,25
215673.265915337,5173228.23988222,25
225736.912562986,5175202.76905729,25
224849.47522179,5184915.67315361,25
224956.148018307,5184913.38253494,25
225140.698655847,5184904.51647716,25
225272.3784289,5184897.33140101,25
225901.108709546,5184869.63125327,25
226703.568905201,5184840.8205361,25
219983.422914233,5194145.34490123,75
