L  2 1
 215311.421378769 5197950.184921833
 215311.79629987097 5197953.161401996
 1 1
L  2 1
 215312.10875178388 5198010.726150835
 215309.1199769771 5198010.985428976
 1 2
L  2 1
 213582.835124628 5201965.53271897
 213585.83390636896 5201965.44723172
 1 3
L  2 1
 213569.77541008146 5202011.590045431
 213567.07675738455 5202012.9004933005
 1 4
L  2 1
 212766.9429301338 5195386.425574113
 212769.9421881342 5195386.358854948
 1 5
L  2 1
 212771.58256811518 5195435.749567231
 212768.5843228718 5195435.852160899
 1 6
L  2 1
 218564.47525061847 5198269.3148910925
 218561.47896742052 5198269.464179397
 1 7
L  2 1
 218559.08769015397 5198219.909597745
 218562.08495298505 5198219.781474674
 1 8
L  2 1
 214726.3283098618 5199802.514982424
 214726.2442045602 5199799.516161607
 1 9
L  2 1
 214775.86281779167 5199798.2730419375
 214775.6481110933 5199801.265348913
 1 10
L  2 1
 220410.02159605426 5204412.627982098
 220409.86723073473 5204409.631956172
 1 11
L  2 1
 220438.7491139976 5204386.266228779
 220441.74708985942 5204386.156043791
 1 12
L  2 1
 216613.45919523004 5198567.711203535
 216613.339889428 5198564.713576785
 1 13
L  2 1
 216662.87246922447 5198562.742174995
 216662.9917753055 5198565.739801734
 1 14
L  2 1
 220242.32214489943 5199860.830425457
 220239.32609023454 5199860.984231974
 1 15
L  2 1
 220236.78333526253 5199811.452962934
 220239.77938992743 5199811.299156417
 1 16
L  2 1
 220383.24632150456 5202992.910648328
 220380.24884942643 5202993.033778912
 1 17
L  2 1
 220378.21335014145 5202943.481890443
 220381.21082221958 5202943.358759859
 1 18
L  2 1
 219924.84960190085 5192993.476748458
 219927.84649435914 5192993.340236212
 1 19
L  2 1
 219930.06346885447 5193042.916348042
 219927.06633825548 5193043.047527967
 1 20
L  2 1
 215309.12092550122 5198011.001594682
 215312.11951355776 5198010.909563887
 1 21
L  2 1
 215312.43619046392 5198021.227671627
 215309.4376024071 5198021.319702413
 1 22
L  2 1
 218002.76759469835 5192223.197458452
 218000.23382240965 5192221.591221238
 1 23
L  2 1
 218027.5796677952 5192180.027724111
 218029.75950559686 5192182.088866308
 1 24
L  2 1
 217533.82472317372 5192934.452357984
 217531.31811742127 5192932.804047455
 1 25
L  2 1
 217558.78252687684 5192891.669970224
 217561.26015036018 5192893.361532187
 1 26
L  2 1
 216777.01866927545 5194072.7904575225
 216774.50283389352 5194071.1562689375
 1 27
L  2 1
 216803.1655479447 5194030.25729572
 216805.2898566863 5194032.37562345
 1 28
L  2 1
 219978.11303994348 5194070.715398668
 219981.11091847756 5194070.602596653
 1 29
L  2 1
 219987.4754255458 5194219.088540445
 219984.64887175118 5194220.093823315
 1 30
L  2 1
 220237.13933511646 5199759.872547657
 220234.14328045156 5199760.026354174
 1 31
L  2 1
 220228.54387826557 5199650.953518153
 220231.53993293046 5199650.799711636
 1 32
L  2 1
 219861.64345829684 5191555.849874161
 219864.6401448602 5191555.708914448
 1 33
L  2 1
 219859.5107219008 5191606.741764149
 219856.54090426123 5191607.1662440505
 1 34
L  2 1
 212776.6679907624 5195319.221599152
 212779.4953445436 5195320.2246298585
 1 35
L  2 1
 212771.33556852437 5195369.304805781
 212768.3612985456 5195368.912736789
 1 36
L  2 1
 213950.06566661366 5201183.879893327
 213952.85013533136 5201184.996465743
 1 37
L  2 1
 213932.5049732327 5201233.653674339
 213930.24848653836 5201231.6767404
 1 38
L  2 1
 220376.87751669268 5202837.869421822
 220373.88004461332 5202837.992552376
 1 39
L  2 1
 220372.19580755525 5202787.940474608
 220375.1928379767 5202787.807025543
 1 40
L  2 1
 220307.65102655205 5201237.716196281
 220304.65614531594 5201237.89137157
 1 41
L  2 1
 220301.78491500867 5201187.717478252
 220304.75085538535 5201188.168252788
 1 42
L  2 1
 218568.09638181113 5198368.377834514
 218565.10212212586 5198368.563330976
 1 43
L  2 1
 218562.79128475324 5198318.286351866
 218565.78913910978 5198318.399794613
 1 44
L  2 1
 220089.44835366018 5196366.684046115
 220092.4449532078 5196366.5412485255
 1 45
L  2 1
 220095.41204868152 5196416.332793339
 220092.45025608048 5196415.855525502
 1 46
L  2 1
 214456.50472594658 5199807.313049164
 214456.3467102534 5199804.3172135465
 1 47
L  2 1
 214507.18409836388 5199802.884456971
 214505.9856487901 5199805.634678529
 1 48
L  2 1
 215084.6830821236 5199789.893985632
 215084.5509285114 5199786.896897809
 1 49
L  2 1
 215134.63319646995 5199784.688566829
 215134.76535036103 5199787.685654641
 1 50
L  2 1
 215303.80213102177 5198595.766497446
 215306.54643435622 5198596.978437712
 1 51
L  2 1
 215304.17037833694 5198602.358751058
 215301.42607500704 5198601.146810782
 1 52
L  2 1
 218533.59036263576 5198407.48274347
 218533.3877006503 5198404.489596611
 1 53
L  2 1
 218567.19128771295 5198382.422152425
 218570.08882616408 5198381.644803775
 1 54
L  2 1
 219933.13982155023 5193158.941958645
 219936.1369521498 5193158.810778735
 1 55
L  2 1
 219938.41727198206 5193209.028027685
 219935.42097544996 5193208.8790072445
 1 56
L  2 1
 216617.3382686957 5194936.400383174
 216614.5161233843 5194935.382790014
 1 57
L  2 1
 216614.40073943682 5194858.782798834
 216617.39827693216 5194858.661271207
 1 58
L  2 1
 218238.53465794591 5198498.641924588
 218238.39010775014 5198495.645409072
 1 59
L  2 1
 218288.9745028751 5198493.251597356
 218289.1159567669 5198496.248260634
 1 60
L  2 1
 218035.60305610026 5198508.409679332
 218035.46614000277 5198505.412805297
 1 61
L  2 1
 218085.53523541428 5198503.140829809
 218085.38093969168 5198506.13685932
 1 62
L  2 1
 220193.021391846 5199582.325802984
 220192.88177395402 5199579.329053605
 1 63
L  2 1
 220237.50493390788 5199578.42187236
 220237.19887212315 5199581.406219221
 1 64
L  2 1
 218144.1267918533 5198503.199554395
 218143.9821273297 5198500.203044396
 1 65
L  2 1
 218194.92342590634 5198497.814446908
 218194.76913021167 5198500.810476421
 1 66
L  2 1
 217613.13085869997 5198531.83173963
 217613.004519419 5198528.834401079
 1 67
L  2 1
 217663.29758203798 5198526.71452566
 217663.42392131902 5198529.71186421
 1 68
L  2 1
 216455.3037405843 5194959.7987145595
 216455.14705867367 5194956.80280889
 1 69
L  2 1
 216506.3290172707 5194954.12606033
 216506.48569918133 5194957.121966
 1 70
L  2 1
 217262.48639985904 5198545.862519657
 217262.38156753595 5198542.864351852
 1 71
L  2 1
 217313.0418044403 5198539.255857798
 217313.75331322968 5198542.170262582
 1 72
L  2 1
 213923.17842000566 5201243.896889615
 213926.15284028335 5201244.287816734
 1 73
L  2 1
 213913.27415017906 5201326.299591134
 213911.19756402395 5201324.134460666
 1 74
L  2 1
 218222.20882824573 5191892.619784801
 218219.6863965603 5191890.99579638
 1 75
L  2 1
 218249.280109135 5191847.633698593
 218251.735580579 5191849.357258857
 1 76
L  2 1
 214536.8313312265 5199805.320276828
 214536.9134919265 5199802.321402102
 1 77
L  2 1
 214648.83974515036 5199798.287975205
 214649.26101356867 5199801.258250095
 1 78
L  2 1
 213774.03276024852 5201439.1193791125
 213777.0114675035 5201438.762583528
 1 79
L  2 1
 213781.06738037133 5201492.135326267
 213778.27983710467 5201491.026451821
 1 80
L  2 1
 215311.4148684573 5198063.946434997
 215314.4116392397 5198063.807277253
 1 81
L  2 1
 215316.39708090783 5198115.423301324
 215313.40133703419 5198115.263555765
 1 82
L  2 1
 216069.14281776018 5195145.014950289
 216066.6527853618 5195143.3417083295
 1 83
L  2 1
 216103.2233264593 5195088.895328112
 216105.71463537472 5195090.566668857
 1 84
L  2 1
 220007.57269479084 5194654.533102139
 220010.56905531615 5194654.385374001
 1 85
L  2 1
 220017.39957796977 5194815.579914894
 220014.4030035902 5194815.723239657
 1 86
L  2 1
 220151.4754491995 5197668.8709036065
 220154.30511632847 5197667.874417813
 1 87
L  2 1
 220166.09190191896 5197859.484542084
 220163.12273692703 5197859.913563355
 1 88
L  2 1
 214146.08851788996 5200620.7259101905
 214148.77805886202 5200619.3968619
 1 89
L  2 1
 214143.36351168714 5200721.307795736
 214140.85392736387 5200719.664023695
 1 90
L  2 1
 217270.10495151978 5193329.86814906
 217267.60898827322 5193328.203767051
 1 91
L  2 1
 217297.34747807487 5193283.900317643
 217299.66542688917 5193285.804815818
 1 92
L  2 1
 216171.96104311105 5194992.178340406
 216169.36210600194 5194990.679832513
 1 93
L  2 1
 216219.21711602848 5194965.366668076
 216218.54124034249 5194968.289542015
 1 94
L  2 1
 216058.414470864 5197973.605955306
 216058.254293058 5197970.610234514
 1 95
L  2 1
 216128.8150302851 5197981.476835827
 216127.97150887194 5197984.355806411
 1 96
L  2 1
 220170.4413997604 5197949.715759475
 220173.4343208086 5197949.509789575
 1 97
L  2 1
 220178.36512399677 5198026.164194816
 220175.36655740623 5198026.071467246
 1 98
L  2 1
 218902.65963419247 5206147.781986519
 218899.66318266751 5206147.92785721
 1 99
L  2 1
 218897.26633010947 5206096.384115072
 218900.2631897805 5206096.246884929
 1 100
L  2 1
 218828.8457268949 5204527.138690718
 218825.8488648231 5204527.275868422
 1 101
L  2 1
 218849.61974713337 5204487.392147735
 218849.77244803062 5204490.3882589545
 1 102
L  2 1
 215238.29001646614 5196652.3507474605
 215235.2943259869 5196652.511491209
 1 103
L  2 1
 215230.5403405883 5196592.394813887
 215233.34234299068 5196591.323001153
 1 104
L  2 1
 216586.66752428713 5194792.977153536
 216583.72564586287 5194793.564819545
 1 105
L  2 1
 216580.5036374639 5194742.031569467
 216583.3452580801 5194742.993438623
 1 106
L  2 1
 214636.46636302015 5199591.181918518
 214638.9118372978 5199592.919634133
 1 107
L  2 1
 214539.54011906005 5199665.2957613
 214538.00753180895 5199662.71677384
 1 108
L  2 1
 217829.38166660714 5197621.9565865705
 217829.49277971385 5197624.954528178
 1 109
L  2 1
 217778.2798039312 5197628.01815136
 217777.81635492778 5197625.054165021
 1 110
L  2 1
 218980.99994759346 5207760.24803013
 218978.06196397354 5207760.8548680395
 1 111
L  2 1
 218969.99874544947 5207709.056532137
 218972.99612800253 5207708.931241153
 1 112
L  2 1
 215314.00124317274 5198141.202459079
 215316.99801395723 5198141.06330138
 1 113
L  2 1
 215322.95983529638 5198273.719034302
 215320.04415175162 5198274.425284588
 1 114
L  2 1
 215296.84855700115 5197671.450617317
 215293.8530093808 5197671.614001693
 1 115
L  2 1
 215288.43528868185 5197609.00960906
 215291.4233260801 5197609.277251558
 1 116
L  2 1
 216512.5853305376 5194650.157171016
 216509.89010060442 5194651.4746442055
 1 117
L  2 1
 216480.6324492716 5194586.645042314
 216483.5011869764 5194585.767349896
 1 118
L  2 1
 216594.1500890918 5194349.843020373
 216591.65451751923 5194348.178051147
 1 119
L  2 1
 216631.08378453302 5194290.046283955
 216633.39893733698 5194291.954180045
 1 120
L  2 1
 216920.57873581356 5193858.525979874
 216918.0802171934 5193856.865436376
 1 121
L  2 1
 216950.35528689367 5193806.054948767
 216953.13788973034 5193807.176163043
 1 122
L  2 1
 216974.1468241587 5199713.152077551
 216974.02638467532 5199710.154496138
 1 123
L  2 1
 217025.27625695328 5199708.025199021
 217025.40157626875 5199711.02258039
 1 124
L  2 1
 216928.61035946046 5198554.863029099
 216928.49804064457 5198551.865132422
 1 125
L  2 1
 216979.3893763377 5198550.244758412
 216979.48098914226 5198553.243359268
 1 126
L  2 1
 215534.88671857474 5198605.111668465
 215534.81805248727 5198602.112454406
 1 127
L  2 1
 215601.0169730177 5198598.599445605
 215601.96555078533 5198601.445530674
 1 128
L  2 1
 218583.90222762918 5199649.94240664
 218583.78384581886 5199646.94474326
 1 129
L  2 1
 218635.24535408962 5199645.3295736825
 218635.06486869234 5199648.324139598
 1 130
L  2 1
 220236.04904781337 5199579.268771071
 220238.7079237556 5199580.658151768
 1 131
L  2 1
 220243.49955603882 5199584.785296094
 220242.49498714315 5199587.612103716
 1 132
L  2 1
 220239.38116576488 5199566.002758693
 220242.38073661714 5199566.053500216
 1 133
L  2 1
 220238.85233979358 5199580.3038236825
 220235.9797813224 5199579.438718007
 1 134
L  2 1
 217815.58936389844 5198520.409026399
 217815.45422409457 5198517.41207174
 1 135
L  2 1
 217874.89026846326 5198514.657979636
 217875.61068365476 5198517.570195624
 1 136
L  2 1
 214295.9998320178 5199821.774751236
 214297.6535933892 5199824.277764085
 1 137
L  2 1
 214243.6324840885 5199859.969958871
 214241.9787227035 5199857.466946029
 1 138
L  2 1
 215796.29659531754 5195557.517186673
 215793.79682605143 5195555.858526487
 1 139
L  2 1
 215832.761686867 5195497.134523323
 215835.261456142 5195498.793183496
 1 140
L  2 1
 215362.43740223223 5199776.4320697915
 215362.30259935182 5199773.4350999575
 1 141
L  2 1
 215419.80262325573 5199770.224611294
 215420.23496796828 5199773.193294176
 1 142
L  2 1
 213761.4088157891 5201693.695501886
 213764.3820761009 5201694.095155634
 1 143
L  2 1
 213767.36440926982 5201695.427654458
 213768.87765604118 5201698.018037481
 1 144
L  2 1
 213768.23738643585 5201697.661236698
 213771.21264692012 5201698.045716932
 1 145
L  2 1
 213735.13364132927 5201738.207206713
 213733.9731660137 5201735.440747416
 1 146
L  2 1
 216117.2807453529 5197841.07428674
 216117.88235335407 5197844.013345741
 1 147
L  2 1
 216050.43822695073 5197857.356415504
 216050.13208235326 5197854.372077136
 1 148
L  2 1
 215196.47991126103 5198753.454204175
 215198.96053718295 5198755.141360075
 1 149
L  2 1
 215157.55862174497 5198813.905539242
 215155.63540972502 5198811.603093688
 1 150
L  2 1
 216137.29491947414 5199744.285952274
 216137.29558007987 5199741.285952346
 1 151
L  2 1
 216210.27644860264 5199738.955452221
 216210.38816710634 5199741.953371328
 1 152
L  2 1
 216286.34384278263 5194965.936935805
 216286.2024626794 5194962.9402690455
 1 153
L  2 1
 216366.68244040612 5194959.342073594
 216366.52308461285 5194962.337838226
 1 154
L  2 1
 216103.50777766062 5198588.745546523
 216103.42296464735 5198585.746745638
 1 155
L  2 1
 216183.6744405444 5198581.570716915
 216184.36579836562 5198584.489967565
 1 156
L  2 1
 214974.1232188689 5199084.301822562
 214976.62612638515 5199085.955743348
 1 157
L  2 1
 214941.18540295537 5199141.249511394
 214938.53028470263 5199139.852963126
 1 158
L  2 1
 215332.51231734848 5198494.983474891
 215335.4849584125 5198494.579240919
 1 159
L  2 1
 215311.15109837323 5198583.372814608
 215308.1538698828 5198583.2438906925
 1 160
L  2 1
 215310.72709910403 5198012.4025151525
 215310.61019630998 5198009.404793728
 1 161
L  2 1
 215340.37747902327 5198008.247365347
 215340.49385772573 5198011.245107164
 1 162
L  2 1
 215351.8349256268 5197946.749840894
 215352.0896934342 5197949.739003546
 1 163
L  2 1
 215311.77514525183 5197953.163202505
 215311.64165034017 5197950.166174126
 1 164
L  2 1
 215301.9817708062 5198612.25908401
 215301.5563198168 5198609.28940533
 1 165
L  2 1
 215357.58620184028 5198606.209466872
 215357.6799602447 5198609.208001408
 1 166
L  2 1
 215311.7723801325 5197950.170410869
 215311.4451113215 5197953.15250663
 1 167
L  2 1
 215304.51523181054 5197922.183861058
 215307.51077943246 5197922.020476712
 1 168