L  11 1
 215311.65844732264 5197951.666913233
 215308.2248570215 5197952.099412385
 215307.45361007698 5197952.401452345
 215307.200596452 5197953.133194165
 215307.367422275 5197956.09611754
 215307.9235083515 5197965.972528795
 215308.479594428 5197975.848940045
 215309.035680505 5197985.7253513
 215309.59176658152 5197995.601762556
 215310.147852658 5198005.47817381
 215310.4258956965 5198010.416379435
 1 60
L  783 1
 215311.65844732264 5197951.666913233
 215307.60125242948 5197951.22165788
 215307.05668207334 5197941.237308845
 215306.5121117171 5197931.252959797
 215305.96754136035 5197921.268610756
 215305.42297100413 5197911.284261706
 215304.87840064752 5197901.299912659
 215304.33383029114 5197891.315563617
 215303.7892599343 5197881.33121457
 215303.2446895783 5197871.346865535
 215301.70160334744 5197861.416977931
 215303.15406473912 5197851.323705993
 215303.60801025602 5197841.284895488
 215301.06640815217 5197831.409469357
 215300.5218377963 5197821.425120315
 215299.97726743913 5197811.440771267
 215299.4326970833 5197801.456422225
 215299.88664259994 5197791.417611726
 215298.34355637032 5197781.487724135
 215299.79601776114 5197771.394452185
 215297.25441565714 5197761.519026047
 215298.70687704816 5197751.425754095
 215297.16379081795 5197741.495866505
 215297.61773633517 5197731.4570560055
 215297.0731659789 5197721.47270697
 215295.5300797482 5197711.54281937
 215295.98402526585 5197701.50400888
 215295.4394549098 5197691.519659833
 215295.89340042666 5197681.480849337
 215295.34883007067 5197671.496500297
 215294.80425971388 5197661.512151248
 215293.99251375676 5197651.710849773
 215292.91392187905 5197641.770003622
 215291.8353300007 5197631.829157463
 215290.75673812203 5197621.888311312
 215289.6781462437 5197611.947465154
 215290.58788483005 5197601.79088313
 215290.503458183 5197591.742169039
 215288.4307010729 5197581.909190825
 215288.346274427 5197571.860476735
 215287.267682548 5197561.91963058
 215286.7232388155 5197551.94102825
 215286.392758703 5197541.947301935
 215287.06173226764 5197531.920524932
 215285.73179847852 5197521.959849315
 215284.4018646898 5197511.999173696
 215284.0713845778 5197502.005447381
 215284.7403581425 5197491.978670375
 215283.41042435338 5197482.017994757
 215284.0793979175 5197471.991217755
 215282.7494641288 5197462.030542136
 215282.4189840168 5197452.036815816
 215282.08850390482 5197442.043089506
 215281.75802379232 5197432.049363198
 215281.42754368033 5197422.055636887
 215281.0970635678 5197412.061910571
 215279.76712977915 5197402.101234947
 215279.43664966713 5197392.107508638
 215278.10671587844 5197382.146833018
 215277.77623576607 5197372.153106711
 215277.4457556535 5197362.159380388
 215277.1152755415 5197352.165654078
 215274.78588807615 5197342.238029151
 215275.4548616408 5197332.211252149
 215274.12492785175 5197322.250576528
 215275.79335509308 5197312.19074883
 215273.4639676271 5197302.2631239
 215274.13294119178 5197292.2363469
 215274.80191475645 5197282.209569898
 215271.47307361444 5197272.314995652
 215272.1420471788 5197262.288218655
 215271.81156706612 5197252.29449234
 215271.39573333203 5197242.374754427
 215271.92325330683 5197232.339541153
 215268.45522023604 5197222.492890491
 215269.98162847204 5197212.410536569
 215267.51248366188 5197202.5167452535
 215268.04000363662 5197192.481531977
 215267.56863534963 5197182.493459357
 215266.09837880204 5197172.552527402
 215265.62701051502 5197162.564454782
 215264.15675396653 5197152.623522813
 215265.68316220274 5197142.541168885
 215264.21290565503 5197132.600236922
 215264.74042562954 5197122.5650236495
 215263.27016908102 5197112.624091682
 215263.67809053912 5197102.677187993
 215262.07256223692 5197092.75720505
 215262.46334088506 5197082.7157372935
 215261.85596605894 5197072.73501195
 215261.24859123197 5197062.7542866
 215260.64121640497 5197052.77356125
 215259.0356881029 5197042.853578309
 215258.42831327612 5197032.872852957
 215258.81909192418 5197022.831385199
 215258.21171709715 5197012.850659849
 215257.6043422703 5197002.869934493
 215256.9969674433 5196992.889209143
 215255.39143914118 5196982.969226201
 215254.78406431395 5196972.988500842
 215255.174842963 5196962.9470330905
 215255.56562161105 5196952.905565333
 215254.95824678405 5196942.924839982
 215254.35087195702 5196932.944114632
 215252.74534365497 5196923.02413169
 215252.13796882794 5196913.04340634
 215252.52874747623 5196903.001938581
 215252.91952612455 5196892.960470817
 215251.31399782244 5196883.040487874
 215251.70477647055 5196872.9990201155
 215250.09924816844 5196863.079037174
 215250.4900268173 5196853.03756942
 215249.88265199028 5196843.056844071
 215248.27712368802 5196833.136861122
 215245.67344191088 5196823.2776205875
 215247.06237403405 5196813.175410422
 215246.45499920708 5196803.194685072
 215245.84762438003 5196793.213959722
 215245.24024955323 5196783.2332343655
 215244.63287472623 5196773.252509016
 215243.0273464243 5196763.332526072
 215244.41627854755 5196753.230315906
 215243.80890372128 5196743.249590561
 215243.20152889434 5196733.268865211
 215242.59594559987 5196723.261397989
 215241.0612387027 5196713.328076219
 215241.52403316784 5196703.289669772
 215240.98826413983 5196693.304844571
 215239.45393161871 5196683.373600619
 215241.91385306956 5196673.2280316735
 215238.38239356191 5196663.403950225
 215236.84806104068 5196653.472706272
 215236.31229201253 5196643.487881077
 215235.61541944175 5196633.635132827
 215234.87749876975 5196623.663209447
 215234.13957809677 5196613.691286076
 215233.40165742475 5196603.719362697
 215232.6637367527 5196593.747439333
 215228.93399646188 5196583.996910111
 215228.19607578937 5196574.02498673
 215228.45542832406 5196563.979265317
 215227.7175076505 5196554.007341929
 215227.97686018504 5196543.961620513
 215227.23893951162 5196533.989697128
 215227.49829204576 5196523.943975707
 215226.7603713737 5196513.972052333
 215224.02799749954 5196504.155517314
 215225.16435740466 5196494.117751887
 215223.2980153027 5196484.243515212
 215223.4240862241 5196474.195237317
 215222.55416114526 5196464.154913797
 215222.05971147344 5196454.007057149
 215221.58838778516 5196444.019003819
 215220.11812936945 5196434.078079852
 215221.0775971401 5196432.87731399
 215221.37862222368 5196430.276032314
 215222.54316096427 5196421.996033364
 215227.21999903047 5196411.046801872
 215233.55876248027 5196403.24911884
 215239.89752593 5196395.451435809
 215246.1687144356 5196387.692548867
 215251.5271905856 5196379.250362176
 215255.1970924729 5196369.736393356
 215261.39985575373 5196361.830097736
 215267.60261903575 5196353.923802115
 215273.8053823257 5196346.017506487
 215277.4752842015 5196336.503537676
 215282.94146976538 5196328.053799099
 215287.57137794717 5196319.134845536
 215293.8758598923 5196311.309419614
 215300.1803418168 5196303.483993728
 215306.48482373304 5196295.65856785
 215311.11473191858 5196286.739614283
 215317.4192138535 5196278.914188375
 215323.7236957789 5196271.088762486
 215328.35360396001 5196262.16980892
 215334.65808588683 5196254.344383031
 215340.1252809485 5196245.972193288
 215344.7551891375 5196237.053239714
 215351.8969579277 5196229.77457767
 215355.6895792432 5196220.308860262
 215361.15677430935 5196211.936670513
 215367.441358416 5196204.104125297
 215372.88805316543 5196195.718584226
 215378.3347479215 5196187.333043153
 215383.78144267152 5196178.947502083
 215389.22813741697 5196170.561961027
 215394.67483216643 5196162.176419957
 215400.12152691642 5196153.790878886
 215406.40684378103 5196145.950051461
 215410.87138896697 5196136.99406316
 215416.93970516048 5196128.984111781
 215423.00802136 5196120.97416039
 215428.22311803652 5196112.442657045
 215433.438214713 5196103.9111537
 215438.65331138897 5196095.37965035
 215444.7216275858 5196087.369698967
 215450.78994378337 5196079.359747579
 215454.2986014175 5196069.7851403095
 215461.22013714063 5196062.296740876
 215466.43523381156 5196053.765237539
 215470.79711096745 5196044.712182227
 215475.99864073782 5196036.281791101
 215482.93867394474 5196029.05412634
 215488.33412957948 5196020.57634118
 215492.94356275388 5196011.480358079
 215498.33901838798 5196003.002572919
 215504.52049648052 5195995.142985702
 215509.91595210385 5195986.66520055
 215515.3114077329 5195978.187415398
 215521.4928858454 5195970.327828147
 215525.48981910225 5195961.360578337
 215531.87698312828 5195953.602491041
 215537.43270925066 5195945.288786064
 215542.98843535865 5195936.975081104
 215548.54416145233 5195928.661376171
 215554.9313254784 5195920.903288875
 215559.65561368267 5195912.033966233
 215566.874215621 5195904.831496609
 215570.76706588283 5195895.406556343
 215575.49135407424 5195886.537233717
 215581.87851811465 5195878.779146404
 215587.4342442227 5195870.465441444
 215591.3270944783 5195861.040501185
 215599.37713434116 5195854.393649216
 215604.10142254666 5195845.524326573
 215608.82571072225 5195836.655003977
 215614.38143683024 5195828.341299017
 215619.93716295558 5195820.027594036
 215627.15576489386 5195812.825124413
 215631.88005307235 5195803.955801809
 215636.60434126225 5195795.086479186
 215642.99150530412 5195787.328391871
 215647.22795146386 5195778.561850535
 215652.29477859483 5195769.941465076
 215659.94793109936 5195762.841251003
 215664.15264976668 5195753.714141749
 215669.21947689768 5195745.093756288
 215675.1484124913 5195736.9800946135
 215681.07734806958 5195728.866432961
 215687.00628365602 5195720.752771304
 215691.21100233638 5195711.625662029
 215697.13993791968 5195703.512000374
 215703.93098195895 5195695.905062516
 215708.55482781702 5195687.039909584
 215713.24999016194 5195678.155134216
 215719.611665371 5195670.37613228
 215725.97334058315 5195662.597130333
 215730.66850292502 5195653.71235497
 215736.196921702 5195645.38046632
 215742.55859691417 5195637.601464373
 215746.42050282392 5195628.163802296
 215752.78217803303 5195620.38480036
 215758.31059681 5195612.052911704
 215763.839015587 5195603.72102305
 215769.3674343645 5195595.3891344
 215774.8958531415 5195587.057245744
 215780.42427191848 5195578.72535709
 215786.7859471283 5195570.946355153
 215791.48110947252 5195562.061579784
 215797.00952825003 5195553.72969113
 215802.537947027 5195545.397802476
 215808.066365804 5195537.065913824
 215813.594784581 5195528.73402517
 215819.12320335797 5195520.402136516
 215824.65162213502 5195512.070247864
 215830.180040912 5195503.73835921
 215835.708459689 5195495.406470556
 215842.07013490115 5195487.627468613
 215846.76529724302 5195478.74269325
 215851.46046103264 5195469.857918474
 215858.65539492012 5195462.631805478
 215863.3505600255 5195453.7470315695
 215868.04572512992 5195444.862257664
 215874.4074027565 5195437.083257699
 215879.9343462975 5195428.750392251
 215886.2809475114 5195420.959087117
 215890.95889793301 5195412.06523741
 215895.6368483543 5195403.171387705
 215902.81777496572 5195395.931354855
 215907.49572538648 5195387.037505145
 215912.17367580446 5195378.1436554445
 215918.52027702198 5195370.352350305
 215924.86687823955 5195362.561045165
 215929.544828658 5195353.667195465
 215936.7257552693 5195346.427162609
 215941.40370568944 5195337.533312906
 215946.91598150745 5195329.1907354845
 215952.4282573257 5195320.848158065
 215957.94053314373 5195312.505580645
 215963.4528089614 5195304.163003226
 215968.9650847794 5195295.820425806
 215973.642570063 5195286.926268785
 215979.15428878 5195278.583323295
 215984.666007497 5195270.240377805
 215990.1777262135 5195261.897432315
 215995.6894449305 5195253.554486815
 216001.207760119 5195245.215936525
 216005.95477023843 5195236.358754263
 216012.36180196202 5195228.61706664
 216017.10881208145 5195219.7598843835
 216023.51584380498 5195212.018196755
 216029.92287552537 5195204.276509136
 216034.669885648 5195195.419326875
 216040.24690656998 5195187.119891935
 216046.65393829258 5195179.378204307
 216051.400948413 5195170.52102205
 216056.97796933452 5195162.22158711
 216062.554990256 5195153.922152165
 216067.30200037992 5195145.064969903
 216072.8790213006 5195136.765534963
 216078.45604222262 5195128.466100024
 216084.0330631417 5195120.166665083
 216089.61008406244 5195111.867230143
 216095.18613143513 5195103.568060983
 216100.75681538077 5195095.264371253
 216106.3274993229 5195086.9606815325
 216112.6921268515 5195079.19153543
 216117.6334697755 5195070.498612285
 216123.44417550912 5195062.299863502
 216127.66662250902 5195053.206482675
 216134.11639741014 5195045.500369105
 216139.73926070804 5195037.231923594
 216146.1890356098 5195029.525810024
 216149.3311640907 5195019.570368735
 216155.9449467375 5195011.987703325
 216162.33480929048 5195004.296576016
 216165.65992941448 5195001.859163171
 216165.6949273605 5195000.71387206
 216167.8786210218 5194997.076163632
 216167.1323297343 5194997.546961616
 216167.19673118307 5194997.438337092
 216172.46529474066 5194988.3008046
 216178.7072375238 5194980.314726335
 216184.49190009286 5194972.071301825
 216188.00001772438 5194969.099702153
 216190.02043895726 5194968.198394093
 216195.79424064184 5194967.234185742
 216204.7895203002 5194967.187637861
 216215.08248422973 5194965.95016991
 216225.312692468 5194968.315769925
 216235.3007717135 5194967.844542066
 216245.241724347 5194966.374425282
 216255.27693020448 5194966.90208635
 216265.2178828478 5194965.431969565
 216275.253088695 5194965.95963063
 216285.19404132856 5194964.489513851
 216295.182120574 5194964.018285991
 216305.1709883936 5194963.550832478
 216315.15935368856 5194963.085707269
 216325.14771898257 5194962.620582059
 216335.13608427657 5194962.155456848
 216345.12444957058 5194961.690331639
 216355.11281485434 5194961.225206424
 216365.10118015716 5194960.760081209
 216375.136061744 5194961.29387353
 216385.17094332993 5194961.827665851
 216395.11279233202 5194960.36362311
 216405.1011576255 5194959.8984979
 216415.03557367963 5194958.399903047
 216425.07334341801 5194958.87630764
 216435.0588858605 5194958.3540770095
 216445.09665559884 5194958.830481603
 216455.08219805162 5194958.308250979
 216465.06774048437 5194957.786020353
 216475.05328292647 5194957.263789723
 216485.03882537037 5194956.741559093
 216495.02436781337 5194956.219328463
 216505.00991026568 5194955.697097838
 216514.9954526979 5194955.174867213
 216524.98099514184 5194954.652636583
 216534.96653758438 5194954.130405953
 216544.9520800367 5194953.608175328
 216554.9376224797 5194953.085944698
 216564.92316491337 5194952.563714073
 216574.856480061 5194951.04284822
 216584.94647117192 5194952.517923196
 216594.9320156559 5194951.995731241
 216604.7302618695 5194948.64959013
 216613.5655168885 5194944.49090381
 216613.5655168885 5194944.49090381
 216613.2459602274 5194943.327600651
 216616.24922450288 5194934.998487914
 216617.83175814274 5194928.332075209
 216617.8813685286 5194927.51045526
 216617.83316153806 5194925.5111985495
 216617.59212658458 5194915.514914996
 216617.35109163105 5194905.518631444
 216617.11005667757 5194895.52234789
 216616.86902172407 5194885.526064339
 216616.54244521094 5194875.5448894035
 216616.17642820542 5194865.552401513
 216615.7746220915 5194855.641659025
 216611.54486171395 5194846.992926141
 216606.7685266185 5194838.155092602
 216602.17441171227 5194829.273770015
 216597.5802968079 5194820.392447435
 216592.9861818973 5194811.511124845
 216587.1256858539 5194802.92813836
 216584.9277215833 5194791.925045682
 216584.78639114831 5194788.928620122
 216584.77166727604 5194787.644641612
 216585.11105455452 5194781.518293335
 216585.52038518855 5194774.530840155
 216585.52609395664 5194773.926947055
 216585.37273084722 5194772.178631989
 216584.36925108123 5194762.22992298
 216583.3657713152 5194752.28121396
 216581.64547822313 5194743.336655223
 216587.5569819019 5194725.872481249
 216577.25317532514 5194718.762902207
 216568.39622339056 5194714.470828688
 216550.9884591678 5194727.0387850115
 216544.2707993051 5194718.162968299
 216542.4868058185 5194712.75128192
 216542.76503179135 5194711.567355081
 216540.49300704445 5194707.11383409
 216534.16740468456 5194699.115675708
 216530.5604818525 5194689.73084677
 216525.2132995485 5194681.222531773
 216521.656967825 5194671.82379317
 216516.3097855215 5194663.315478174
 216512.7534537975 5194653.91673957
 216508.362425416 5194644.933762895
 216504.0884824905 5194635.89400656
 216499.8145395655 5194626.854250225
 216495.54059664102 5194617.814493895
 216491.26665371598 5194608.77473756
 216486.99271079048 5194599.734981225
 216483.3603789435 5194590.43419968
 216480.43730175402 5194580.880121815
 216479.68066205134 5194570.9822546905
 216477.05381697 5194561.120342707
 216476.92450884898 5194556.122420626
 216476.91194452663 5194555.095629262
 216477.03329746643 5194551.065332262
 216478.52018885536 5194540.975347325
 216481.5750294265 5194531.57394217
 216483.4701700967 5194521.657944498
 216488.69169776628 5194512.898981572
 216492.281979532 5194503.73620361
 216497.8065475905 5194495.401761185
 216503.331115649 5194487.067318765
 216508.855683708 5194478.73287634
 216514.380251767 5194470.39843392
 216519.7340232255 5194461.953461105
 216525.0739786215 5194453.49954727
 216530.4139340175 5194445.04563344
 216536.59934935434 5194437.125758456
 216541.93930475038 5194428.671844625
 216547.279260149 5194420.217930786
 216553.4646754885 5194412.298055797
 216557.1137109975 5194402.77606428
 216563.45734910297 5194394.988094458
 216569.00295658698 5194386.667636519
 216575.38067734343 5194378.901784297
 216579.262058285 5194369.472114921
 216585.63977904097 5194361.706262698
 216590.353273254 5194352.831199041
 216595.9027195585 5194344.513303495
 216601.4597505285 5194336.20047067
 216607.0167814995 5194327.88763785
 216612.5738124695 5194319.574805031
 216618.1308434395 5194311.261972209
 216623.6878744095 5194302.94913939
 216629.24490537948 5194294.63630657
 216635.63312885456 5194286.884462266
 216641.22699986154 5194278.596375036
 216645.9919949325 5194269.748855351
 216651.5858659395 5194261.46076812
 216657.179736946 5194253.172680895
 216662.77360795252 5194244.884593669
 216668.3674789595 5194236.59650644
 216674.79022590443 5194228.8678516755
 216680.38409690728 5194220.5797644565
 216685.1490919795 5194211.732244765
 216691.57183892152 5194204.003590006
 216696.3368339925 5194195.156070311
 216702.75958093774 5194187.427415546
 216706.69569982626 5194178.020463532
 216713.94732011843 5194170.851238759
 216718.7123120195 5194162.00371736
 216724.3061800565 5194153.71562813
 216730.69801547308 5194145.938046922
 216736.0922815668 5194137.518683763
 216735.5925155147 5194125.323028102
 216737.61876323947 5194114.74578351
 216759.85312117953 5194117.115827499
 216760.1953597197 5194105.459642195
 216762.2216074445 5194094.882397605
 216767.6158735385 5194086.463034445
 216772.1681350402 5194077.504200929
 216777.6239440841 5194069.104976026
 216783.1586318794 5194060.777250426
 216788.6933196741 5194052.449524816
 216794.2280074684 5194044.121799217
 216799.76269526317 5194035.794073616
 216806.96306324858 5194028.573375343
 216811.6649109485 5194019.69213607
 216817.19959874352 5194011.36441047
 216822.7342865385 5194003.03668487
 216827.43613423812 5193994.155445596
 216833.803662128 5193986.3812336605
 216839.338349923 5193978.05350806
 216844.87303899752 5193969.725783305
 216850.4077347865 5193961.398063015
 216855.10959101163 5193952.516828262
 216860.6442868006 5193944.189107972
 216866.17898258966 5193935.861387682
 216871.71367837864 5193927.533667392
 216877.24837416763 5193919.205947102
 216883.61590952048 5193911.431741275
 216888.31776574565 5193902.550506522
 216894.685301099 5193894.776300695
 216899.38715732432 5193885.895065942
 216905.75469267752 5193878.120860115
 216910.45654890235 5193869.239625362
 216916.8240842555 5193861.465419535
 216922.35878004448 5193853.137699245
 216927.89347583352 5193844.8099789545
 216933.3814782055 5193836.451431651
 216938.8650118555 5193828.08993409
 216944.3485455055 5193819.72843653
 216949.8320791555 5193811.36693897
 216953.64317767983 5193801.908645742
 216959.96325621894 5193794.095355753
 216964.61636221988 5193785.188121166
 216970.94115496776 5193777.379102048
 216976.43008427587 5193769.021145498
 216982.7548770185 5193761.21212639
 216987.40794289307 5193752.305232387
 216993.732735635 5193744.49621328
 216998.38580150672 5193735.589319289
 217004.71059425152 5193727.780300175
 217009.36366012302 5193718.873406178
 217015.6884528685 5193711.064387064
 217020.34151873967 5193702.157493068
 217026.666311485 5193694.3484739605
 217032.15524079348 5193685.990517405
 217037.6441701015 5193677.63256085
 217043.96896284696 5193669.823541741
 217048.6220287185 5193660.916647745
 217054.1109580265 5193652.558691191
 217059.59988733497 5193644.200734635
 217065.92468007724 5193636.391715531
 217070.6084686305 5193627.505101205
 217075.3032007761 5193618.620098517
 217081.6644993315 5193610.840788554
 217087.1925146815 5193602.508632235
 217092.72053097002 5193594.176476534
 217097.4152643421 5193585.29147449
 217103.776563969 5193577.51216541
 217109.304580469 5193569.180009849
 217114.832596968 5193560.84785429
 217120.360613467 5193552.51569873
 217125.888629967 5193544.18354317
 217131.416646466 5193535.851387611
 217136.94466296548 5193527.519232045
 217142.47267946502 5193519.187076485
 217148.000695964 5193510.854920926
 217153.528712464 5193502.5227653645
 217159.8900120909 5193494.743456278
 217164.58474546252 5193485.8584542405
 217170.94604508992 5193478.079145159
 217175.640778461 5193469.19414312
 217181.168794961 5193460.86198756
 217187.53009458794 5193453.082678478
 217191.39154483107 5193443.644829962
 217197.752844459 5193435.86552088
 217203.28086095798 5193427.53336532
 217208.80887745798 5193419.201209756
 217213.50361421145 5193410.316209288
 217219.864918214 5193402.53690378
 217225.398175066 5193394.2082337905
 217230.945664911 5193385.889030755
 217236.493154756 5193377.5698277205
 217241.20865683063 5193368.695830715
 217247.5881344465 5193360.931421651
 217252.30363652378 5193352.057424645
 217258.6831141365 5193344.293015584
 217264.2306039815 5193335.97381255
 217269.7780938265 5193327.654609514
 217275.3255836715 5193319.33540648
 217280.8730735165 5193311.016203444
 217286.4205633615 5193302.69700041
 217291.9680532065 5193294.37779738
 217297.5155430515 5193286.05859434
 217303.89502066423 5193278.2941852845
 217308.6105227415 5193269.420188274
 217313.3325226631 5193260.549544203
 217319.7183520195 5193252.79035829
 217325.272647893 5193244.47569774
 217331.6584772521 5193236.716511819
 217337.21277312608 5193228.4018512685
 217341.1040020289 5193218.976241462
 217347.489831388 5193211.21705554
 217353.87566074677 5193203.457869618
 217359.4299766388 5193195.14304995
 217363.31129034894 5193185.712387037
 217369.6881462085 5193177.9458246
 217374.40065200863 5193169.070236067
 217380.7775078675 5193161.303673634
 217386.32218869752 5193152.98259815
 217391.8668695275 5193144.661522665
 217397.41155035648 5193136.340447186
 217402.95623118652 5193128.019371695
 217408.5009120155 5193119.698296215
 217414.87776787506 5193111.931733782
 217419.5902736755 5193103.056145245
 217424.3027794749 5193094.180556716
 217430.6796353345 5193086.413994284
 217435.36099542363 5193077.522981053
 217441.703932401 5193069.72869255
 217447.21228486 5193061.38352414
 217452.72063732002 5193053.03835572
 217457.39440525955 5193044.142307393
 217463.737342239 5193036.34801889
 217469.245694699 5193028.00285047
 217474.754047159 5193019.65768206
 217479.42781510064 5193010.761633722
 217485.77075207798 5193002.96734523
 217492.94086541285 5192995.714916993
 217497.59925273192 5192986.810805002
 217503.09317532316 5192978.456129832
 217509.42263317964 5192970.650891478
 217514.9165557768 5192962.296216292
 217519.57494309306 5192953.392104312
 217525.90440095885 5192945.586865943
 217530.56278827816 5192936.6827539615
 217536.0567108692 5192928.328078782
 217541.55063346017 5192919.973403612
 217547.04455605117 5192911.618728431
 217552.62791144065 5192903.344871863
 217558.26599413494 5192895.086796642
 217563.90407682268 5192886.828721432
 217569.5421595137 5192878.5706462115
 217574.3543677135 5192869.748717004
 217579.9924504045 5192861.4906417895
 217585.6305330955 5192853.23256657
 217591.2686157865 5192844.97449136
 217596.9066984775 5192836.71641614
 217601.7189066773 5192827.894486927
 217607.35698936734 5192819.636411716
 217613.8209465495 5192811.942190491
 217618.63315474935 5192803.120261286
 217623.44536294916 5192794.2983320765
 217629.82245212578 5192786.563024065
 217634.50742929886 5192777.672873813
 217640.8601854859 5192769.886586404
 217646.3790521669 5192761.548367574
 217651.89791884788 5192753.210148743
 217657.4167855289 5192744.871929913
 217662.93565220988 5192736.533711084
 217667.63589990436 5192727.645705535
 217674.01456082944 5192719.8806255255
 217679.56117563613 5192711.560839055
 217684.27574433165 5192702.686346119
 217690.65440525356 5192694.921266114
 217695.3689739451 5192686.04677318
 217700.91558874637 5192677.726986724
 217706.46220355335 5192669.407200254
 217711.98763295697 5192661.087038381
 217717.48678306598 5192652.735803101
 217723.82112442923 5192644.934527419
 217728.48508328496 5192636.033332532
 217734.81942464825 5192628.232056848
 217740.31857475697 5192619.880821569
 217744.98253361142 5192610.979626673
 217750.4983099256 5192602.617178428
 217755.24460056607 5192593.759610618
 217760.82094732663 5192585.459722678
 217767.22735017858 5192577.717514648
 217772.80369693058 5192569.417626717
 217778.3800436816 5192561.117738788
 217783.95639042623 5192552.817850872
 217788.70268108262 5192543.960283038
 217794.27902783552 5192535.660395107
 217799.85537458563 5192527.360507178
 217805.36123250987 5192519.069663777
 217811.6471192683 5192511.229293244
 217817.0944235254 5192502.844148089
 217822.54172777032 5192494.459002954
 217827.98903202842 5192486.073857799
 217833.43633627333 5192477.688712664
 217839.72222304397 5192469.848342111
 217845.16952729286 5192461.4631969705
 217850.61683154697 5192453.078051822
 217855.2255532844 5192444.148132079
 217861.51144004895 5192436.307761531
 217866.9587443009 5192427.922616391
 217872.4483472141 5192419.558486176
 217877.94211060408 5192411.203706316
 217883.43587399513 5192402.848926456
 217888.92963738512 5192394.494146596
 217894.42340077512 5192386.139366736
 217899.9171641661 5192377.784586876
 217905.41092755613 5192369.429807016
 217910.90469094712 5192361.075027156
 217916.398454334 5192352.720247295
 217921.892217725 5192344.365467434
 217926.55043537353 5192335.461266685
 217932.87974450501 5192327.655907715
 217938.37350789603 5192319.301127855
 217943.86727128603 5192310.946347995
 217948.56711234312 5192302.028046039
 217954.20576435412 5192293.770359549
 217960.670251981 5192286.076583987
 217965.48306838202 5192277.254986554
 217971.12172038713 5192268.997300068
 217976.7603723981 5192260.739613579
 217982.39902440849 5192252.481927088
 217988.86351203598 5192244.788151527
 217993.6763284311 5192235.966554099
 217998.4891448259 5192227.14495668
 218003.779560211 5192218.799545903
 218009.09104675415 5192210.327716504
 218014.40253329926 5192201.855887104
 218019.71401984317 5192193.384057703
 218025.02550638738 5192184.912228306
 218032.03149622033 5192177.502782362
 218037.38534694287 5192169.024252156
 218043.76896290702 5192161.263245136
 218048.4891950939 5192152.391763257
 218054.872811058 5192144.630756235
 218059.59304324488 5192135.759274356
 218065.976659209 5192127.998267335
 218070.69689139904 5192119.126785447
 218076.24881547503 5192110.810540996
 218081.8007395498 5192102.494296547
 218087.35266362602 5192094.178052097
 218092.90458770105 5192085.861807645
 218098.45651177384 5192077.545563196
 218103.1889429203 5192068.663660478
 218109.63234859493 5192060.952220549
 218114.42100239825 5192052.117483571
 218120.86440807793 5192044.406043629
 218126.48043782022 5192036.132955169
 218131.26909162244 5192027.298218192
 218137.5445026566 5192019.504904672
 218143.798169201 5192011.6388105005
 218148.37021464758 5192002.69005734
 218154.6238811915 5191994.823963165
 218159.1959266376 5191985.875210011
 218164.60878263557 5191977.467786341
 218170.86244917702 5191969.6016921755
 218176.275305172 5191961.19426851
 218181.688161167 5191952.786844845
 218186.26020661657 5191943.838091682
 218192.5138731575 5191935.971997515
 218197.9267291525 5191927.5645738505
 218203.339585148 5191919.157150185
 218208.752441143 5191910.749726515
 218215.00610768644 5191902.88363235
 218219.5781531335 5191893.934879189
 218224.9910091285 5191885.5274555255
 218230.416118798 5191877.12827223
 218236.1565137175 5191868.941112505
 218241.90124892298 5191860.756871546
 218247.64598412853 5191852.57263058
 218253.390719334 5191844.38838962
 218258.24984279083 5191835.629763923
 218264.5220857715 5191827.77847418
 218269.11527155183 5191818.840553443
 218275.387514533 5191810.989263695
 218280.82022891298 5191802.594658455
 218286.252943294 5191794.200053215
 218292.5251862752 5191786.348763467
 218297.9579006552 5191777.954158227
 218302.551086436 5191769.01623749
 218308.82332941925 5191761.164947737
 218313.439487052 5191752.242031004
 218319.77750573185 5191744.443742604
 218324.445660663 5191735.544747595
 218329.93594585848 5191727.187694505
 218335.414507963 5191718.822938681
 218340.8930700675 5191710.45818286
 218346.3716321715 5191702.093427035
 218351.85019427602 5191693.72867121
 218357.32875638048 5191685.363915389
 218362.807318485 5191676.999159571
 218368.28588058898 5191668.634403745
 218374.7437320795 5191661.02033136
 218378.7364716975 5191656.54236395
 1 127
L  487 1
 220112.35048948976 5197596.13557814
 220106.40692772937 5197603.58980164
 220098.8661870633 5197610.001969124
 220090.69269664015 5197615.39665344
 220082.30606265902 5197620.932323394
 220072.972992141 5197624.507447571
 220063.3362427025 5197627.13567566
 220053.59721899923 5197629.69549712
 220043.493343403 5197629.081568415
 220033.5166681715 5197628.447073029
 220023.5657563815 5197627.4679785855
 220013.6148456675 5197626.48887321
 220003.663936148 5197625.50975569
 219993.9088717316 5197622.540245737
 219983.95796323114 5197621.561122183
 219973.90913179697 5197621.577192252
 219963.95822230022 5197620.598069064
 219953.9093908865 5197620.614144365
 219943.958481492 5197619.635025575
 219934.2034161572 5197616.6655186
 219924.056660555 5197617.676809825
 219914.2036681321 5197615.702522184
 219904.15483675152 5197615.718623215
 219894.2039248495 5197614.739529915
 219884.253014565 5197613.760420175
 219874.40002734272 5197611.786106562
 219864.351195922 5197611.802181115
 219854.3023645012 5197611.818255668
 219844.449376312 5197609.84395188
 219834.40054492018 5197609.860045932
 219824.547553868 5197607.88575144
 219814.49872247773 5197607.901845503
 219804.54781125573 5197606.922745283
 219794.59690002305 5197605.943645066
 219784.743908981 5197603.96935058
 219774.792997759 5197602.99025036
 219764.94000844468 5197601.0159500055
 219754.89117703 5197601.0320325
 219745.03818825408 5197599.057726676
 219734.9893568395 5197599.0738091655
 219725.0384467445 5197598.094697505
 219715.0875367715 5197597.115584595
 219705.23454839535 5197595.141276755
 219695.28363849994 5197594.1621630555
 219685.33272860435 5197593.183049365
 219675.18597566965 5197594.194323945
 219665.33298729348 5197592.220016114
 219655.3820752785 5197591.24092396
 219645.431163064 5197590.261833835
 219635.4802508495 5197589.282743705
 219625.62725779417 5197587.308459204
 219615.57842756 5197587.32455187
 219605.72543824904 5197585.350248704
 219595.67660684 5197585.3663339205
 219585.72569648002 5197584.387224941
 219575.67686502208 5197584.4033034565
 219565.7259553531 5197583.4241874665
 219555.77504568305 5197582.445071466
 219545.82413601407 5197581.465955476
 219535.87322629677 5197580.486839245
 219525.9223166977 5197579.507722535
 219516.069328918 5197577.5334117245
 219506.118419318 5197576.554295015
 219496.167509719 5197575.575178316
 219486.2166001195 5197574.596061605
 219476.36361233934 5197572.621750795
 219466.314780921 5197572.6378281955
 219456.36387100798 5197571.658714674
 219446.412960368 5197570.679608544
 219436.55997049663 5197568.705308197
 219426.31529757023 5197570.711784704
 219416.46230768962 5197568.737484359
 219406.609317809 5197566.76318401
 219396.46256565122 5197567.774466304
 219386.60957577062 5197565.80016596
 219376.75658589002 5197563.82586561
 219366.805675251 5197562.846759476
 219356.85476361302 5197561.86766349
 219346.80593222548 5197561.88376347
 219336.8550204265 5197560.90466912
 219326.90410863672 5197559.925574765
 219316.95319683768 5197558.946480415
 219307.100204618 5197556.972191735
 219297.149294662 5197555.99307865
 219287.29630767432 5197554.018763893
 219277.247476247 5197554.034837276
 219267.2965670395 5197553.055716585
 219257.44358005095 5197551.081401824
 219247.3947486245 5197551.097475205
 219237.5417616363 5197549.123160454
 219227.4929302095 5197549.139233835
 219217.5420210015 5197548.160113145
 219207.591111794 5197547.180992454
 219197.6402025865 5197546.201871765
 219187.689293379 5197545.22275108
 219177.7383841715 5197544.243630394
 219167.7874745375 5197543.264514035
 219157.836564012 5197542.285406745
 219147.8856534865 5197541.306299455
 219137.9347429605 5197540.327192159
 219127.98383243498 5197539.348084865
 219118.032921909 5197538.368977575
 219108.0820113835 5197537.389870285
 219098.1311008575 5197536.4107629955
 219088.180190332 5197535.431655705
 219078.2292798265 5197534.452548205
 219068.2783700795 5197533.473433
 219058.3274603525 5197532.494317589
 219048.3765506245 5197531.51520219
 219038.4256408975 5197530.53608679
 219028.4747311695 5197529.5569713805
 219018.5238214425 5197528.57785598
 219008.5729117145 5197527.59874057
 218998.6220019875 5197526.61962517
 218988.67109226 5197525.64050976
 218978.720181799 5197524.661401819
 218968.7692711855 5197523.682295419
 218958.81836057198 5197522.70318902
 218948.86744995852 5197521.724082621
 218938.916541171 5197520.74495766
 218928.89943228193 5197519.363455369
 218918.9666421745 5197520.88013763
 218908.9293198973 5197520.399063031
 218898.99552529101 5197521.915307145
 218888.9582030035 5197521.434232546
 218879.024408407 5197522.950476659
 218868.9870861195 5197522.4694020655
 218859.053291523 5197523.985646175
 218849.01596924572 5197523.504571581
 218838.97864694984 5197523.023496984
 218829.096616197 5197525.538400451
 218819.111057755 5197526.05598521
 218809.125499313 5197526.573569965
 218799.0881770357 5197526.092495372
 218789.1026185835 5197526.610080127
 218779.1688239875 5197528.12632424
 218769.13150170006 5197527.645249646
 218759.1459432683 5197528.162834401
 218749.26391249732 5197530.677737869
 218739.22659022 5197530.19666327
 218729.344559469 5197532.711566736
 218719.255473336 5197531.231832789
 218709.26991489402 5197531.749417545
 218699.23259261673 5197531.268342951
 218689.29879801 5197532.784587065
 218679.313239568 5197533.302171821
 218669.37944497154 5197534.818415933
 218659.342122684 5197534.337341335
 218649.35656424199 5197534.854926095
 218639.3710058 5197535.372510855
 218629.3854473585 5197535.89009561
 218619.3998889165 5197536.40768037
 218609.46609431028 5197537.92392448
 218599.48053586832 5197538.441509239
 218589.49497742628 5197538.959094
 218579.5094189945 5197539.476678752
 218569.5238605525 5197539.994263512
 218559.48653826502 5197539.513188915
 218549.44921598773 5197539.032114321
 218539.4636575457 5197539.549699081
 218529.58162678356 5197542.064602544
 218519.54430449702 5197541.583527951
 218509.6105099005 5197543.099772063
 218499.6249514483 5197543.61735682
 218489.5876291715 5197543.136282225
 218479.65383457497 5197544.652526333
 218469.6165122875 5197544.17145174
 218459.630953846 5197544.6890365
 218449.64539540402 5197545.206621255
 218439.659836962 5197545.7242060155
 218429.67427852 5197546.24179077
 218419.688720078 5197546.759375529
 218409.7549254806 5197548.275619644
 218399.66583935873 5197546.795885691
 218389.732044752 5197548.312129805
 218379.85001399912 5197550.827033267
 218369.81269171354 5197550.345958673
 218359.8401478575 5197550.899489026
 218349.7981647175 5197550.52821292
 218339.818863815 5197551.15497036
 218329.90224516072 5197552.779761328
 218319.860262011 5197552.40848523
 218309.81827886222 5197552.03720913
 218299.9016602065 5197553.6620001
 218289.85967705777 5197553.290724001
 218279.943058402 5197554.91551497
 218270.02643974678 5197556.5403059395
 218259.984456598 5197556.169029839
 218250.005155696 5197556.795787275
 218239.96317255698 5197556.424511176
 218229.98387165443 5197557.051268615
 218220.00457075238 5197557.678026045
 218210.02526985042 5197558.304783486
 218200.1713334318 5197560.92760799
 218191.030645463 5197563.673463535
 218182.10567209712 5197568.2912683925
 218172.6350596654 5197572.071052958
 218164.25572536638 5197577.526878108
 218156.42203013223 5197583.82072355
 218148.04269583224 5197589.2765487
 218140.20900059913 5197595.5703941425
 218131.82966629195 5197601.026219303
 218123.45033199195 5197606.482044453
 218114.47028099466 5197609.491766038
 218104.58705327418 5197609.193623985
 218094.60210626887 5197610.325041137
 218084.6040075404 5197610.456544777
 218074.6190605365 5197611.58796193
 218064.6209618085 5197611.7194655705
 218054.6228630805 5197611.85096921
 218044.65106782017 5197613.982299869
 218034.6266656245 5197612.113976485
 218024.6945148325 5197613.276213238
 218014.71648161704 5197613.922838728
 218004.73844840104 5197614.569464218
 217994.76041518548 5197615.216089708
 217984.7823819695 5197615.862715198
 217974.73967950098 5197615.51143393
 217964.761646285 5197616.1580594145
 217954.7836130695 5197616.804684905
 217944.8055798535 5197617.451310395
 217934.827546638 5197618.097935885
 217924.849513422 5197618.744561375
 217914.80681095354 5197618.393280112
 217904.8934469905 5197620.037812355
 217894.9154137745 5197620.684437845
 217884.937380559 5197621.33106333
 217874.98574538008 5197622.7680704575
 217864.9566047265 5197622.1390958
 217854.96450183197 5197622.509435
 217845.00943669566 5197623.879088077
 217834.98029604298 5197623.25011341
 217824.98819314898 5197623.62045262
 217814.9960902545 5197623.99079182
 217805.00398736 5197624.361131029
 217795.0192045625 5197624.889678584
 217785.0355953135 5197625.443589894
 217775.10738293634 5197626.995965629
 217765.1237736879 5197627.549876939
 217755.14016443933 5197628.103788259
 217745.15655519033 5197628.657699569
 217735.11754906952 5197628.213146474
 217725.24473356418 5197630.7639866145
 217715.20572744336 5197630.319433519
 217705.16672132252 5197629.87488042
 217695.1831120745 5197630.428791735
 217685.1995028255 5197630.982703054
 217675.2158935765 5197631.536614366
 217665.1768874557 5197631.092061271
 217655.2486750785 5197632.644436995
 217645.2096689577 5197632.1998839015
 217635.3368534631 5197634.750724044
 217625.24245046068 5197633.30770653
 217615.3142380835 5197634.860082259
 217605.38602570634 5197636.412457989
 217595.45781332918 5197637.964833724
 217585.47420408018 5197638.518745034
 217575.379801088 5197637.075727524
 217565.3961918395 5197637.629638836
 217555.4125825905 5197638.183550155
 217545.4289733415 5197638.73746147
 217535.50076096435 5197640.289837199
 217525.51715171535 5197640.843748518
 217515.478145595 5197640.399195416
 217505.4945363465 5197640.953106735
 217495.5109270975 5197641.507018045
 217485.47192097668 5197641.062464952
 217475.5437085995 5197642.614840675
 217465.5600993505 5197643.168751994
 217455.5764901015 5197643.722663309
 217445.5928808535 5197644.276574625
 217435.66466847635 5197645.8289503595
 217425.6256623555 5197645.384397255
 217415.69744997835 5197646.936772988
 217405.6030469857 5197645.493755472
 217395.73023148035 5197648.044595619
 217385.6912253605 5197647.6000425145
 217375.65221923968 5197647.155489421
 217365.7240068625 5197648.70786515
 217355.7403976135 5197649.261776465
 217345.756523844 5197649.810807635
 217335.771534767 5197650.33926246
 217325.8393966468 5197651.866319692
 217315.74870565417 5197650.397569698
 217305.816567534 5197651.92462693
 217295.831578457 5197652.45308176
 217285.846589379 5197652.98153658
 217275.80874933393 5197652.511388995
 217265.82376026615 5197653.039843818
 217255.891622147 5197654.566901054
 217245.90663306898 5197655.0953558795
 217235.97449496007 5197656.622413116
 217225.936654914 5197656.15226553
 217215.84596392134 5197654.683515526
 217205.966676759 5197657.20917518
 217195.92883672414 5197656.739027589
 217185.9438476466 5197657.267482419
 217176.011709527 5197658.79453965
 217165.97386949163 5197658.324392068
 217156.041731372 5197659.8514493
 217146.05674229452 5197660.379904125
 217136.12460417484 5197661.906961362
 217125.99743035427 5197660.4935021745
 217116.04195642885 5197661.425065428
 217106.17964847002 5197663.352279275
 217096.0378425812 5197662.2925413465
 217086.17553461323 5197664.219755194
 217076.22006068687 5197665.1513184495
 217066.4509187147 5197668.074182887
 217056.7552073518 5197670.009293119
 217046.75936552952 5197671.040029615
 217037.16562878346 5197674.02992703
 217026.96873443146 5197674.081083063
 217017.17394514804 5197676.091400013
 217007.98231346894 5197681.0404583495
 216997.785419108 5197681.091614385
 216987.78957728524 5197682.12235088
 216977.99478800053 5197684.132667831
 216968.80315631226 5197689.081726168
 216958.6062619705 5197689.1328822
 216948.61042015647 5197690.163618693
 216939.21773593064 5197694.1330965655
 216929.22189411748 5197695.16383306
 216919.62815736255 5197698.153730476
 216909.632315549 5197699.18446697
 216899.83752626448 5197701.19478392
 216890.24378950865 5197704.184681336
 216880.247947696 5197705.21541783
 216870.25210588213 5197706.246154324
 216860.6583691275 5197709.23605174
 216851.0646323824 5197712.225949149
 216841.26984308692 5197714.236266106
 216831.0729487362 5197714.28742214
 216821.6802645294 5197718.25690001
 216811.6844227055 5197719.287636505
 216801.8896334215 5197721.29795346
 216791.89379160837 5197722.328689953
 216781.89794977606 5197723.359426451
 216772.30421302933 5197726.349323859
 216762.9115288126 5197730.3188017355
 216752.71463446153 5197730.369957771
 216743.32195024393 5197734.339435646
 216733.12505590232 5197734.390591674
 216723.3302666076 5197736.400908631
 216713.7365298625 5197739.390806045
 216704.14279311645 5197742.38070346
 216694.14695129398 5197743.41143995
 216684.15110948106 5197744.4421764435
 216674.35632018562 5197746.4524934
 216664.76258344098 5197749.442390814
 216654.76735232523 5197750.479900102
 216644.9741058986 5197752.497719719
 216635.58446524377 5197756.474391649
 216625.79121882585 5197758.492211258
 216615.796169533 5197759.53060471
 216606.0029231155 5197761.54842433
 216596.00787382125 5197762.586817782
 216586.416430281 5197765.58406355
 216576.623183864 5197767.601883166
 216566.8299374465 5197769.61970278
 216556.83488815225 5197770.658096232
 216547.24344461202 5197773.655342
 216537.24839530772 5197774.693735459
 216527.656951777 5197777.69098123
 216518.06550823673 5197780.688226999
 216508.070458943 5197781.72662045
 216498.36453595085 5197784.511968938
 216488.19436068516 5197783.772505263
 216478.27320583016 5197785.017478243
 216468.35205097517 5197786.262451223
 216458.80442673643 5197790.484079185
 216448.6036952245 5197789.41790675
 216438.68538381287 5197791.032332428
 216428.58215509492 5197789.652462597
 216418.7254828021 5197792.264986781
 216408.74553229302 5197792.881313963
 216398.76558177092 5197793.497641138
 216388.7239921625 5197793.115869811
 216378.7440416515 5197793.73219699
 216368.76409114152 5197794.34852417
 216358.8431229565 5197795.431549685
 216349.21224872416 5197798.299568694
 216339.39275814363 5197800.1855368465
 216329.3846511815 5197801.08945416
 216319.5651605895 5197802.97542232
 216310.12290273778 5197806.8254921725
 216299.9261794055 5197806.747358641
 216290.1066888135 5197808.633326795
 216280.287198222 5197810.519294955
 216270.84494035013 5197814.369364811
 216260.83683340866 5197815.273282116
 216251.01734281663 5197817.159250276
 216241.19785222373 5197819.045218437
 216231.56697800095 5197821.913237443
 216221.55887103075 5197822.817154753
 216211.5507640785 5197823.721072065
 216201.91988984708 5197826.589091073
 216192.10039926565 5197828.475059226
 216182.0922923035 5197829.378976541
 216172.68986662672 5197833.304938315
 216162.69348273633 5197834.330404296
 216152.69709884602 5197835.355870275
 216142.90125097102 5197837.361022585
 216132.90486708094 5197838.386488565
 216123.3095552215 5197841.371327205
 216113.51370734652 5197843.3764795195
 216103.7178594715 5197845.381631834
 216093.9220115965 5197847.386784146
 216084.12616372202 5197849.391936455
 216074.330315847 5197851.397088764
 216064.534467972 5197853.402241075
 216054.738620097 5197855.407393385
 216044.74223620785 5197856.432859364
 216035.1469243475 5197859.417698005
 216025.3510764725 5197861.42285032
 216015.75576461217 5197864.407688966
 216005.9599167381 5197866.412841275
 215995.963532848 5197867.4383072555
 215986.16768497298 5197869.443459565
 215976.17130108352 5197870.468925544
 215966.77652523838 5197874.433450515
 215956.57960533263 5197874.479230164
 215946.98429347348 5197877.4640688095
 215936.98790958294 5197878.489534794
 215927.39259772352 5197881.474373436
 215917.5967498485 5197883.479525745
 215907.80090197403 5197885.484678054
 215898.00505409902 5197887.489830365
 215888.209206224 5197889.494982675
 215878.21282233455 5197890.520448654
 215868.617510474 5197893.505287295
 215858.8216625995 5197895.51043961
 215849.2415209358 5197898.521314437
 215839.46517442277 5197900.619485117
 215829.6888279089 5197902.717655807
 215819.7026425765 5197903.838090505
 215809.9262960635 5197905.936261196
 215800.1499495505 5197908.034431875
 215790.58344185745 5197911.110338557
 215780.80709534357 5197913.208509248
 215770.820910011 5197914.3289439455
 215761.044563498 5197916.4271146245
 215751.268216985 5197918.525285315
 215741.07219283155 5197918.667984022
 215731.5056851394 5197921.743890704
 215722.14901625479 5197925.797533373
 215712.1628309325 5197926.917968065
 215702.326666935 5197928.560257224
 215692.3399631645 5197929.055251345
 215682.40276393577 5197930.549019364
 215672.46556470604 5197932.042787381
 215662.42935639477 5197931.539007603
 215652.44265262282 5197932.034001724
 215642.50545339505 5197933.527769742
 215632.51874962405 5197934.022763862
 215622.5320458522 5197934.517757982
 215612.49583754176 5197934.013978203
 215602.50913377176 5197934.5089723235
 215592.57193454204 5197936.002740341
 215582.6347353412 5197937.496508365
 215572.64803157022 5197937.991502483
 215562.61182325153 5197937.487722706
 215552.62511946008 5197937.982716831
 215542.68792023137 5197939.47648485
 215532.70121646038 5197939.971478971
 215522.66500814908 5197939.4676991915
 215512.67830437803 5197939.962693312
 215502.6916006062 5197940.457687432
 215492.70489683704 5197940.952681552
 215482.71819306703 5197941.447675672
 215472.78099383734 5197942.941443689
 215462.7447855242 5197942.437663912
 215452.80758629635 5197943.9314319305
 215442.77137798505 5197943.427652151
 215432.7846742122 5197943.922646272
 215422.79797046262 5197944.417640395
 215412.81126669352 5197944.912634516
 215402.82456292352 5197945.407628636
 215392.88736370121 5197946.901396654
 215382.85157222155 5197945.611713868
 215372.8887294866 5197946.460852277
 215363.0108094146 5197948.306378229
 215352.9630440196 5197948.159129088
 215343.00020128558 5197949.008267498
 215333.06667547653 5197949.868536713
 215323.16807133952 5197951.154246327
 215311.65844732264 5197951.666913233
 1 198