371314.444879543,4906990.06513613,25
372250.504181853,4905330.18482599,25
362412.330128189,4889821.32884636,25
362427.705188403,4891690.8003142,25
363047.785194698,4907976.384324,25
353253.57941453,4896112.44073042,25
380778.446145147,4896335.7761,25
333968.253021803,4897879.2157,25
346168.122533861,4892066.78966872,25
360229.987893547,4903150.56552701,25
370945.535334307,4908701.56064252,25
368611.723408272,4897143.71956186,25
374311.010677094,4895255.09905163,25
382450.371371259,4888128.37040586,25
330254.74368983,4905378.02747576,25
365600.040505154,4888334.84141574,25
368832.701299741,4888115.10549133,25
359623.925581429,4909698.72070232,25
359737.309897319,4911035.12842479,25
361439.036975815,4914371.11416592,25
354482.986416595,4888886.1212,25
356103.607957583,4887905.44197153,25
382361.339060131,4895230.74337387,25
373761.399514128,4894727.58875548,25
375494.864119558,4894830.57473862,25
363970.83447011,4885313.19415557,25
365464.5192,4885341.70757299,25
365580.382462417,4886340.98643791,25
384759.297790767,4894678.95898897,25
385568.220630828,4894881.38209555,25
374649.460900136,4885157.91386208,25
382399.898118881,4884984.79684455,25
380062.799970084,4887745.00881593,25
351377.273382224,4911358.52739045,25
346868.710057339,4914676.12667188,25
344007.308243146,4911967.21219295,25
344767.608436254,4916355.76860435,25
333506.452088049,4907705.37247491,25
335068.212003708,4906330.74963247,25
331497.140299965,4912614.69377265,25
321551.765281275,4921819.41400609,25
390405.256832677,4895676.89780405,25
396871.648763542,4887971.04218711,25
380581.687157663,4893905.64017716,25
390769.040112148,4896155.17648314,25
392152.677233752,4894415.06393821,25
354555.688614274,4916086.6739955,25
380929.905150796,4902955.90048768,25
383299.628197649,4902962.94843659,25
366586.845340294,4914783.95657442,25
364176.886497285,4914699.95270119,25
376921.832300239,4892560.07793624,25
354240.0941,4914490.65278117,25
352778.867313003,4909742.26258932,25
353594.419800879,4910291.76864273,25
346419.029991347,4913100.60896613,25
380002.721478292,4889498.86448366,25
365604.299965282,4907099.66645384,25
366601.581827511,4906239.83310486,25
357726.436911591,4888308.31241496,25
356930.4643,4906445.95716556,25
377363.581986912,4894793.93418363,25
376467.039667181,4897067.80114727,25
341410.476022766,4903577.57546251,25
386887.662695035,4884923.0181102,25
353319.896409263,4914507.55446838,25
359186.0414508,4908672.23827773,25
393245.09720814,4884801.5401151,25
388854.093677336,4894979.8409779,25
356025.234406469,4910475.26259228,25
357598.070183387,4909543.07794185,25
355426.739882009,4908080.06768318,25
357571.543088677,4908546.68411533,25
303032.433416659,4917468.84885057,25
304713.456796973,4918985.62981647,25
306363.558586859,4919039.70374447,25
314214.985375863,4914012.01021064,25
343286.019260247,4915594.78943308,25
341431.912342176,4904710.10546607,25
343020.79936057,4904119.99595349,25
351611.393783909,4911356.3992233,25
355778.883929858,4910453.42470113,25
369469.149644094,4888633.70692499,25
360061.141336325,4911192.45218124,25
387963.160039145,4890957.21270898,25
366903.5807,4911092.26279707,25
365841.8886,4909497.41510045,25
359406.354841022,4916626.16365146,25
363052.906193203,4911185.04066914,25
365597.605532841,4913940.98028913,25
364081.960881093,4912927.0605,25
362496.622489654,4912986.1444149,25
362162.029032432,4914355.4160147,25
356061.570920277,4887100.15306022,25
355787.188496598,4888707.45959948,25
382368.8347,4897121.86710444,25
377945.800239414,4894711.36134078,25
377089.9949,4899645.44690008,25
370246.467442959,4898310.59594128,25
375908.011477534,4897977.59749578,25
376974.487408395,4894624.41784846,25
368813.984012066,4886778.93963766,25
368804.656616532,4885849.40143099,25
388584.497603819,4893596.42929859,25
385760.977308632,4893666.1179429,25
384134.790794037,4892765.17592224,25
382532.198210835,4892942.63843339,25
389372.3266306,4892135.48324408,25
379659.605837368,4880250.16057185,25
376632.12319604,4882331.68406104,25
381635.66758867,4887040.21265769,25
380268.237954901,4885054.52519357,25
381344.400340219,4886510.83201712,25
384647.857680648,4887019.31849472,25
354689.36335815,4921357.85971442,25
354708.041521497,4921986.33526211,25
355203.150865986,4917696.0913688,25
356220.800074268,4918073.88004096,25
359137.0936,4917629.01669425,25
356159.093477755,4915751.97412608,25
352354.124487158,4912959.32709919,25
348846.232489875,4913236.50924504,25
349479.596765007,4909787.4565575,25
347952.733861967,4909923.35736487,25
344383.416451788,4911553.69207134,25
337313.149404954,4905269.93106384,25
338279.683330565,4905643.07672315,25
332857.562636053,4906919.23323019,25
332063.843038899,4913087.87289325,25
327577.270721704,4915220.52502803,25
319642.563,4921946.69407527,25
343110.534157695,4906892.49116976,25
347848.854242209,4904268.28444159,25
341064.6264,4908402.69417874,25
324220.106404507,4920143.44408756,25
314349.1447,4913990.62883814,25
317550.722336669,4912429.03340728,25
380905.851464009,4902162.24561466,25
392073.202721279,4887233.56580727,25
400088.180555676,4886450.15047128,25
398496.11053084,4887407.66069469,25
365632.449187869,4911630.90786359,25
352469.746081159,4913786.74045805,25
352907.943855126,4914538.12723772,25
348703.757966661,4916217.95906272,25
349690.948829194,4914406.02924252,25
360697.695023395,4905163.52299914,25
344311.715016923,4913966.05050849,25
320959.222028194,4921670.01058778,25
322570.280711092,4920912.55434455,25
390422.340165892,4896761.08900886,25
366128.635061574,4911106.90736508,25
377859.20733017,4889924.70971762,25
380540.703337731,4891276.4439,25
354532.62776681,4915078.6451,25
386427.540770593,4884919.45691844,25
333408.92290214,4905082.26309683,25
331820.242322486,4904911.59166729,25
335050.81845154,4905833.565,25
335049.286277549,4905280.54763162,25
387219.454596758,4897834.75317609,25
387220.972040495,4897902.12349683,25
341532.016627001,4907237.42848292,25
360840.264960942,4910171.02955282,25
360796.103459644,4908735.55386665,25
360414.897768276,4906371.57389123,25
380741.685109356,4889133.4546628,25
381671.997774729,4889846.22316579,25
353904.1667,4906615.08266742,25
355911.040132723,4906381.65628882,25
380533.685867784,4890917.05633767,25
380046.621901567,4886059.65107509,25
347746.85132392,4916253.13769415,25
348333.318551331,4914620.02885646,25
336672.954844862,4906014.1443,25
396939.993658341,4890892.0591491,25
395274.556286979,4887574.08278265,25
348481.701369046,4914634.18000936,25
384864.151107698,4888736.8752357,25
386264.165209493,4888180.32217857,25
385256.226179461,4888198.0153315,25
387991.024914225,4889749.82239016,25
371505.393171743,4906939.36082434,25
364816.971260724,4891789.5939,25
363140.65391351,4908752.62045762,25
361091.292920043,4919796.56655359,25
360282.25137138,4919584.7746,25
379164.760027892,4896782.6015,25
334753.741988479,4897463.15660129,25
360668.826362022,4903798.01009794,25
370948.738452965,4909350.29614717,25
374571.653273295,4894845.71657307,25
343295.639750343,4917202.0407,25
343094.780080132,4918014.24312057,25
341796.161283138,4919116.26399968,25
343772.189845149,4916384.75606663,25
368028.164723729,4888486.23044596,25
369375.196397703,4888508.26840349,25
353691.635484613,4890352.97281651,25
356923.008557068,4887416.1823603,25
373034.302212704,4912543.47544303,25
367190.925408959,4886374.9322859,25
384509.344000829,4894683.43462661,25
387181.569207899,4895238.03481314,25
382818.385997485,4884998.34720532,25
380867.939363396,4887461.60844101,25
380040.335,4887481.12030286,25
347467.883132191,4914667.76520811,25
347200.61768138,4912273.4677792,25
344884.208615399,4915949.40558678,25
338414.183784014,4911004.59643541,25
317507.008454373,4910910.99397688,25
317980.885625233,4910739.55543835,25
391834.048157268,4894527.26993575,25
392486.169602898,4888620.87403513,25
380341.649,4894739.90855424,25
380759.583824574,4895532.9705,25
373253.289532529,4912521.94803103,25
380523.599065145,4902790.39637372,25
351170.487228012,4908939.74746359,25
349566.526011199,4909183.3318717,25
349386.010618648,4911402.74756799,25
378886.611696815,4889498.9853308,25
365497.000013657,4907177.01704431,25
366216.255867651,4906412.10783192,25
383650.29576489,4889089.54290973,25
356125.275415184,4888863.0812,25
358468.1919,4906413.87692603,25
376950.003615395,4896410.22655624,25
359528.371745469,4907999.55354056,25
359925.181161928,4906580.91887316,25
393303.894172033,4885615.88189813,25
355943.910629009,4907956.33679728,25
312788.889518314,4916380.01873228,25
298959.490907588,4917710.28658962,25
303805.990535306,4917559.04957093,25
309618.62894839,4918266.52272003,25
312738.01268312,4914352.6259754,25
341454.193132089,4904785.4269,25
344646.23628936,4904514.2993,25
369361.514300405,4888490.32700561,25
367433.992572951,4912852.16200098,25
368146.421035613,4912538.69430703,25
365729.429537996,4908856.89845041,25
356084.618148728,4887076.28788546,25
376054.427897473,4898048.728633,25
372749.056580564,4897865.41771575,25
374367.086927291,4898067.92135925,25
368926.736360181,4886892.01460989,25
387381.481980736,4893881.04341926,25
385074.940987309,4893035.73470498,25
380938.001751353,4891488.99847695,25
389268.623200602,4891753.77527566,25
379147.624512971,4880673.4662388,25
375964.412475113,4883057.15221943,25
380028.784943804,4885033.22699698,25
351510.719675836,4921574.36280833,25
353061.030125357,4921118.61050166,25
353029.174512089,4919000.63148121,25
358472.52242304,4917641.64767474,25
356288.6511,4914464.97204984,25
349031.836108892,4909799.31977154,25
344764.864441883,4910743.5812,25
333495.499186253,4907310.53604826,25
334695.438814875,4907697.55320612,25
336420.160965429,4906533.32817058,25
330489.098821049,4913614.06776396,25
327298.220802173,4915507.09412705,25
324998.621913438,4918518.97119086,25
350814.8918796,4905303.04317103,25
343911.18022587,4906717.8416,25
346265.076113207,4905196.74156949,25
351424.996016166,4904923.32836636,25
333632.122413122,4912724.94244443,25
335759.887785147,4911724.82335341,25
327674.242314005,4913515.23859026,25
311186.605783746,4916643.09540129,25
336817.544736958,4911230.32558127,25
341550.540765,4907922.32919839,25
319114.652205506,4910831.83637085,25
314367.356025874,4913945.650839,25
317610.449233599,4912273.08318381,25
322389.000033459,4912102.89850633,25
393057.32492947,4888041.20974901,25
352500.397317177,4914529.54723341,25
349558.386675788,4914591.0586118,25
351301.583741748,4914022.34752027,25
344992.561201238,4914730.3417479,25
344868.671595128,4914313.27083507,25
357527.230744097,4906730.97029761,25
323749.749174012,4920150.22129589,25
378096.928747386,4889930.66884092,25
379353.461878552,4892382.83976103,25
333522.233588157,4905298.15925763,25
339888.590865033,4906136.32263792,25
340196.459072332,4906803.37582507,25
380767.622357747,4889166.8653584,25
353392.177456864,4908117.83642574,25
356180.499401945,4906460.06973695,25
328888.860703635,4914196.21158844,25
324022.383720057,4912401.04443518,25
393683.43788337,4887753.72408099,25
386474.608693567,4888314.9831,25
363997.087912107,4891794.77818328,25
367218.459521128,4888492.81485358,25
335092.43575208,4907252.06340576,25
340013.725665116,4910539.00608996,25
348809.679450127,4911820.9999322,25
378705.740180167,4889029.37521734,25
360080.576714378,4906377.99675439,25
356351.375030911,4908062.81529276,25
310415.597163957,4917268.51910133,25
302977.27294959,4917598.57020295,25
307993.832872787,4918410.618683,25
377549.984267581,4881631.80514062,25
354179.92007808,4920947.88394149,25
353993.695772621,4919334.36251234,25
357834.278395158,4918291.4256,25
339993.259847187,4906575.26143486,25
333855.80346712,4907709.09435779,25
335224.322160488,4912581.38955225,25
326304.362593729,4916875.86729697,25
325720.967914571,4917616.75486653,25
349213.130849135,4904961.10309392,25
346615.999262634,4905002.88523148,25
315960.882885254,4913223.3847,25
320737.764353001,4910827.13427783,25
325633.195271786,4912311.4341744,25
335886.510067909,4906894.93199706,25
299861.804820941,4918411.90378537,25
327265.3092759,4913296.94904704,25
301475.249203647,4919220.30852451,25
299929.25744083,4918489.53464934,25
362415.309220762,4889819.11161047,25
362430.222039948,4891689.38515932,25
363140.136948471,4908750.20792086,25
361093.452599429,4919796.60138625,25
379168.390094355,4896782.6015,25
372187.457830088,4910554.3864,25
334757.381544617,4897460.99253265,25
346168.187688668,4892068.74869474,25
360229.878003481,4903149.86221984,25
366304.409457565,4897153.90196155,25
370948.741310646,4909348.46881266,25
368625.660799137,4897144.086332,25
382448.358618889,4888060.40257235,25
343094.730578727,4918011.81032949,25
343301.706798428,4917202.0407,25
330254.723695638,4905378.02807043,25
368832.588908915,4888115.13710133,25
359629.600958059,4909697.96398912,25
359760.783649219,4911034.1524197,25
362622.676391663,4910691.22518103,25
361438.947874173,4914369.76720431,25
353691.252042647,4890349.82949338,25
356102.644935299,4887905.45023762,25
382359.352136343,4895232.41320561,25
373762.106848266,4894727.56941146,25
375494.53329319,4894824.95069036,25
363974.480400484,4885312.81036977,25
367199.611175038,4886371.13226045,25
384762.712811759,4894678.89756478,25
385569.221567584,4894881.69489024,25
374649.405520504,4885153.29642418,25
351377.135577846,4911357.08047377,25
346868.730031231,4914676.12564505,25
344888.587039543,4915949.25121986,25
333508.430511325,4907704.44920991,25
335068.212003708,4906330.74963247,25
331497.089302355,4912614.34528992,25
321551.765281275,4921819.41400609,25
317507.008454373,4910910.99397688,25
396871.628698842,4887971.04247302,25
380581.172130662,4893905.65627122,25
380341.649,4894737.32721062,25
390769.040112148,4896155.17648314,25
392152.677233752,4894415.06393821,25
354559.867380503,4916086.62378515,25
383301.597213553,4902963.07150009,25
364178.16874242,4914699.90365115,25
376936.051466017,4892559.10978103,25
354240.0941,4914490.2663728,25
352778.99368261,4909739.40313525,25
346424.519520617,4913100.51905369,25
380002.567121093,4889495.37146509,25
357728.933429077,4888306.64808107,25
356930.4643,4906443.09600987,25
376949.876670919,4896411.43770915,25
376427.55805828,4897219.85591121,25
376232.36194271,4897228.36860186,25
353319.906895554,4914507.97042474,25
359929.594682969,4906578.46692543,25
356026.989217338,4910475.30247717,25
357600.995311848,4909543.23128439,25
355944.935645435,4907956.32853095,25
357574.189326717,4908546.67732398,25
298959.29611113,4917705.41664286,25
301475.249203647,4919220.30852451,25
310415.597163957,4917268.51910133,25
314216.857723805,4914012.03304495,25
343289.985126457,4915594.67511419,25
341431.922983425,4904710.26508529,25
344651.007534701,4904514.2993,25
351611.438776324,4911355.21971181,25
369362.351900569,4888491.1646018,25
360061.065614583,4911189.75140507,25
387969.136135546,4890958.06642266,25
367435.661464319,4912852.33131157,25
366903.522010795,4911087.29039738,25
365841.8886,4909494.91078635,25
359415.353483289,4916625.99170354,25
363052.80380668,4911184.42634405,25
364095.566367333,4912927.0605,25
362499.393375076,4912985.79805997,25
362162.000575314,4914354.24212026,25
356086.025084846,4887076.26665066,25
355788.285245488,4888714.0400221,25
382368.8347,4897121.07136203,25
375991.544475156,4897984.90110511,25
372753.753561945,4897863.46063846,25
374370.250483469,4898068.3732877,25
376977.796358391,4894624.55020987,25
368805.698346293,4885848.95497102,25
388583.859798705,4893596.44110954,25
385759.856845933,4893665.71457658,25
382530.354775092,4892942.34348406,25
379659.500987842,4880247.57270621,25
381636.930153584,4887040.29515092,25
380267.684967259,4885052.72623702,25
384647.644903632,4887022.71778707,25
354693.385304782,4921358.39597274,25
354712.69533215,4921982.73231937,25
351513.083690445,4921574.77394334,25
353033.102007629,4919001.24243291,25
355202.898569444,4917693.06390839,25
358473.517510727,4917638.80455173,25
359137.0936,4917626.07168033,25
356032.991506109,4916075.4825,25
355786.682593635,4916112.3217337,25
355781.901145557,4916114.64519471,25
352354.085736998,4912957.83070277,25
348852.049627197,4913236.51516828,25
349479.557322593,4909786.6913796,25
349032.02450604,4909798.38603447,25
344013.384796986,4911967.03905436,25
338279.683330565,4905643.07672315,25
332856.378252359,4906917.33822918,25
335094.355076834,4907252.02107436,25
332066.316380674,4913087.49237791,25
327577.310724663,4915219.12698718,25
324998.601914063,4918518.97139582,25
319642.543,4921946.69491827,25
343114.863613621,4906890.5232492,25
349213.151170546,4904961.18002583,25
311186.605783746,4916643.09540129,25
324220.106404507,4920143.44408756,25
380905.730263071,4902162.24377813,25
392486.169602898,4888620.87403513,25
392073.202721279,4887233.56580727,25
398496.112489288,4887407.66031791,25
365631.92961079,4911630.81508026,25
352470.763858894,4913787.86001272,25
352911.48895241,4914538.01409202,25
348703.757966661,4916217.95906272,25
349559.229338472,4914589.89590029,25
360698.158949982,4905163.43864843,25
344992.581195391,4914730.34123792,25
344311.4854557,4913965.04667703,25
357528.874615092,4906730.14836211,25
320959.222028194,4921670.01058778,25
323749.749174012,4920150.22129589,25
366128.461633657,4911106.2882027,25
379353.505648569,4892382.84175054,25
354537.416000453,4915078.6451,25
386431.794059812,4884919.3751289,25
331820.242322486,4904911.59166729,25
335053.357280363,4905833.565,25
335049.306281648,4905280.54752157,25
393634.539713272,4885894.52147443,25
387216.329863915,4897900.26662282,25
341536.755513291,4907237.64889901,25
360841.963550512,4910171.09246461,25
360797.42929342,4908734.61295298,25
360414.937452865,4906372.60570271,25
380741.618649238,4889133.36905315,25
381670.283901761,4889846.43739744,25
353391.968625842,4908114.49519582,25
380529.255896599,4890917.1120623,25
380043.019385713,4886059.73356745,25
347748.198209773,4916250.44391039,25
348333.33837936,4914620.02368542,25
336675.056870224,4906014.1443,25
328888.448739652,4914196.22087017,25
325633.195271786,4912311.4341744,25
393679.069594269,4887753.86231633,25
348487.375146658,4914634.01323111,25
384865.507639967,4888736.8209744,25
386475.881010841,4888314.9831,25
387990.822216452,4889747.99815006,25
372251.052051005,4905325.47312909,25
371317.917711906,4906985.36658534,25
363049.655643451,4907978.55235198,25
360279.826796919,4919584.7746,25
372187.457830088,4910554.3864,25
333969.174229341,4897879.2157,25
360229.878003481,4903149.86221984,25
365497.202741702,4907175.94102184,25
374571.378855246,4894841.90102573,25
374313.073558969,4895255.11989261,25
374571.39887415,4894841.90064336,25
385073.892026815,4893033.71514758,25
341801.257145954,4919113.35208375,25
343772.189845149,4916384.75606663,25
365613.517076672,4888334.43562058,25
368832.588908915,4888115.13710133,25
367217.718542066,4888492.850575,25
359629.600958059,4909697.96398912,25
361438.967878673,4914369.76677957,25
361438.967878673,4914369.76677957,25
365597.562850221,4913939.14482217,25
354490.734006774,4888886.1212,25
353691.252042647,4890349.82949338,25
356102.644935299,4887905.45023762,25
356968.285810755,4887375.44699455,25
382359.352136343,4895232.41320561,25
355913.692266086,4906381.63412829,25
373762.106848266,4894727.56941146,25
375494.513278661,4894824.9510311,25
365593.694680257,4886343.1345989,25
365464.5392,4885339.73098749,25
365464.5392,4885339.73098749,25
384506.592458186,4894683.51702825,25
387181.512080814,4895238.03692924,25
374649.405520504,4885153.29642418,25
374649.425517377,4885153.29604359,25
374649.405520504,4885153.29642418,25
374649.405520504,4885153.29642418,25
374649.425517377,4885153.29604359,25
386887.660987281,4884922.84226018,25
382817.255547529,4884996.35359475,25
382399.647110766,4884984.74978098,25
380867.925777295,4887460.453576,25
380040.335,4887477.61038091,25
380061.975771148,4887745.02102704,25
351377.135577846,4911357.08047377,25
347474.051711217,4914667.52239879,25
348815.505049932,4911820.85734755,25
344767.608436254,4916355.76860435,25
336421.512615258,4906531.5286853,25
341064.6264,4908403.50496608,25
317980.885625233,4910739.55543835,25
380929.351207658,4902955.96604458,25
391834.046129263,4894527.27231508,25
390408.386813835,4895677.09973452,25
390408.386813835,4895677.09973452,25
390408.386813835,4895677.09973452,25
390408.386813835,4895677.09973452,25
390408.386813835,4895677.09973452,25
390408.386813835,4895677.09973452,25
390408.386813835,4895677.09973452,25
390408.386813835,4895677.09973452,25
390408.386813835,4895677.09973452,25
390408.386813835,4895677.09973452,25
396871.628698842,4887971.04247302,25
380581.172130662,4893905.65627122,25
380341.629,4894737.3275987,25
380756.286109631,4895532.9705,25
373034.185871016,4912543.48634988,25
390769.040112148,4896155.17648314,25
380523.532788646,4902787.70486776,25
380929.351207658,4902955.96604458,25
383301.597213553,4902963.07150009,25
353598.338284796,4910291.54286183,25
351174.446436616,4908939.70200774,25
390425.264778408,4896759.54068951,25
388854.194330006,4894980.92907271,25
364178.16874242,4914699.90365115,25
354240.0941,4914490.2663728,25
354240.0741,4914490.26666101,25
351174.446436616,4908939.70200774,25
351174.446436616,4908939.70200774,25
349571.682191586,4909182.61071675,25
352778.99368261,4909739.40313525,25
353598.338284796,4910291.54286183,25
349386.356765671,4911402.08673838,25
347208.145724264,4912273.22929214,25
380002.567121093,4889495.37146509,25
365604.3937988,4907099.65081512,25
366602.397244657,4906235.95765085,25
366602.397244657,4906235.95765085,25
366602.417896424,4906235.95676133,25
383651.393994151,4889089.60530915,25
389270.053606493,4891756.79667754,25
357728.933429077,4888306.64808107,25
356930.4643,4906443.09600987,25
377363.51589165,4894790.6030446,25
341412.743581296,4903578.38530986,25
341412.743581296,4903578.38530986,25
386887.660987281,4884922.84226018,25
353319.886900542,4914507.97087415,25
353319.906895554,4914507.97042474,25
359929.594682969,4906578.46692543,25
359528.746532092,4908000.9902286,25
360080.420355682,4906379.8622274,25
317550.722336669,4912429.03340728,25
315960.882885254,4913223.3847,25
393327.557673702,4885709.37545309,25
388854.194330006,4894980.92907271,25
356026.989217338,4910475.30247717,25
357600.995311848,4909543.23128439,25
355427.320417961,4908078.74075718,25
303805.990535306,4917559.04957093,25
299927.406095502,4918485.09140401,25
304713.456796973,4918985.62981647,25
309618.62894839,4918266.52272003,25
312738.01268312,4914352.6259754,25
387214.328607473,4897834.97850104,25
396939.993658341,4890892.0591491,25
343019.232336524,4904120.24828213,25
351611.438776324,4911355.21971181,25
368815.714309982,4886779.59880168,25
368150.475897536,4912538.89805009,25
365597.542869613,4913939.14588858,25
365597.562850221,4913939.14482217,25
362161.980578922,4914354.24251148,25
362162.000575314,4914354.24212026,25
356086.025084846,4887076.26665066,25
356061.684591203,4887102.88101873,25
355788.285245488,4888714.0400221,25
376054.205756095,4898048.30812912,25
370256.550004249,4898311.27307359,25
372753.753561945,4897863.46063846,25
375908.402987864,4897977.27624548,25
368926.651549767,4886891.73604124,25
368805.698346293,4885848.95497102,25
387382.42419292,4893881.03233461,25
384135.505027447,4892765.01402877,25
380936.997155292,4891488.11930311,25
389372.307733131,4892134.20766248,25
379659.500987842,4880247.57270621,25
379146.747124413,4880674.14755737,25
376635.538714722,4882328.16504187,25
380027.852283891,4885033.26001148,25
351513.083690445,4921574.77394334,25
351513.083690445,4921574.77394334,25
351513.083690445,4921574.77394334,25
353065.234952266,4921116.78530919,25
353033.102007629,4919001.24243291,25
353993.595030482,4919334.04349385,25
357838.359329543,4918291.4256,25
352354.085736998,4912957.83070277,25
347958.919931624,4909922.05501213,25
344771.384765988,4910743.45748883,25
344383.363180153,4911552.48999975,25
337313.168525613,4905269.91886436,25
337313.168525613,4905269.91886436,25
337313.168525613,4905269.91886436,25
337313.168525613,4905269.91886436,25
333495.499186253,4907310.53604826,25
333855.80346712,4907709.09435779,25
333633.538916656,4912724.8467324,25
327298.220802173,4915507.09412705,25
326304.3010314,4916875.04637978,25
350819.538105182,4905300.52288389,25
346615.976478117,4905002.93730978,25
343916.264869128,4906717.8416,25
346270.974202005,4905197.15576082,25
347851.76111829,4904268.17044523,25
349213.151170546,4904961.18002583,25
349213.151170546,4904961.18002583,25
349213.151170546,4904961.18002583,25
335227.588460765,4912581.19742031,25
338412.726382717,4911004.83933835,25
341558.142511894,4907922.20458255,25
319114.652205506,4910831.83637085,25
314367.356025874,4913945.650839,25
317610.558244518,4912277.33465176,25
322389.002292172,4912102.89839844,25
380905.730263071,4902162.24377813,25
392073.202721279,4887233.56580727,25
400088.180555676,4886450.15047128,25
400088.180555676,4886450.15047128,25
398496.112489288,4887407.66031791,25
352500.341416119,4914528.57271249,25
352911.48895241,4914538.01409202,25
352911.48895241,4914538.01409202,25
348703.757966661,4916217.95906272,25
351306.296781219,4914021.94591533,25
344875.958599804,4914317.12865821,25
358468.1919,4906413.42868833,25
322573.205222912,4920912.29659713,25
390425.264778408,4896759.54068951,25
390425.264778408,4896759.54068951,25
390425.264778408,4896759.54068951,25
390425.264778408,4896759.54068951,25
390425.264778408,4896759.54068951,25
390425.264778408,4896759.54068951,25
390425.264778408,4896759.54068951,25
390425.264778408,4896759.54068951,25
390425.264778408,4896759.54068951,25
377840.461828082,4889924.32217192,25
377840.395663367,4889924.34087848,25
378095.746224907,4889930.44512039,25
333409.557497639,4905082.25490843,25
331820.242322486,4904911.59166729,25
331820.242322486,4904911.59166729,25
331820.242322486,4904911.59166729,25
331820.242322486,4904911.59166729,25
331820.242322486,4904911.59166729,25
335049.306281648,4905280.54752157,25
335049.306281648,4905280.54752157,25
335049.306281648,4905280.54752157,25
387214.328607473,4897834.97850104,25
387216.329863915,4897900.26662282,25
339993.316686255,4906576.05718258,25
360841.963550512,4910171.09246461,25
360797.42929342,4908734.61295298,25
360414.937452865,4906372.60570271,25
353391.968625842,4908114.49519582,25
353904.1667,4906613.37067672,25
356176.722760546,4906456.62152588,25
380529.255896599,4890917.1120623,25
380529.255896599,4890917.1120623,25
380043.019385713,4886059.73356745,25
347748.198209773,4916250.44391039,25
330488.976410603,4913614.06316666,25
324024.8091644,4912400.85494773,25
327265.937393969,4913297.1338868,25
396939.993658341,4890892.0591491,25
393679.069594269,4887753.86231633,25
395278.638467663,4887573.95956036,25
386263.590838808,4888178.51701776,25
385256.275159359,4888196.69286573,25
371507.272857407,4906937.41399544,25
371507.272857407,4906937.41399544,25
364006.078369332,4891795.03502822,25
364821.60019764,4891789.5939,25
360864.787538316,4919792.64197782,25
380775.268809172,4896335.7761,25
380775.268809172,4896335.7761,25
370945.687220544,4908699.73691757,25
370945.667567101,4908699.73140153,25
380537.552643422,4891276.4239,25
333522.253586709,4905298.15896718,25
333522.253586709,4905298.15896718,25
333522.253586709,4905298.15896718,25
354490.734006774,4888886.1212,25
373253.116913924,4912521.78660269,25
387181.512080814,4895238.03692924,25
377551.04854559,4881631.18247153,25
382817.255547529,4884996.35359475,25
380061.975771148,4887745.02102704,25
335886.510067909,4906894.93199706,25
336821.557990004,4911230.04394524,25
341064.6264,4908403.50496608,25
391834.072736897,4894527.27192972,25
393057.465709689,4888040.17256206,25
392486.169602898,4888620.87403513,25
392486.169602898,4888620.87403513,25
380756.286109631,4895532.9705,25
373034.185871016,4912543.48634988,25
373046.209918446,4912542.37920187,25
373167.902445147,4912509.66122159,25
380523.532788646,4902787.70486776,25
351174.446436616,4908939.70200774,25
351174.446436616,4908939.70200774,25
351174.446436616,4908939.70200774,25
365497.222090386,4907175.94634646,25
356124.552359442,4888863.0812,25
356124.552359442,4888863.0812,25
377363.495895125,4894790.60341811,25
359528.746532092,4908000.9902286,25
360080.420355682,4906379.8622274,25
356351.392574778,4908064.14865818,25
393245.09720814,4884801.5401151,25
393245.09720814,4884801.5401151,25
355427.320417961,4908078.74075718,25
356351.392574778,4908064.14865818,25
355944.935645435,4907956.32853095,25
312788.889518314,4916380.01873228,25
306363.558586859,4919039.70374447,25
302977.27294959,4917598.57020295,25
299864.351347876,4918413.11174469,25
303032.433416659,4917468.84885057,25
304713.456796973,4918985.62981647,25
312738.01268312,4914352.6259754,25
341457.442579156,4904785.4269,25
341457.442579156,4904785.4269,25
343019.232336524,4904120.24828213,25
343019.232336524,4904120.24828213,25
368815.714309982,4886779.59880168,25
356061.684591203,4887102.88101873,25
377089.9949,4899645.78130724,25
380936.997155292,4891488.11930311,25
389270.053606493,4891756.79667754,25
375964.949214467,4883056.94135772,25
380267.684967259,4885052.72623702,25
380267.684967259,4885052.72623702,25
380267.684967259,4885052.72623702,25
380267.705740427,4885052.72574769,25
380267.705740427,4885052.72574769,25
353993.595030482,4919334.04349385,25
353993.595030482,4919334.04349385,25
354179.943523461,4920947.15712145,25
357838.359329543,4918291.4256,25
356228.1293625,4918072.88958807,25
356288.6511,4914461.76479277,25
356163.297980722,4915749.8718793,25
339893.411371568,4906136.14736163,25
334695.43514417,4907697.56421828,25
325723.813325199,4917616.94887303,25
351425.031155622,4904923.27005824,25
346615.976478117,4905002.93730978,25
346615.976478117,4905002.93730978,25
346615.976478117,4905002.93730978,25
347851.76111829,4904268.17044523,25
335759.940031484,4911724.35312953,25
312788.889518314,4916380.01873228,25
336821.558465516,4911230.06396106,25
340017.987774307,4910535.63192306,25
314349.1447,4913990.62883814,25
320737.764353001,4910827.13427783,25
393057.465709689,4888040.17256206,25
352500.321419005,4914528.57333596,25
352500.341416119,4914528.57271249,25
349696.25714882,4914404.39591965,25
351306.296781219,4914021.94591533,25
351306.296781219,4914021.94591533,25
351306.296781219,4914021.94591533,25
351306.296781219,4914021.94591533,25
351306.296781219,4914021.94591533,25
351306.296781219,4914021.94591533,25
351306.296781219,4914021.94591533,25
358468.1919,4906413.42868833,25
380537.552643422,4891276.4239,25
380537.552643422,4891276.4239,25
333409.557497639,4905082.25490843,25
333522.253586709,4905298.15896718,25
340196.459072332,4906803.37582507,25
353904.1667,4906613.37067672,25
356176.722760546,4906456.62152588,25
395278.638467663,4887573.95956036,25
364821.60019764,4891789.5939,25
373253.135785541,4912521.77766217,25
377551.04854559,4881631.18247153,25
379146.747124413,4880674.14755737,25
307993.832872787,4918410.618683,25
377090.0149,4899645.78127681,25
356288.6511,4914461.76479277,25
356288.6311,4914461.76537268,25
314349.1447,4913990.62883814,25
335562.673575391,4896900.36716383,50
370943.519359235,4908729.72600458,50
365491.735907968,4907205.06543326,50
356925.712518995,4906131.06091989,50
351426.371970954,4904921.08389638,50
359548.748122641,4906158.8810243,50
390769.058038702,4896155.23660406,25
390406.450237985,4895676.98481728,25
400094.787730559,4886449.88476991,25
360696.959609941,4905163.6668753,25
351422.738035336,4904927.09448618,25
351425.79842417,4904922.01625682,25
351425.79842417,4904922.01625682,25
347848.396897165,4904268.31238389,25
357837.378,4918291.4356,25
352621.3414,4903513.387,25
377090.0049,4899642.447,25
388854.160042333,4894980.60155191,25
345743.3004,4887255.6554,25
372251.247553378,4905323.89222684,25
360080.64857421,4906377.01969027,25
355203.011104723,4917694.29391724,25
382387.092485129,4897429.23266967,25
359528.102078836,4907998.4801978,25
385071.154072054,4893028.59527984,25
359137.1036,4917626.195,25
351172.188679802,4908939.73502962,25
352778.896382116,4909741.83131994,25
356026.978629911,4910475.31223911,25
380938.094898148,4891489.09595856,25
368816.886543335,4886780.0560698,25
352909.111082873,4914538.09998944,25
372092.8336,4901313.3957,25
352469.906789162,4913786.93210278,25
352469.731630429,4913786.73942832,25
362430.006805723,4891689.51565299,25
336819.155215386,4911230.22258868,25
330491.659725896,4913614.17394966,25
343911.14,4906717.8516,25
319114.152534236,4910831.87688109,25
314349.1347,4913991.13,25
312787.792692123,4916380.04709066,25
326304.244947138,4916874.43230311,25
347952.63740971,4909923.38789057,25
349212.80977042,4904959.9267242,25
341553.593709468,4907922.28914905,25
325632.33856162,4912311.50845499,25
341064.6364,4908400.513,25
333630.809929995,4912725.04115067,25
335759.932582717,4911724.51072456,25
343107.299034358,4906893.97265536,25
340015.600510167,4910537.53459431,25
338411.981271221,4911004.97366294,25
327674.680940641,4913515.51587094,25
322389.173928702,4912102.90021106,25
328888.041948894,4914196.24003789,25
335225.274798133,4912581.34353301,25
327266.126090975,4913297.19983971,25
346616.312741128,4905002.14376205,25
317548.053815551,4912431.33391878,25
315957.077,4913223.3947,25
332063.669116869,4913087.90976823,25
320735.403813614,4910826.85859348,25
346265.116828436,4905196.76022375,25
349028.252899564,4909804.02880905,25
341532.622874363,4907237.4666914,25
349569.008530484,4909182.55129675,25
320957.516324542,4921670.11622693,25
327298.297132424,4915507.09091868,25
327577.266947109,4915221.00657165,25
325722.584153289,4917616.87508854,25
344383.362160827,4911552.0200277,25
312737.910411869,4914352.63637802,25
310415.630579818,4917267.88923909,25
344311.728710673,4913966.16526895,25
324998.576297728,4918516.84748776,25
387381.944770181,4893881.0492877,25
375964.319727839,4883057.19939983,25
379659.623311954,4880250.34485494,25
360414.899063615,4906371.86776575,25
336674.25,4906014.1543,25
324021.33238407,4912401.1470194,25
391834.377612333,4894526.89882259,25
393680.651413401,4887753.82226437,25
307991.770399741,4918410.73832984,25
303030.94797628,4917470.88366163,25
353691.159561592,4890348.98878186,25
364820.489,4891789.6039,25
366602.249956042,4906236.68796875,25
354706.349345549,4921987.65797774,25
354690.405958136,4921358.00881593,25
374649.448504605,4885156.0465096,25
395277.203323793,4887574.01288532,25
398494.817642803,4887407.9196105,25
358468.1819,4906410.806,25
352500.329760449,4914528.54413585,25
353993.498386582,4919333.70424493,25
366601.5933,4914779.7272,25
369361.973573303,4888490.80041843,25
353595.331692697,4910291.72611404,25
385758.429014143,4893665.21118573,25
322562.293585176,4920913.35961839,25
323747.644800777,4920159.45047687,25
384135.729062914,4892764.97350089,25
334880.826449799,4901553.83701604,25
382527.286296425,4892941.86265531,25
388583.260543201,4893596.44017413,25
392152.815957962,4894414.99395165,25
376054.411947315,4898048.68144379,25
359926.568616801,4906580.15951009,25
368926.179250919,4886890.52541695,25
357600.930976696,4909543.23849661,25
354534.445,4915078.6551,25
338277.862665304,4905641.74759575,25
339887.587799997,4906136.36911646,25
344765.442,4910743.5912,25
314364.431278054,4913947.67014825,25
317508.356824512,4910910.36113392,25
302975.867234506,4917602.47649767,25
304719.02601307,4918985.43270658,25
311187.716670874,4916643.10132202,25
309617.703618091,4918266.58069251,25
303807.751558866,4917565.92681978,25
317610.447600361,4912272.54018672,25
379143.445745325,4880676.72383838,25
377549.332131354,4881632.19826665,25
340196.226980206,4906802.68818391,25
358473.49884779,4917638.88814572,25
356226.429163603,4918073.12943756,25
364004.876830497,4891795.010706,25
