cat,a_cat,b_cat,to_x,to_y
1,919,1,362415.309220762,4889819.11161047
2,919,1,362430.222039948,4891689.38515932
3,594,1,363140.136948471,4908750.20792086
4,1149,1,361093.452599429,4919796.60138625
5,1856,1,379168.390094355,4896782.6015
6,1399,1,372187.457830088,4910554.3864
7,1255,1,334757.381544617,4897460.99253265
8,927,1,346168.187688668,4892068.74869474
9,1190,1,360229.878003481,4903149.86221984
10,1684,1,366304.409457565,4897153.90196155
11,1562,1,370948.741310646,4909348.46881266
12,1490,1,368625.660799137,4897144.086332
13,1597,1,382448.358618889,4888060.40257235
14,670,1,343094.730578727,4918011.81032949
15,2521,1,343301.706798428,4917202.0407
16,2799,1,330254.723695638,4905378.02807043
17,1697,1,368832.588908915,4888115.13710133
18,1263,1,359629.600958059,4909697.96398912
19,694,1,359760.783649219,4911034.1524197
20,1365,1,362622.676391663,4910691.22518103
21,575,1,361438.947874173,4914369.76720431
22,346,1,353691.252042647,4890349.82949338
23,985,1,356102.644935299,4887905.45023762
24,945,1,382359.352136343,4895232.41320561
25,422,1,373762.106848266,4894727.56941146
26,541,1,375494.53329319,4894824.95069036
27,1120,1,363974.480400484,4885312.81036977
28,727,1,367199.611175038,4886371.13226045
29,1138,1,384762.712811759,4894678.89756478
30,940,1,385569.221567584,4894881.69489024
31,353,1,374649.405520504,4885153.29642418
32,692,1,351377.135577846,4911357.08047377
33,543,1,346868.730031231,4914676.12564505
34,541,1,344888.587039543,4915949.25121986
35,2564,1,333508.430511325,4907704.44920991
36,797,1,335068.212003708,4906330.74963247
37,516,1,331497.089302355,4912614.34528992
38,1747,1,321551.765281275,4921819.41400609
39,1015,1,317507.008454373,4910910.99397688
40,2884,1,396871.628698842,4887971.04247302
41,943,1,380581.172130662,4893905.65627122
42,541,1,380341.649,4894737.32721062
43,3437,1,390769.040112148,4896155.17648314
44,3422,1,392152.677233752,4894415.06393821
45,574,1,354559.867380503,4916086.62378515
46,1326,1,383301.597213553,4902963.07150009
47,1170,1,364178.16874242,4914699.90365115
48,1178,1,376936.051466017,4892559.10978103
49,763,1,354240.0941,4914490.2663728
50,514,1,352778.99368261,4909739.40313525
51,2001,1,346424.519520617,4913100.51905369
52,397,1,380002.567121093,4889495.37146509
53,462,1,357728.933429077,4888306.64808107
54,784,1,356930.4643,4906443.09600987
55,888,1,376949.876670919,4896411.43770915
56,1673,1,376427.55805828,4897219.85591121
57,1673,1,376232.36194271,4897228.36860186
58,763,1,353319.906895554,4914507.97042474
59,1263,1,359929.594682969,4906578.46692543
60,1772,1,356026.989217338,4910475.30247717
61,991,1,357600.995311848,4909543.23128439
62,1772,1,355944.935645435,4907956.32853095
63,991,1,357574.189326717,4908546.67732398
64,3137,1,298959.29611113,4917705.41664286
65,2827,1,301475.249203647,4919220.30852451
66,1686,1,310415.597163957,4917268.51910133
67,1602,1,314216.857723805,4914012.03304495
68,2521,1,343289.985126457,4915594.67511419
69,874,1,341431.922983425,4904710.26508529
70,365,1,344651.007534701,4904514.2993
71,692,1,351611.438776324,4911355.21971181
72,539,1,369362.351900569,4888491.1646018
73,1153,1,360061.065614583,4911189.75140507
74,445,1,387969.136135546,4890958.06642266
75,413,1,367435.661464319,4912852.33131157
76,412,1,366903.522010795,4911087.29039738
77,1562,1,365841.8886,4909494.91078635
78,956,1,359415.353483289,4916625.99170354
79,412,1,363052.80380668,4911184.42634405
80,1170,1,364095.566367333,4912927.0605
81,919,1,362499.393375076,4912985.79805997
82,763,1,362162.000575314,4914354.24212026
83,1772,1,356086.025084846,4887076.26665066
84,1416,1,355788.285245488,4888714.0400221
85,1540,1,382368.8347,4897121.07136203
86,1078,1,375991.544475156,4897984.90110511
87,1404,1,372753.753561945,4897863.46063846
88,1852,1,374370.250483469,4898068.3732877
89,1178,1,376977.796358391,4894624.55020987
90,1697,1,368805.698346293,4885848.95497102
91,437,1,388583.859798705,4893596.44110954
92,940,1,385759.856845933,4893665.71457658
93,1001,1,382530.354775092,4892942.34348406
94,1752,1,379659.500987842,4880247.57270621
95,804,1,381636.930153584,4887040.29515092
96,353,1,380267.684967259,4885052.72623702
97,1776,1,384647.644903632,4887022.71778707
98,574,1,354693.385304782,4921358.39597274
99,574,1,354712.69533215,4921982.73231937
100,1286,1,351513.083690445,4921574.77394334
101,1150,1,353033.102007629,4919001.24243291
102,760,1,355202.898569444,4917693.06390839
103,760,1,358473.517510727,4917638.80455173
104,760,1,359137.0936,4917626.07168033
105,1548,1,356032.991506109,4916075.4825
106,1548,1,355786.682593635,4916112.3217337
107,1548,1,355781.901145557,4916114.64519471
108,393,1,352354.085736998,4912957.83070277
109,1284,1,348852.049627197,4913236.51516828
110,1634,1,349479.557322593,4909786.6913796
111,1634,1,349032.02450604,4909798.38603447
112,924,1,344013.384796986,4911967.03905436
113,2944,1,338279.683330565,4905643.07672315
114,1169,1,332856.378252359,4906917.33822918
115,797,1,335094.355076834,4907252.02107436
116,1758,1,332066.316380674,4913087.49237791
117,2919,1,327577.310724663,4915219.12698718
118,986,1,324998.601914063,4918518.97139582
119,1935,1,319642.543,4921946.69491827
120,2008,1,343114.863613621,4906890.5232492
121,1267,1,349213.151170546,4904961.18002583
122,2835,1,311186.605783746,4916643.09540129
123,678,1,324220.106404507,4920143.44408756
124,943,1,380905.730263071,4902162.24377813
125,2899,1,392486.169602898,4888620.87403513
126,418,1,392073.202721279,4887233.56580727
127,1908,1,398496.112489288,4887407.66031791
128,410,1,365631.92961079,4911630.81508026
129,1153,1,352470.763858894,4913787.86001272
130,1150,1,352911.48895241,4914538.01409202
131,1743,1,348703.757966661,4916217.95906272
132,543,1,349559.229338472,4914589.89590029
133,1320,1,360698.158949982,4905163.43864843
134,543,1,344992.581195391,4914730.34123792
135,545,1,344311.4854557,4913965.04667703
136,991,1,357528.874615092,4906730.14836211
137,1933,1,320959.222028194,4921670.01058778
138,678,1,323749.749174012,4920150.22129589
139,412,1,366128.461633657,4911106.2882027
140,1373,1,379353.505648569,4892382.84175054
141,574,1,354537.416000453,4915078.6451
142,1553,1,386431.794059812,4884919.3751289
143,1295,1,331820.242322486,4904911.59166729
144,797,1,335053.357280363,4905833.565
145,3047,1,335049.306281648,4905280.54752157
146,2903,1,393634.539713272,4885894.52147443
147,1726,1,387216.329863915,4897900.26662282
148,2563,1,341536.755513291,4907237.64889901
149,1149,1,360841.963550512,4910171.09246461
150,1149,1,360797.42929342,4908734.61295298
151,784,1,360414.937452865,4906372.60570271
152,1158,1,380741.618649238,4889133.36905315
153,804,1,381670.283901761,4889846.43739744
154,1072,1,353391.968625842,4908114.49519582
155,561,1,380529.255896599,4890917.1120623
156,561,1,380043.019385713,4886059.73356745
157,2109,1,347748.198209773,4916250.44391039
158,543,1,348333.33837936,4914620.02368542
159,960,1,336675.056870224,4906014.1443
160,206,1,328888.448739652,4914196.22087017
161,3158,1,325633.195271786,4912311.4341744
162,2894,1,393679.069594269,4887753.86231633
163,2533,1,348487.375146658,4914634.01323111
164,997,1,384865.507639967,4888736.8209744
165,940,1,386475.881010841,4888314.9831
166,439,1,387990.822216452,4889747.99815006
167,633,1,372251.052051005,4905325.47312909
168,1207,1,371317.917711906,4906985.36658534
169,405,1,363049.655643451,4907978.55235198
170,1349,1,360279.826796919,4919584.7746
171,1787,1,372187.457830088,4910554.3864
172,1469,1,333969.174229341,4897879.2157
173,434,1,360229.878003481,4903149.86221984
174,1320,1,365497.202741702,4907175.94102184
175,1306,1,374571.378855246,4894841.90102573
176,1852,1,374313.073558969,4895255.11989261
177,541,1,374571.39887415,4894841.90064336
178,1192,1,385073.892026815,4893033.71514758
179,2563,1,341801.257145954,4919113.35208375
180,573,1,343772.189845149,4916384.75606663
181,1297,1,365613.517076672,4888334.43562058
182,918,1,368832.588908915,4888115.13710133
183,727,1,367217.718542066,4888492.850575
184,1664,1,359629.600958059,4909697.96398912
185,763,1,361438.967878673,4914369.76677957
186,576,1,361438.967878673,4914369.76677957
187,576,1,365597.562850221,4913939.14482217
188,1612,1,354490.734006774,4888886.1212
189,930,1,353691.252042647,4890349.82949338
190,1772,1,356102.644935299,4887905.45023762
191,1614,1,356968.285810755,4887375.44699455
192,1329,1,382359.352136343,4895232.41320561
193,1772,1,355913.692266086,4906381.63412829
194,1177,1,373762.106848266,4894727.56941146
195,1306,1,375494.513278661,4894824.9510311
196,1297,1,365593.694680257,4886343.1345989
197,712,1,365464.5392,4885339.73098749
198,913,1,365464.5392,4885339.73098749
199,571,1,384506.592458186,4894683.51702825
200,1726,1,387181.512080814,4895238.03692924
201,1305,1,374649.405520504,4885153.29642418
202,537,1,374649.425517377,4885153.29604359
203,288,1,374649.405520504,4885153.29642418
204,1377,1,374649.405520504,4885153.29642418
205,311,1,374649.425517377,4885153.29604359
206,1342,1,386887.660987281,4884922.84226018
207,271,1,382817.255547529,4884996.35359475
208,1102,1,382399.647110766,4884984.74978098
209,1175,1,380867.925777295,4887460.453576
210,1175,1,380040.335,4887477.61038091
211,561,1,380061.975771148,4887745.02102704
212,1662,1,351377.135577846,4911357.08047377
213,1741,1,347474.051711217,4914667.52239879
214,1284,1,348815.505049932,4911820.85734755
215,573,1,344767.608436254,4916355.76860435
216,1170,1,336421.512615258,4906531.5286853
217,1641,1,341064.6264,4908403.50496608
218,3127,1,317980.885625233,4910739.55543835
219,943,1,380929.351207658,4902955.96604458
220,1422,1,391834.046129263,4894527.27231508
221,1729,1,390408.386813835,4895677.09973452
222,1537,1,390408.386813835,4895677.09973452
223,3873,1,390408.386813835,4895677.09973452
224,2870,1,390408.386813835,4895677.09973452
225,4392,1,390408.386813835,4895677.09973452
226,1885,1,390408.386813835,4895677.09973452
227,1886,1,390408.386813835,4895677.09973452
228,1135,1,390408.386813835,4895677.09973452
229,754,1,390408.386813835,4895677.09973452
230,751,1,390408.386813835,4895677.09973452
231,3914,1,396871.628698842,4887971.04247302
232,561,1,380581.172130662,4893905.65627122
233,1306,1,380341.629,4894737.3275987
234,943,1,380756.286109631,4895532.9705
235,1787,1,373034.185871016,4912543.48634988
236,405,1,390769.040112148,4896155.17648314
237,1126,1,380523.532788646,4902787.70486776
238,561,1,380929.351207658,4902955.96604458
239,563,1,383301.597213553,4902963.07150009
240,1157,1,353598.338284796,4910291.54286183
241,546,1,351174.446436616,4908939.70200774
242,3874,1,390425.264778408,4896759.54068951
243,752,1,388854.194330006,4894980.92907271
244,1561,1,364178.16874242,4914699.90365115
245,576,1,354240.0941,4914490.2663728
246,575,1,354240.0741,4914490.26666101
247,726,1,351174.446436616,4908939.70200774
248,957,1,351174.446436616,4908939.70200774
249,1643,1,349571.682191586,4909182.61071675
250,512,1,352778.99368261,4909739.40313525
251,765,1,353598.338284796,4910291.54286183
252,2004,1,349386.356765671,4911402.08673838
253,1290,1,347208.145724264,4912273.22929214
254,346,1,380002.567121093,4889495.37146509
255,1750,1,365604.3937988,4907099.65081512
256,773,1,366602.397244657,4906235.95765085
257,918,1,366602.397244657,4906235.95765085
258,963,1,366602.417896424,4906235.95676133
259,1779,1,383651.393994151,4889089.60530915
260,440,1,389270.053606493,4891756.79667754
261,1615,1,357728.933429077,4888306.64808107
262,1265,1,356930.4643,4906443.09600987
263,541,1,377363.51589165,4894790.6030446
264,1652,1,341412.743581296,4903578.38530986
265,687,1,341412.743581296,4903578.38530986
266,1393,1,386887.660987281,4884922.84226018
267,575,1,353319.886900542,4914507.97087415
268,576,1,353319.906895554,4914507.97042474
269,1664,1,359929.594682969,4906578.46692543
270,1072,1,359528.746532092,4908000.9902286
271,1265,1,360080.420355682,4906379.8622274
272,1015,1,317550.722336669,4912429.03340728
273,2863,1,315960.882885254,4913223.3847
274,2903,1,393327.557673702,4885709.37545309
275,753,1,388854.194330006,4894980.92907271
276,985,1,356026.989217338,4910475.30247717
277,513,1,357600.995311848,4909543.23128439
278,1847,1,355427.320417961,4908078.74075718
279,1686,1,303805.990535306,4917559.04957093
280,1978,1,299927.406095502,4918485.09140401
281,602,1,304713.456796973,4918985.62981647
282,981,1,309618.62894839,4918266.52272003
283,2463,1,312738.01268312,4914352.6259754
284,565,1,387214.328607473,4897834.97850104
285,2895,1,396939.993658341,4890892.0591491
286,1317,1,343019.232336524,4904120.24828213
287,1662,1,351611.438776324,4911355.21971181
288,918,1,368815.714309982,4886779.59880168
289,776,1,368150.475897536,4912538.89805009
290,575,1,365597.542869613,4913939.14588858
291,763,1,365597.562850221,4913939.14482217
292,575,1,362161.980578922,4914354.24251148
293,576,1,362162.000575314,4914354.24212026
294,985,1,356086.025084846,4887076.26665066
295,461,1,356061.684591203,4887102.88101873
296,1812,1,355788.285245488,4888714.0400221
297,522,1,376054.205756095,4898048.30812912
298,1687,1,370256.550004249,4898311.27307359
299,1177,1,372753.753561945,4897863.46063846
300,1078,1,375908.402987864,4897977.27624548
301,728,1,368926.651549767,4886891.73604124
302,918,1,368805.698346293,4885848.95497102
303,1387,1,387382.42419292,4893881.03233461
304,1193,1,384135.505027447,4892765.01402877
305,426,1,380936.997155292,4891488.11930311
306,1199,1,389372.307733131,4892134.20766248
307,464,1,379659.500987842,4880247.57270621
308,1595,1,379146.747124413,4880674.14755737
309,536,1,376635.538714722,4882328.16504187
310,1146,1,380027.852283891,4885033.26001148
311,957,1,351513.083690445,4921574.77394334
312,2898,1,351513.083690445,4921574.77394334
313,1878,1,351513.083690445,4921574.77394334
314,387,1,353065.234952266,4921116.78530919
315,387,1,353033.102007629,4919001.24243291
316,955,1,353993.595030482,4919334.04349385
317,1546,1,357838.359329543,4918291.4256
318,1746,1,352354.085736998,4912957.83070277
319,2001,1,347958.919931624,4909922.05501213
320,541,1,344771.384765988,4910743.45748883
321,2004,1,344383.363180153,4911552.48999975
322,1466,1,337313.168525613,4905269.91886436
323,3047,1,337313.168525613,4905269.91886436
324,2261,1,337313.168525613,4905269.91886436
325,1843,1,337313.168525613,4905269.91886436
326,2564,1,333495.499186253,4907310.53604826
327,2660,1,333855.80346712,4907709.09435779
328,2564,1,333633.538916656,4912724.8467324
329,560,1,327298.220802173,4915507.09412705
330,1686,1,326304.3010314,4916875.04637978
331,200,1,350819.538105182,4905300.52288389
332,1318,1,346615.976478117,4905002.93730978
333,2009,1,343916.264869128,4906717.8416
334,551,1,346270.974202005,4905197.15576082
335,745,1,347851.76111829,4904268.17044523
336,1120,1,349213.151170546,4904961.18002583
337,1991,1,349213.151170546,4904961.18002583
338,744,1,349213.151170546,4904961.18002583
339,797,1,335227.588460765,4912581.19742031
340,2944,1,338412.726382717,4911004.83933835
341,2563,1,341558.142511894,4907922.20458255
342,1711,1,319114.652205506,4910831.83637085
343,2494,1,314367.356025874,4913945.650839
344,973,1,317610.558244518,4912277.33465176
345,2079,1,322389.002292172,4912102.89839844
346,561,1,380905.730263071,4902162.24377813
347,408,1,392073.202721279,4887233.56580727
348,2419,1,400088.180555676,4886450.15047128
349,3416,1,400088.180555676,4886450.15047128
350,2410,1,398496.112489288,4887407.66031791
351,763,1,352500.341416119,4914528.57271249
352,387,1,352911.48895241,4914538.01409202
353,1550,1,352911.48895241,4914538.01409202
354,2109,1,348703.757966661,4916217.95906272
355,915,1,351306.296781219,4914021.94591533
356,541,1,344875.958599804,4914317.12865821
357,1265,1,358468.1919,4906413.42868833
358,2079,1,322573.205222912,4920912.29659713
359,1885,1,390425.264778408,4896759.54068951
360,4392,1,390425.264778408,4896759.54068951
361,2869,1,390425.264778408,4896759.54068951
362,3873,1,390425.264778408,4896759.54068951
363,1536,1,390425.264778408,4896759.54068951
364,751,1,390425.264778408,4896759.54068951
365,1537,1,390425.264778408,4896759.54068951
366,1729,1,390425.264778408,4896759.54068951
367,1134,1,390425.264778408,4896759.54068951
368,1301,1,377840.461828082,4889924.32217192
369,346,1,377840.395663367,4889924.34087848
370,787,1,378095.746224907,4889930.44512039
371,1653,1,333409.557497639,4905082.25490843
372,1651,1,331820.242322486,4904911.59166729
373,950,1,331820.242322486,4904911.59166729
374,2408,1,331820.242322486,4904911.59166729
375,916,1,331820.242322486,4904911.59166729
376,1695,1,331820.242322486,4904911.59166729
377,2261,1,335049.306281648,4905280.54752157
378,1466,1,335049.306281648,4905280.54752157
379,1843,1,335049.306281648,4905280.54752157
380,1726,1,387214.328607473,4897834.97850104
381,565,1,387216.329863915,4897900.26662282
382,414,1,339993.316686255,4906576.05718258
383,783,1,360841.963550512,4910171.09246461
384,783,1,360797.42929342,4908734.61295298
385,1265,1,360414.937452865,4906372.60570271
386,1847,1,353391.968625842,4908114.49519582
387,1262,1,353904.1667,4906613.37067672
388,784,1,356176.722760546,4906456.62152588
389,426,1,380529.255896599,4890917.1120623
390,397,1,380529.255896599,4890917.1120623
391,1180,1,380043.019385713,4886059.73356745
392,1743,1,347748.198209773,4916250.44391039
393,562,1,330488.976410603,4913614.06316666
394,1616,1,324024.8091644,4912400.85494773
395,560,1,327265.937393969,4913297.1338868
396,1430,1,396939.993658341,4890892.0591491
397,1906,1,393679.069594269,4887753.86231633
398,402,1,395278.638467663,4887573.95956036
399,1158,1,386263.590838808,4888178.51701776
400,1158,1,385256.275159359,4888196.69286573
401,1403,1,371507.272857407,4906937.41399544
402,772,1,371507.272857407,4906937.41399544
403,733,1,364006.078369332,4891795.03502822
404,1697,1,364821.60019764,4891789.5939
405,1547,1,360864.787538316,4919792.64197782
406,943,1,380775.268809172,4896335.7761
407,561,1,380775.268809172,4896335.7761
408,1153,1,370945.687220544,4908699.73691757
409,1320,1,370945.667567101,4908699.73140153
410,426,1,380537.552643422,4891276.4239
411,2261,1,333522.253586709,4905298.15896718
412,1466,1,333522.253586709,4905298.15896718
413,1843,1,333522.253586709,4905298.15896718
414,1217,1,354490.734006774,4888886.1212
415,575,1,373253.116913924,4912521.78660269
416,565,1,387181.512080814,4895238.03692924
417,1407,1,377551.04854559,4881631.18247153
418,430,1,382817.255547529,4884996.35359475
419,1180,1,380061.975771148,4887745.02102704
420,804,1,335886.510067909,4906894.93199706
421,960,1,336821.557990004,4911230.04394524
422,1878,1,341064.6264,4908403.50496608
423,915,1,391834.072736897,4894527.27192972
424,2884,1,393057.465709689,4888040.17256206
425,3911,1,392486.169602898,4888620.87403513
426,3910,1,392486.169602898,4888620.87403513
427,561,1,380756.286109631,4895532.9705
428,1399,1,373034.185871016,4912543.48634988
429,1024,1,373046.209918446,4912542.37920187
430,1024,1,373167.902445147,4912509.66122159
431,941,1,380523.532788646,4902787.70486776
432,1635,1,351174.446436616,4908939.70200774
433,1294,1,351174.446436616,4908939.70200774
434,1286,1,351174.446436616,4908939.70200774
435,1153,1,365497.222090386,4907175.94634646
436,1772,1,356124.552359442,4888863.0812
437,985,1,356124.552359442,4888863.0812
438,1306,1,377363.495895125,4894790.60341811
439,1847,1,359528.746532092,4908000.9902286
440,784,1,360080.420355682,4906379.8622274
441,1847,1,356351.392574778,4908064.14865818
442,3899,1,393245.09720814,4884801.5401151
443,1907,1,393245.09720814,4884801.5401151
444,1072,1,355427.320417961,4908078.74075718
445,1072,1,356351.392574778,4908064.14865818
446,985,1,355944.935645435,4907956.32853095
447,2463,1,312788.889518314,4916380.01873228
448,608,1,306363.558586859,4919039.70374447
449,1686,1,302977.27294959,4917598.57020295
450,972,1,299864.351347876,4918413.11174469
451,223,1,303032.433416659,4917468.84885057
452,2832,1,304713.456796973,4918985.62981647
453,990,1,312738.01268312,4914352.6259754
454,687,1,341457.442579156,4904785.4269
455,1652,1,341457.442579156,4904785.4269
456,1118,1,343019.232336524,4904120.24828213
457,278,1,343019.232336524,4904120.24828213
458,1697,1,368815.714309982,4886779.59880168
459,931,1,356061.684591203,4887102.88101873
460,1853,1,377089.9949,4899645.78130724
461,397,1,380936.997155292,4891488.11930311
462,1391,1,389270.053606493,4891756.79667754
463,917,1,375964.949214467,4883056.94135772
464,1377,1,380267.684967259,4885052.72623702
465,288,1,380267.684967259,4885052.72623702
466,1305,1,380267.684967259,4885052.72623702
467,1768,1,380267.705740427,4885052.72574769
468,1796,1,380267.705740427,4885052.72574769
469,1144,1,353993.595030482,4919334.04349385
470,1147,1,353993.595030482,4919334.04349385
471,1143,1,354179.943523461,4920947.15712145
472,1545,1,357838.359329543,4918291.4256
473,1738,1,356228.1293625,4918072.88958807
474,576,1,356288.6511,4914461.76479277
475,1738,1,356163.297980722,4915749.8718793
476,409,1,339893.411371568,4906136.14736163
477,2660,1,334695.43514417,4907697.56421828
478,2537,1,325723.813325199,4917616.94887303
479,1320,1,351425.031155622,4904923.27005824
480,744,1,346615.976478117,4905002.93730978
481,2381,1,346615.976478117,4905002.93730978
482,1267,1,346615.976478117,4905002.93730978
483,355,1,347851.76111829,4904268.17044523
484,799,1,335759.940031484,4911724.35312953
485,990,1,312788.889518314,4916380.01873228
486,2004,1,336821.558465516,4911230.06396106
487,409,1,340017.987774307,4910535.63192306
488,1678,1,314349.1447,4913990.62883814
489,637,1,320737.764353001,4910827.13427783
490,1414,1,393057.465709689,4888040.17256206
491,575,1,352500.321419005,4914528.57333596
492,576,1,352500.341416119,4914528.57271249
493,2777,1,349696.25714882,4914404.39591965
494,1635,1,351306.296781219,4914021.94591533
495,1294,1,351306.296781219,4914021.94591533
496,927,1,351306.296781219,4914021.94591533
497,546,1,351306.296781219,4914021.94591533
498,1286,1,351306.296781219,4914021.94591533
499,726,1,351306.296781219,4914021.94591533
500,957,1,351306.296781219,4914021.94591533
501,784,1,358468.1919,4906413.42868833
502,561,1,380537.552643422,4891276.4239
503,397,1,380537.552643422,4891276.4239
504,873,1,333409.557497639,4905082.25490843
505,3047,1,333522.253586709,4905298.15896718
506,196,1,340196.459072332,4906803.37582507
507,1663,1,353904.1667,4906613.37067672
508,1265,1,356176.722760546,4906456.62152588
509,377,1,395278.638467663,4887573.95956036
510,918,1,364821.60019764,4891789.5939
511,600,1,373253.135785541,4912521.77766217
512,1144,1,377551.04854559,4881631.18247153
513,1149,1,379146.747124413,4880674.14755737
514,2453,1,307993.832872787,4918410.618683
515,740,1,377090.0149,4899645.78127681
516,763,1,356288.6511,4914461.76479277
517,575,1,356288.6311,4914461.76537268
518,221,1,314349.1447,4913990.62883814
