from_cat,to_x,to_y,dist
691,390769.058038702,4896155.23660406,2.1137936467908
704,390406.450237985,4895676.98481728,0.322486313285135
810,400094.787730559,4886449.88476991,4.17986453962475
822,360696.959609941,4905163.6668753,4.16124664503897
824,351422.738035336,4904927.09448618,4.34451933303612
825,351425.79842417,4904922.01625682,1.06314035946157
826,351425.79842417,4904922.01625682,1.06314035946157
835,347848.396897165,4904268.31238389,0.150499472116764
838,357837.378,4918291.4356,0.0904000010341406
843,352621.3414,4903513.387,6.22500789997143
852,377090.0049,4899642.447,0.848899999633431
882,388854.160042333,4894980.60155191,0.318828748131526
883,345743.3004,4887255.6554,3.81421715589133
884,372251.247553378,4905323.89222684,4.33613441489792
885,360080.64857421,4906377.01969027,0.566405052129878
890,355203.011104723,4917694.29391724,2.02188010941037
892,382387.092485129,4897429.23266967,3.08074731884276
893,359528.102078836,4907998.4801978,0.930201044716543
895,385071.154072054,4893028.59527984,4.51949812196268
897,359137.1036,4917626.195,0.632399999536574
898,351172.188679802,4908939.73502962,1.72017913946298
899,352778.896382116,4909741.83131994,2.24957569832965
900,356026.978629911,4910475.31223911,0.632402395844663
901,380938.094898148,4891489.09595856,2.42934701891843
903,368816.886543335,4886780.0560698,0.953538788946825
904,352909.111082873,4914538.09998944,1.56480693419126
905,372092.8336,4901313.3957,16.9931059331512
907,352469.906789162,4913786.93210278,3.9857441842063
908,352469.731630429,4913786.73942832,2.83856809959124
909,362430.006805723,4891689.51565299,3.00748529348973
7225,336819.155215386,4911230.22258868,1.91109979951226
11597,330491.659725896,4913614.17394966,0.460273927069292
11618,343911.14,4906717.8516,2.57139999978244
11619,319114.152534236,4910831.87688109,0.664352440858755
11620,314349.1347,4913991.13,0.397299999371171
11621,312787.792692123,4916380.04709066,4.88177422606614
11623,326304.244947138,4916874.43230311,1.23941842938147
11629,347952.63740971,4909923.38789057,1.55525344624489
11634,349212.80977042,4904959.9267242,1.12094253203245
11645,341553.593709468,4907922.28914905,2.66650731845692
11647,325632.33856162,4912311.50845499,2.84050018684446
11651,341064.6364,4908400.513,0.429399999789894
11668,333630.809929995,4912725.04115067,4.31767154337818
11672,335759.932582717,4911724.51072456,4.26265348415561
11674,343107.299034358,4906893.97265536,4.64465825243176
11678,340015.600510167,4910537.53459431,2.04528011950092
11679,338411.981271221,4911004.97366294,3.21001371252946
11680,327674.680940641,4913515.51587094,0.666197303882202
11681,322389.173928702,4912102.90021106,0.73204482280593
11687,328888.041948894,4914196.24003789,0.264104898426019
11694,335225.274798133,4912581.34353301,1.99591106139121
11696,327266.126090975,4913297.19983971,1.26426429734536
11699,346616.312741128,4905002.14376205,0.347384391554851
11701,317548.053815551,4912431.33391878,2.67489623934424
11702,315957.077,4913223.3947,4.69470000080764
11705,332063.669116869,4913087.90976823,2.69557695564581
11707,320735.403813614,4910826.85859348,1.21640966382895
11708,346265.116828436,4905196.76022375,1.40299266713476
11709,349028.252899564,4909804.02880905,5.92657282154389
11727,341532.622874363,4907237.4666914,2.41329757393887
11738,349569.008530484,4909182.55129675,0.867995706072261
11739,320957.516324542,4921670.11622693,1.6987672282668
11754,327298.297132424,4915507.09091868,0.644571285261731
11755,327577.266947109,4915221.00657165,0.719241362294367
11757,325722.584153289,4917616.87508854,0.546176585064163
11777,344383.362160827,4911552.0200277,2.98138357510587
11779,312737.910411869,4914352.63637802,0.91162904082661
11780,310415.630579818,4917267.88923909,6.68943103711823
11788,344311.728710673,4913966.16526895,1.39868925663871
11816,324998.576297728,4918516.84748776,0.388352333389078
13550,387381.944770181,4893881.0492877,1.31834024279604
15451,375964.319727839,4883057.19939983,2.14063540907439
15457,379659.623311954,4880250.34485494,0.984495092540196
16591,360414.899063615,4906371.86776575,2.28362354401548
16749,336674.25,4906014.1543,5.99530000053346
16759,324021.33238407,4912401.1470194,0.350427595969388
16913,391834.377612333,4894526.89882259,1.59989234531537
17275,393680.651413401,4887753.82226437,0.0763025478693251
17955,307991.770399741,4918410.73832984,0.576482879549342
17956,303030.94797628,4917470.88366163,0.351436057449011
18292,353691.159561592,4890348.98878186,2.01325250853527
18306,364820.489,4891789.6039,0.114900000393391
18369,366602.249956042,4906236.68796875,1.6551619077927
18537,354706.349345549,4921987.65797774,6.28034592832602
18538,354690.405958136,4921358.00881593,0.855318833129808
18557,374649.448504605,4885156.0465096,3.794768296331
18573,395277.203323793,4887574.01288532,2.62908225727138
18587,398494.817642803,4887407.9196105,0.839732113739666
18590,358468.1819,4906410.806,3.09709999989718
18591,352500.329760449,4914528.54413585,2.90100062991293
18593,353993.498386582,4919333.70424493,0.874190609818517
19790,366601.5933,4914779.7272,2.98047444828622
19884,369361.973573303,4888490.80041843,2.46861928486846
20326,353595.331692697,4910291.72611404,2.38683866003985
21574,385758.429014143,4893665.21118573,4.62030351117735
22515,322562.293585176,4920913.35961839,10.1784583591696
22516,323747.644800777,4920159.45047687,46.698342709784
22944,384135.729062914,4892764.97350089,3.47445807290185
22948,334880.826449799,4901553.83701604,18.433256573997
22954,382527.286296425,4892941.86265531,6.16305923801083
22955,388583.260543201,4893596.44017413,1.63068495999879
22993,392152.815957962,4894414.99395165,2.73784569947016
23018,376054.411947315,4898048.68144379,1.12638649274983
23089,359926.568616801,4906580.15951009,0.0234395731879487
23094,368926.179250919,4886890.52541695,1.40226270445561
23239,357600.930976696,4909543.23849661,2.30267004100426
23240,354534.445,4915078.6551,4.64910000003874
23282,338277.862665304,4905641.74759575,0.36469050926157
23283,339887.587799997,4906136.36911646,1.34300335719538
23284,344765.442,4910743.5912,0.621199999004602
23415,314364.431278054,4913947.67014825,0.545596774205586
23416,317508.356824512,4910910.36113392,5.51777346547859
23418,302975.867234506,4917602.47649767,6.91721350119819
23453,304719.02601307,4918985.43270658,1.61482212335424
23454,311187.716670874,4916643.10132202,6.08071897830437
23455,309617.703618091,4918266.58069251,0.784744399213593
23457,303807.751558866,4917565.92681978,5.82866259725953
23471,317610.447600361,4912272.54018672,0.174496499730646
23668,379143.445745325,4880676.72383838,10.0162895435987
23669,377549.332131354,4881632.19826665,1.57998830013779
23684,340196.226980206,4906802.68818391,1.72109936471665
23872,358473.49884779,4917638.88814572,0.563482299682065
23875,356226.429163603,4918073.12943756,3.14993619643674
24303,364004.876830497,4891795.010706,2.30523415178618
