root,chain
1,[1]
2,[2]
3,[3]
4,[4]
5,[5]
6,[6]
7,[7]
8,[8]
9,[9]
10,[10]
11,"[2448, 11]"
12,[12]
13,[13]
14,[14]
15,[15]
16,[16]
17,[17]
18,[18]
19,[19]
20,[20]
21,[21]
22,[22]
23,[23]
24,[24]
25,[25]
26,[26]
27,[27]
28,[28]
29,[29]
30,[30]
31,[31]
32,[32]
33,[33]
34,[34]
35,[35]
36,[36]
37,[37]
38,[38]
39,[39]
40,[40]
41,[41]
42,[42]
43,[43]
44,[44]
45,[45]
46,[46]
47,"[1839, 3258, 3257, 47]"
48,[48]
49,[49]
50,[50]
51,[51]
52,[52]
53,[53]
54,[54]
55,[55]
56,[56]
57,[57]
58,[58]
59,[59]
60,[60]
61,[61]
62,[62]
63,[63]
64,[64]
65,[65]
66,[66]
67,[67]
68,[68]
69,[69]
70,[70]
71,[71]
72,[72]
73,[73]
74,[74]
75,[75]
76,"[3265, 1848, 76]"
77,[77]
78,[78]
79,[79]
80,[80]
81,[81]
82,[82]
83,[83]
84,[84]
85,[85]
86,[86]
87,[87]
88,[88]
89,[89]
90,[90]
91,[91]
92,[92]
93,[93]
94,[94]
95,[95]
96,[96]
97,[97]
98,[98]
99,[99]
100,[100]
101,[101]
102,[102]
103,[103]
104,[104]
105,[105]
106,[106]
107,[107]
108,[108]
109,[109]
110,[110]
111,[111]
112,[112]
113,[113]
114,[114]
115,[115]
116,[116]
117,[117]
118,[118]
119,[119]
120,[120]
121,[121]
122,[122]
123,[123]
124,[124]
125,"[3274, 125]"
126,[126]
127,[127]
128,[128]
129,"[3276, 129]"
130,"[959, 130]"
131,[131]
132,[132]
133,[133]
134,[134]
135,[135]
136,[136]
137,[137]
138,[138]
139,[139]
140,[140]
141,[141]
142,"[1878, 968, 142]"
143,[143]
144,[144]
145,[145]
146,[146]
147,[147]
148,[148]
149,[149]
150,[150]
151,[151]
152,[152]
153,[153]
154,[154]
155,[155]
156,[156]
157,[157]
158,[158]
159,[159]
160,[160]
161,"[986, 161]"
162,[162]
163,[163]
164,[164]
165,[165]
166,[166]
167,[167]
168,[168]
169,[169]
170,"[1884, 170]"
171,"[996, 171]"
172,[172]
173,[173]
174,[174]
175,"[1781, 175]"
176,"[999, 176]"
177,[177]
178,"[2230, 178]"
179,[179]
180,[180]
181,[181]
182,[182]
183,[183]
184,[184]
185,[185]
186,[186]
187,[187]
188,[188]
189,[189]
190,[190]
191,[191]
192,[192]
193,[193]
194,"[1097, 194]"
195,[195]
196,[196]
197,[197]
198,[198]
199,[199]
200,[200]
201,"[1022, 1890, 201]"
202,[202]
203,[203]
204,[204]
205,[205]
206,[206]
207,[207]
208,[208]
209,[209]
210,[210]
211,[211]
212,[212]
213,[213]
214,[214]
215,[215]
216,[216]
217,"[2455, 2456, 217]"
218,[218]
219,[219]
220,[220]
221,[221]
222,[222]
223,[223]
224,[224]
225,[225]
226,[226]
227,[227]
228,[228]
229,[229]
230,"[3162, 230]"
231,[231]
232,[232]
233,[233]
234,"[1905, 234]"
235,[235]
236,[236]
237,[237]
238,[238]
239,[239]
240,[240]
241,[241]
242,"[3295, 1070, 242]"
243,[243]
244,[244]
245,"[1914, 245]"
246,[246]
247,[247]
248,[248]
249,[249]
250,[250]
251,[251]
252,"[3297, 252]"
253,[253]
254,[254]
255,[255]
256,[256]
257,[257]
258,[258]
259,[259]
260,[260]
261,[261]
262,[262]
263,[263]
264,[264]
265,[265]
266,[266]
267,[267]
268,"[3303, 1934, 268]"
269,[269]
270,[270]
271,"[1784, 271]"
272,[272]
273,[273]
274,[274]
275,[275]
276,[276]
277,[277]
278,[278]
279,[279]
280,[280]
281,[281]
282,[282]
283,[283]
284,[284]
285,[285]
286,[286]
287,[287]
288,[288]
289,[289]
290,[290]
291,[291]
292,[292]
293,"[1117, 293]"
294,[294]
295,[295]
296,[296]
297,[297]
298,[298]
299,[299]
300,"[3306, 300]"
301,[301]
302,[302]
303,[303]
304,[304]
305,[305]
306,[306]
307,"[1124, 307]"
308,"[3133, 308]"
309,[309]
310,[310]
311,[311]
312,[312]
313,[313]
314,"[3308, 314]"
315,"[1133, 315]"
316,"[2754, 3025, 3309, 316]"
317,[317]
318,[318]
319,[319]
320,[320]
321,[321]
322,[322]
323,[323]
324,[324]
325,[325]
326,[326]
327,[327]
328,[328]
329,[329]
330,[330]
331,[331]
332,[332]
333,[333]
334,[334]
335,[335]
336,[336]
337,[337]
338,[338]
339,[339]
340,[340]
341,[341]
342,[342]
343,[343]
344,[344]
345,[345]
346,[346]
347,[347]
348,"[1170, 348]"
349,[349]
350,[350]
351,"[351, 1174]"
352,[352]
353,[353]
354,[354]
355,[355]
356,[356]
357,[357]
358,[358]
359,[359]
360,"[3336, 360]"
361,[361]
362,"[3173, 362]"
363,[363]
364,[364]
365,[365]
366,[366]
367,[367]
368,[368]
369,[369]
370,[370]
371,"[1199, 371]"
372,[372]
373,[373]
374,[374]
375,[375]
376,[376]
377,[377]
378,"[1963, 378]"
379,[379]
380,[380]
381,[381]
382,[382]
383,[383]
384,[384]
385,[385]
386,[386]
387,[387]
388,[388]
389,[389]
390,[390]
391,[391]
392,[392]
393,[393]
394,[394]
395,"[2462, 395]"
396,[396]
397,"[3177, 397]"
398,[398]
399,[399]
400,[400]
401,[401]
402,"[2463, 2269, 3349, 3350, 402]"
403,[403]
404,[404]
405,[405]
406,[406]
407,[407]
408,[408]
409,[409]
410,[410]
411,[411]
412,[412]
413,[413]
414,[414]
415,[415]
416,[416]
417,[417]
418,[418]
419,[419]
420,[420]
421,[421]
422,[422]
423,[423]
424,[424]
425,[425]
426,[426]
427,[427]
428,[428]
429,[429]
430,[430]
431,[431]
432,[432]
433,[433]
434,[434]
435,[435]
436,[436]
437,[437]
438,[438]
439,[439]
440,[440]
441,[441]
442,[442]
443,[443]
444,[444]
445,[445]
446,[446]
447,[447]
448,[448]
449,[449]
450,[450]
451,[451]
452,[452]
453,[453]
454,[454]
455,[455]
456,[456]
457,"[2272, 457]"
458,[458]
459,[459]
460,[460]
461,[461]
462,[462]
463,[463]
464,[464]
465,[465]
466,[466]
467,[467]
468,[468]
469,[469]
470,[470]
471,[471]
472,[472]
473,"[2001, 2002, 473]"
474,[474]
475,[475]
476,[476]
477,[477]
478,[478]
479,[479]
480,"[3378, 480]"
481,[481]
482,[482]
483,[483]
484,"[1463, 1467, 2008, 1307, 484]"
485,[485]
486,"[2218, 486]"
487,[487]
488,[488]
489,[489]
490,[490]
491,[491]
492,[492]
493,[493]
494,[494]
495,"[495, 496]"
496,"[495, 496]"
497,[497]
498,[498]
499,"[2858, 2859, 499]"
500,[500]
501,[501]
502,[502]
503,[503]
504,[504]
505,[505]
506,[506]
507,[507]
508,[508]
509,[509]
510,[510]
511,[511]
512,[512]
513,[513]
514,"[3394, 514]"
515,[515]
516,[516]
517,[517]
518,[518]
519,[519]
520,[520]
521,[521]
522,[522]
523,[523]
524,[524]
525,[525]
526,[526]
527,[527]
528,[528]
529,[529]
530,[530]
531,[531]
532,[532]
533,[533]
534,[534]
535,[535]
536,[536]
537,[537]
538,[538]
539,[539]
540,[540]
541,[541]
542,[542]
543,[543]
544,[544]
545,[545]
546,[546]
547,"[3407, 547]"
548,[548]
549,[549]
550,[550]
551,[551]
552,[552]
553,[553]
554,[554]
555,[555]
556,[556]
557,[557]
558,[558]
559,[559]
560,[560]
561,[561]
562,[562]
563,[563]
564,[564]
565,"[2881, 565]"
566,[566]
567,[567]
568,[568]
569,[569]
570,[570]
571,[571]
572,[572]
573,[573]
574,"[3426, 574]"
575,[575]
576,[576]
577,[577]
578,[578]
579,[579]
580,[580]
581,[581]
582,[582]
583,[583]
584,[584]
585,[585]
586,[586]
587,[587]
588,"[3293, 1419, 588]"
589,[589]
590,[590]
591,"[2453, 591]"
592,[592]
593,[593]
594,[594]
595,[595]
596,"[1426, 596]"
597,[597]
598,[598]
599,[599]
600,[600]
601,[601]
602,[602]
603,[603]
604,[604]
605,[605]
606,"[836, 606]"
607,[607]
608,"[2506, 608]"
609,[609]
610,"[2773, 3087, 610]"
611,[611]
612,[612]
613,"[2780, 3454, 613]"
614,[614]
615,"[3467, 615]"
616,[616]
617,[617]
618,[618]
619,[619]
620,[620]
621,[621]
622,[622]
623,[623]
624,[624]
625,[625]
626,[626]
627,[627]
628,[628]
629,[629]
630,[630]
631,[631]
632,[632]
633,[633]
634,[634]
635,[635]
636,[636]
637,[637]
638,[638]
639,[639]
640,[640]
641,[641]
642,[642]
643,"[1508, 643]"
644,[644]
645,"[2310, 645]"
646,[646]
647,[647]
648,"[2860, 648]"
649,[649]
650,"[2519, 650]"
651,[651]
652,[652]
653,[653]
654,[654]
655,[655]
656,[656]
657,[657]
658,[658]
659,[659]
660,[660]
661,"[2789, 661]"
662,"[1529, 662]"
663,[663]
664,[664]
665,[665]
666,[666]
667,[667]
668,[668]
669,[669]
670,[670]
671,[671]
672,[672]
673,[673]
674,[674]
675,[675]
676,[676]
677,[677]
678,[678]
679,[679]
680,"[2100, 680]"
681,[681]
682,"[2340, 682]"
683,[683]
684,[684]
685,[685]
686,[686]
687,[687]
688,[688]
689,[689]
690,"[2569, 690]"
691,"[2550, 691]"
692,[692]
693,[693]
694,[694]
695,[695]
696,[696]
697,[697]
698,"[2293, 2497, 698]"
699,[699]
700,"[2599, 700]"
701,[701]
702,[702]
703,[703]
704,[704]
705,[705]
706,[706]
707,[707]
708,[708]
709,[709]
710,[710]
711,[711]
712,[712]
713,[713]
714,[714]
715,[715]
716,[716]
717,[717]
718,[718]
719,[719]
720,[720]
721,[721]
722,[722]
723,[723]
724,[724]
725,[725]
726,[726]
727,[727]
728,[728]
729,[729]
730,[730]
731,[731]
732,[732]
733,[733]
734,[734]
735,[735]
736,[736]
737,[737]
738,[738]
739,[739]
740,[740]
741,"[2620, 741]"
742,[742]
743,[743]
744,[744]
745,[745]
746,[746]
747,[747]
748,[748]
749,"[1642, 749]"
750,[750]
751,[751]
752,[752]
753,"[1644, 753]"
754,[754]
755,[755]
756,"[2630, 756]"
757,[757]
758,[758]
759,"[2151, 759]"
760,[760]
761,[761]
762,[762]
763,[763]
764,[764]
765,[765]
766,[766]
767,"[1392, 767]"
768,[768]
769,[769]
770,"[1662, 2639, 770]"
771,[771]
772,[772]
773,[773]
774,[774]
775,[775]
776,[776]
777,[777]
778,"[3541, 1681, 778]"
779,[779]
780,[780]
781,"[1683, 781]"
782,[782]
783,[783]
784,[784]
785,[785]
786,[786]
787,[787]
788,"[2167, 788]"
789,[789]
790,[790]
791,[791]
792,"[2336, 1546, 2095, 792]"
793,[793]
794,[794]
795,[795]
796,[796]
797,[797]
798,[798]
799,[799]
800,[800]
801,[801]
802,[802]
803,[803]
804,[804]
805,[805]
806,[806]
807,[807]
808,[808]
809,[809]
810,[810]
811,[811]
812,[812]
813,[813]
814,[814]
815,"[2648, 815]"
816,[816]
817,[817]
818,[818]
819,[819]
820,[820]
821,"[2441, 2760, 821]"
822,[822]
823,[823]
824,[824]
825,[825]
826,[826]
827,"[827, 1755]"
828,"[2194, 2191, 1684, 2165, 2642, 3612, 1754, 2198, 2196, 828]"
829,"[3583, 2076, 2440, 829]"
830,[830]
831,[831]
832,[832]
833,[833]
834,[834]
835,[835]
836,"[836, 606]"
837,[837]
838,"[1831, 838]"
839,[839]
840,"[1770, 840]"
841,[841]
842,[842]
843,[843]
844,"[2449, 844]"
845,[845]
846,"[3252, 846]"
847,[847]
848,"[848, 849]"
849,"[848, 849]"
850,[850]
851,[851]
852,[852]
853,[853]
854,"[3253, 854]"
855,[855]
856,[856]
857,[857]
858,[858]
859,[859]
860,[860]
861,[861]
862,[862]
863,[863]
864,[864]
865,[865]
866,[866]
867,"[867, 1834, 1835, 868]"
868,"[867, 1834, 1835, 868]"
869,[869]
870,"[1836, 870]"
871,"[3254, 3255, 871]"
872,[872]
873,[873]
874,"[1837, 874]"
875,[875]
876,[876]
877,[877]
878,[878]
879,[879]
880,[880]
881,[881]
882,[882]
883,[883]
884,[884]
885,[885]
886,[886]
887,[887]
888,[888]
889,[889]
890,"[1842, 891, 1841, 890, 2911]"
891,"[1842, 891, 1841, 890, 2911]"
892,[892]
893,[893]
894,[894]
895,[895]
896,[896]
897,"[898, 897]"
898,"[898, 897]"
899,[899]
900,"[1844, 3262, 1845, 3263, 900]"
901,"[1846, 901]"
902,[902]
903,[903]
904,[904]
905,[905]
906,"[3264, 906]"
907,[907]
908,[908]
909,[909]
910,[910]
911,[911]
912,[912]
913,[913]
914,[914]
915,[915]
916,[916]
917,[917]
918,[918]
919,[919]
920,[920]
921,[921]
922,[922]
923,[923]
924,[924]
925,[925]
926,[926]
927,[927]
928,[928]
929,[929]
930,[930]
931,"[3153, 931]"
932,[932]
933,"[1857, 1858, 933, 1856]"
934,[934]
935,[935]
936,"[1859, 936, 1776]"
937,"[1863, 937]"
938,"[938, 1860, 939, 1861]"
939,"[938, 1860, 939, 1861]"
940,[940]
941,"[941, 943]"
942,[942]
943,"[941, 943]"
944,[944]
945,"[946, 945]"
946,"[946, 945]"
947,[947]
948,[948]
949,[949]
950,[950]
951,[951]
952,[952]
953,"[3271, 3272, 1864, 1865, 3273, 953, 3275, 1870, 1871, 960]"
954,[954]
955,[955]
956,[956]
957,[957]
958,[958]
959,"[959, 130]"
960,"[3271, 3272, 1864, 1865, 3273, 953, 3275, 1870, 1871, 960]"
961,"[3278, 961]"
962,[962]
963,[963]
964,[964]
965,"[3285, 965]"
966,[966]
967,[967]
968,"[1878, 968, 142]"
969,[969]
970,[970]
971,[971]
972,"[1880, 972]"
973,[973]
974,[974]
975,[975]
976,[976]
977,"[3281, 1881, 3282, 977, 978]"
978,"[3281, 1881, 3282, 977, 978]"
979,"[979, 3283, 3284, 981]"
980,[980]
981,"[979, 3283, 3284, 981]"
982,"[1882, 982]"
983,[983]
984,[984]
985,[985]
986,"[986, 161]"
987,[987]
988,[988]
989,"[989, 1883]"
990,[990]
991,[991]
992,[992]
993,[993]
994,[994]
995,[995]
996,"[996, 171]"
997,[997]
998,"[3286, 998]"
999,"[999, 176]"
1000,[1000]
1001,[1001]
1002,"[2261, 1002]"
1003,[1003]
1004,[1004]
1005,[1005]
1006,[1006]
1007,[1007]
1008,[1008]
1009,[1009]
1010,[1010]
1011,"[1889, 1011]"
1012,[1012]
1013,[1013]
1014,[1014]
1015,[1015]
1016,[1016]
1017,[1017]
1018,"[1020, 1018]"
1019,[1019]
1020,"[1020, 1018]"
1021,"[3287, 1021]"
1022,"[1022, 1890, 201]"
1023,[1023]
1024,[1024]
1025,[1025]
1026,[1026]
1027,[1027]
1028,[1028]
1029,[1029]
1030,"[1031, 1030]"
1031,"[1031, 1030]"
1032,"[1032, 1034]"
1033,[1033]
1034,"[1032, 1034]"
1035,[1035]
1036,[1036]
1037,[1037]
1038,[1038]
1039,[1039]
1040,[1040]
1041,[1041]
1042,[1042]
1043,[1043]
1044,[1044]
1045,"[1895, 1896, 1898, 1045, 1899]"
1046,[1046]
1047,"[1900, 1903, 1047, 1901]"
1048,[1048]
1049,[1049]
1050,[1050]
1051,[1051]
1052,"[1052, 1907, 1908]"
1053,[1053]
1054,"[1910, 1054]"
1055,[1055]
1056,"[1056, 1909]"
1057,[1057]
1058,"[1058, 1911, 2457, 1060]"
1059,[1059]
1060,"[1058, 1911, 2457, 1060]"
1061,[1061]
1062,[1062]
1063,[1063]
1064,[1064]
1065,"[1912, 1065]"
1066,"[3294, 1913, 1066]"
1067,[1067]
1068,[1068]
1069,"[3296, 1069]"
1070,"[3295, 1070, 242]"
1071,[1071]
1072,[1072]
1073,[1073]
1074,[1074]
1075,[1075]
1076,[1076]
1077,"[1077, 1078]"
1078,"[1077, 1078]"
1079,"[1079, 1919]"
1080,[1080]
1081,[1081]
1082,[1082]
1083,[1083]
1084,[1084]
1085,"[1085, 1924, 1087, 1783]"
1086,[1086]
1087,"[1085, 1924, 1087, 1783]"
1088,[1088]
1089,[1089]
1090,[1090]
1091,"[1091, 1926, 1927, 1931, 1105, 1932]"
1092,[1092]
1093,[1093]
1094,"[1094, 1928]"
1095,[1095]
1096,[1096]
1097,"[1097, 194]"
1098,[1098]
1099,[1099]
1100,[1100]
1101,[1101]
1102,"[2750, 2751, 2311, 2312, 1102]"
1103,"[3301, 1103]"
1104,[1104]
1105,"[1091, 1926, 1927, 1931, 1105, 1932]"
1106,[1106]
1107,"[1107, 1933, 1108, 2460]"
1108,"[1107, 1933, 1108, 2460]"
1109,"[3302, 1109]"
1110,[1110]
1111,[1111]
1112,[1112]
1113,[1113]
1114,"[3304, 1114]"
1115,"[1936, 1115]"
1116,[1116]
1117,"[1117, 293]"
1118,[1118]
1119,[1119]
1120,"[3641, 1120]"
1121,[1121]
1122,"[2918, 1122]"
1123,[1123]
1124,"[1124, 307]"
1125,[1125]
1126,[1126]
1127,[1127]
1128,[1128]
1129,[1129]
1130,[1130]
1131,"[1940, 1131]"
1132,[1132]
1133,"[1133, 315]"
1134,[1134]
1135,[1135]
1136,"[3320, 1136]"
1137,[1137]
1138,"[1788, 1138]"
1139,"[1139, 3311]"
1140,[1140]
1141,[1141]
1142,[1142]
1143,[1143]
1144,[1144]
1145,[1145]
1146,[1146]
1147,"[1147, 1943]"
1148,"[3312, 1148]"
1149,[1149]
1150,"[3314, 3313, 1150]"
1151,"[3315, 1946, 1945, 1151]"
1152,[1152]
1153,"[1944, 1153]"
1154,[1154]
1155,"[2265, 1155]"
1156,[1156]
1157,[1157]
1158,"[3316, 1948, 1158, 1159]"
1159,"[3316, 1948, 1158, 1159]"
1160,[1160]
1161,[1161]
1162,"[1162, 1952]"
1163,[1163]
1164,[1164]
1165,"[1167, 1165]"
1166,[1166]
1167,"[1167, 1165]"
1168,[1168]
1169,[1169]
1170,"[1170, 348]"
1171,[1171]
1172,[1172]
1173,[1173]
1174,"[351, 1174]"
1175,[1175]
1176,"[1955, 1176]"
1177,[1177]
1178,[1178]
1179,[1179]
1180,"[3642, 1186, 1180]"
1181,[1181]
1182,[1182]
1183,[1183]
1184,[1184]
1185,[1185]
1186,"[3642, 1186, 1180]"
1187,[1187]
1188,[1188]
1189,[1189]
1190,[1190]
1191,[1191]
1192,"[3328, 1958, 3329, 1192, 3331, 3332, 3333, 3026]"
1193,"[3330, 1193]"
1194,[1194]
1195,[1195]
1196,"[1196, 1959]"
1197,[1197]
1198,[1198]
1199,"[1199, 371]"
1200,[1200]
1201,"[3334, 1201]"
1202,[1202]
1203,[1203]
1204,[1204]
1205,[1205]
1206,[1206]
1207,[1207]
1208,"[1964, 1208]"
1209,[1209]
1210,[1210]
1211,"[1211, 1792]"
1212,"[1212, 1965]"
1213,[1213]
1214,"[3337, 3338, 1214]"
1215,[1215]
1216,[1216]
1217,[1217]
1218,[1218]
1219,[1219]
1220,"[3341, 1220]"
1221,[1221]
1222,"[3178, 1222]"
1223,[1223]
1224,[1224]
1225,[1225]
1226,"[1794, 1226]"
1227,[1227]
1228,"[1969, 3135, 1228]"
1229,[1229]
1230,[1230]
1231,[1231]
1232,"[1977, 1232]"
1233,[1233]
1234,[1234]
1235,"[1235, 1973]"
1236,"[1236, 1975]"
1237,[1237]
1238,[1238]
1239,[1239]
1240,[1240]
1241,[1241]
1242,[1242]
1243,[1243]
1244,[1244]
1245,[1245]
1246,"[3353, 1246]"
1247,"[2241, 3143, 1247, 1978, 3354, 3355, 1249]"
1248,[1248]
1249,"[2241, 3143, 1247, 1978, 3354, 3355, 1249]"
1250,"[1251, 1250]"
1251,"[1251, 1250]"
1252,[1252]
1253,"[1980, 1253]"
1254,[1254]
1255,[1255]
1256,"[3351, 3352, 1256]"
1257,[1257]
1258,[1258]
1259,[1259]
1260,[1260]
1261,[1261]
1262,[1262]
1263,[1263]
1264,[1264]
1265,"[1983, 3358, 1265]"
1266,[1266]
1267,[1267]
1268,"[1268, 1985]"
1269,"[3360, 3361, 1269]"
1270,[1270]
1271,[1271]
1272,[1272]
1273,[1273]
1274,[1274]
1275,"[3013, 1987, 1275]"
1276,[1276]
1277,[1277]
1278,[1278]
1279,[1279]
1280,"[3524, 3525, 3362, 1280, 3604, 2210]"
1281,[1281]
1282,[1282]
1283,"[2098, 3494, 1283]"
1284,[1284]
1285,"[3363, 1285]"
1286,"[3364, 1286]"
1287,[1287]
1288,[1288]
1289,[1289]
1290,[1290]
1291,[1291]
1292,"[3368, 1292]"
1293,"[1997, 3367, 1293]"
1294,[1294]
1295,[1295]
1296,[1296]
1297,"[2064, 3462, 1297]"
1298,"[3380, 3381, 1298, 1473]"
1299,[1299]
1300,"[1300, 1797]"
1301,[1301]
1302,[1302]
1303,"[3384, 1303, 2006, 1304]"
1304,"[3384, 1303, 2006, 1304]"
1305,"[2007, 1305, 2004]"
1306,[1306]
1307,"[1463, 1467, 2008, 1307, 484]"
1308,"[3015, 2502, 1308]"
1309,"[2756, 2757, 2711, 3048, 2298, 1309]"
1310,[1310]
1311,[1311]
1312,[1312]
1313,[1313]
1314,[1314]
1315,[1315]
1316,[1316]
1317,[1317]
1318,[1318]
1319,[1319]
1320,"[3387, 3388, 2009, 3389, 2278, 3391, 2010, 1320, 3392, 3393, 3390]"
1321,[1321]
1322,[1322]
1323,"[3100, 1323]"
1324,[1324]
1325,[1325]
1326,[1326]
1327,"[2480, 1327]"
1328,"[3395, 2046, 1415, 1328]"
1329,"[2479, 1329]"
1330,"[2279, 1330]"
1331,[1331]
1332,"[3191, 1332]"
1333,[1333]
1334,[1334]
1335,[1335]
1336,"[2244, 2013, 2014, 2015, 1336]"
1337,[1337]
1338,"[1338, 1700]"
1339,[1339]
1340,"[1340, 2018, 2019]"
1341,[1341]
1342,[1342]
1343,[1343]
1344,"[3014, 2485, 1344]"
1345,[1345]
1346,[1346]
1347,"[1347, 1348]"
1348,"[1347, 1348]"
1349,"[2034, 1349]"
1350,"[3140, 1350]"
1351,[1351]
1352,[1352]
1353,[1353]
1354,"[2027, 1354, 1358, 2028]"
1355,[1355]
1356,[1356]
1357,[1357]
1358,"[2027, 1354, 1358, 2028]"
1359,"[3408, 1359]"
1360,[1360]
1361,"[2030, 1361]"
1362,"[1363, 1362]"
1363,"[1363, 1362]"
1364,"[2031, 1364]"
1365,[1365]
1366,"[1366, 2032, 1368]"
1367,[1367]
1368,"[1366, 2032, 1368]"
1369,[1369]
1370,[1370]
1371,[1371]
1372,[1372]
1373,"[3409, 2487, 2488, 3411, 3412, 2285, 1373]"
1374,[1374]
1375,[1375]
1376,[1376]
1377,[1377]
1378,"[3590, 1378]"
1379,[1379]
1380,"[2035, 3418, 1380, 3419]"
1381,"[3420, 1381]"
1382,"[2036, 1382]"
1383,"[3199, 1383]"
1384,[1384]
1385,[1385]
1386,[1386]
1387,[1387]
1388,[1388]
1389,"[3423, 1389]"
1390,"[1390, 1668]"
1391,"[1391, 2039]"
1392,"[1392, 767]"
1393,[1393]
1394,[1394]
1395,[1395]
1396,[1396]
1397,[1397]
1398,"[2041, 1398]"
1399,[1399]
1400,[1400]
1401,[1401]
1402,"[2042, 1402]"
1403,[1403]
1404,"[2043, 1407, 1408, 1404]"
1405,[1405]
1406,[1406]
1407,"[2043, 1407, 1408, 1404]"
1408,"[2043, 1407, 1408, 1404]"
1409,"[2044, 1409]"
1410,"[2286, 1410]"
1411,[1411]
1412,[1412]
1413,[1413]
1414,[1414]
1415,"[3395, 2046, 1415, 1328]"
1416,"[1416, 3431]"
1417,[1417]
1418,[1418]
1419,"[3293, 1419, 588]"
1420,[1420]
1421,"[3432, 1421]"
1422,"[2454, 1891, 1422]"
1423,[1423]
1424,"[2047, 3433, 1424]"
1425,[1425]
1426,"[1426, 596]"
1427,[1427]
1428,[1428]
1429,[1429]
1430,"[1805, 1430]"
1431,"[2294, 1431]"
1432,"[2115, 2116, 1432, 2050]"
1433,"[1586, 1433]"
1434,[1434]
1435,"[3437, 1435]"
1436,[1436]
1437,[1437]
1438,"[2054, 1438]"
1439,[1439]
1440,[1440]
1441,[1441]
1442,[1442]
1443,[1443]
1444,"[1446, 3401, 3402, 1444]"
1445,[1445]
1446,"[1446, 3401, 3402, 1444]"
1447,[1447]
1448,[1448]
1449,[1449]
1450,"[2057, 1450, 1451]"
1451,"[2057, 1450, 1451]"
1452,"[1452, 2301, 2770, 3029]"
1453,"[2079, 2523, 1453]"
1454,"[2060, 1454, 1457]"
1455,[1455]
1456,[1456]
1457,"[2060, 1454, 1457]"
1458,[1458]
1459,[1459]
1460,[1460]
1461,"[3453, 3455, 3456, 1461]"
1462,[1462]
1463,"[1463, 1467, 2008, 1307, 484]"
1464,[1464]
1465,[1465]
1466,"[1466, 2511, 3465, 1470]"
1467,"[1463, 1467, 2008, 1307, 484]"
1468,[1468]
1469,[1469]
1470,"[1466, 2511, 3465, 1470]"
1471,[1471]
1472,[1472]
1473,"[3380, 3381, 1298, 1473]"
1474,"[2276, 1474]"
1475,[1475]
1476,[1476]
1477,[1477]
1478,[1478]
1479,"[1479, 2927]"
1480,[1480]
1481,[1481]
1482,"[3473, 1482]"
1483,[1483]
1484,"[3471, 3472, 1484, 1485]"
1485,"[3471, 3472, 1484, 1485]"
1486,[1486]
1487,[1487]
1488,[1488]
1489,[1489]
1490,"[3479, 1490]"
1491,[1491]
1492,"[3474, 3475, 2067, 1492]"
1493,"[1493, 2068, 3476, 2070]"
1494,[1494]
1495,[1495]
1496,[1496]
1497,[1497]
1498,[1498]
1499,[1499]
1500,[1500]
1501,"[2071, 1501]"
1502,[1502]
1503,[1503]
1504,[1504]
1505,"[3477, 1505]"
1506,[1506]
1507,[1507]
1508,"[1508, 643]"
1509,[1509]
1510,[1510]
1511,[1511]
1512,"[2675, 2514, 2515, 3483, 1512]"
1513,[1513]
1514,[1514]
1515,[1515]
1516,[1516]
1517,[1517]
1518,"[2748, 1518]"
1519,[1519]
1520,"[2768, 1520]"
1521,[1521]
1522,"[2317, 1522]"
1523,[1523]
1524,[1524]
1525,[1525]
1526,[1526]
1527,"[2790, 2791, 1527]"
1528,"[3490, 2786, 1528]"
1529,"[1529, 662]"
1530,[1530]
1531,[1531]
1532,[1532]
1533,[1533]
1534,[1534]
1535,[1535]
1536,"[2088, 2171, 2331, 2332, 2090, 2091, 1536]"
1537,[1537]
1538,[1538]
1539,[1539]
1540,[1540]
1541,"[1541, 2094, 1698]"
1542,[1542]
1543,[1543]
1544,"[2172, 1544, 1697]"
1545,[1545]
1546,"[2336, 1546, 2095, 792]"
1547,[1547]
1548,"[2089, 1548]"
1549,[1549]
1550,"[1550, 2930]"
1551,"[2209, 1551]"
1552,[1552]
1553,[1553]
1554,[1554]
1555,[1555]
1556,"[2540, 3052, 2339, 1556]"
1557,"[3042, 1557]"
1558,[1558]
1559,[1559]
1560,[1560]
1561,[1561]
1562,[1562]
1563,[1563]
1564,[1564]
1565,[1565]
1566,[1566]
1567,"[2104, 1567]"
1568,[1568]
1569,"[1813, 1569]"
1570,"[1570, 2105]"
1571,[1571]
1572,[1572]
1573,"[3603, 1573]"
1574,[1574]
1575,[1575]
1576,[1576]
1577,"[1577, 1579]"
1578,[1578]
1579,"[1577, 1579]"
1580,[1580]
1581,"[2343, 2344, 1581]"
1582,[1582]
1583,[1583]
1584,"[2795, 2567, 1584]"
1585,"[2561, 2562, 1585]"
1586,"[1586, 1433]"
1587,"[3468, 3469, 1587]"
1588,[1588]
1589,"[3510, 2368, 1589]"
1590,"[1590, 3499, 3500]"
1591,[1591]
1592,[1592]
1593,[1593]
1594,"[2128, 2118, 1594, 2124]"
1595,"[2596, 1595]"
1596,"[2360, 1596]"
1597,[1597]
1598,[1598]
1599,"[1599, 2803]"
1600,[1600]
1601,[1601]
1602,"[1820, 1602]"
1603,[1603]
1604,[1604]
1605,[1605]
1606,"[1606, 2130, 2131, 2932]"
1607,[1607]
1608,"[1608, 2132]"
1609,"[1609, 2133]"
1610,"[2136, 1610]"
1611,"[1611, 2138, 2139, 2140]"
1612,[1612]
1613,"[2141, 2142, 1613]"
1614,[1614]
1615,[1615]
1616,"[1616, 3513, 3514]"
1617,[1617]
1618,[1618]
1619,[1619]
1620,[1620]
1621,"[2615, 1621]"
1622,[1622]
1623,[1623]
1624,[1624]
1625,[1625]
1626,[1626]
1627,[1627]
1628,[1628]
1629,[1629]
1630,[1630]
1631,[1631]
1632,[1632]
1633,[1633]
1634,"[3359, 1634]"
1635,[1635]
1636,[1636]
1637,[1637]
1638,[1638]
1639,[1639]
1640,[1640]
1641,[1641]
1642,"[1642, 749]"
1643,[1643]
1644,"[1644, 753]"
1645,"[2629, 3528, 2225, 1645]"
1646,[1646]
1647,[1647]
1648,[1648]
1649,[1649]
1650,"[1669, 2223, 3622, 1650]"
1651,[1651]
1652,[1652]
1653,[1653]
1654,[1654]
1655,[1655]
1656,"[3109, 2226, 2227, 2155, 1656]"
1657,[1657]
1658,"[3529, 2149, 1658, 3063, 2635]"
1659,[1659]
1660,[1660]
1661,"[2489, 1661]"
1662,"[1662, 2639, 770]"
1663,"[2744, 1663]"
1664,[1664]
1665,"[1766, 1665]"
1666,[1666]
1667,[1667]
1668,"[1390, 1668]"
1669,"[1669, 2223, 3622, 1650]"
1670,[1670]
1671,"[3534, 1671]"
1672,[1672]
1673,[1673]
1674,[1674]
1675,[1675]
1676,[1676]
1677,"[1677, 2163]"
1678,[1678]
1679,"[1679, 1811]"
1680,[1680]
1681,"[3541, 1681, 778]"
1682,[1682]
1683,"[1683, 781]"
1684,"[2194, 2191, 1684, 2165, 2642, 3612, 1754, 2198, 2196, 828]"
1685,[1685]
1686,[1686]
1687,[1687]
1688,"[1688, 1689]"
1689,"[1688, 1689]"
1690,[1690]
1691,[1691]
1692,"[2020, 2021, 2085, 2086, 2087, 1692]"
1693,"[2168, 2169, 1693]"
1694,"[2643, 2644, 2170, 1694]"
1695,[1695]
1696,[1696]
1697,"[2172, 1544, 1697]"
1698,"[1541, 2094, 1698]"
1699,"[2092, 2093, 1699]"
1700,"[1338, 1700]"
1701,[1701]
1702,[1702]
1703,"[2427, 1703]"
1704,[1704]
1705,[1705]
1706,"[2175, 3544, 3545, 2177, 1706]"
1707,[1707]
1708,"[2178, 1708]"
1709,[1709]
1710,[1710]
1711,"[1711, 2180]"
1712,[1712]
1713,[1713]
1714,[1714]
1715,"[1825, 1715]"
1716,[1716]
1717,"[3547, 3551, 3039, 2181, 2182, 1717, 1718, 3553, 2841, 2842, 3557, 1726, 2934]"
1718,"[3547, 3551, 3039, 2181, 2182, 1717, 1718, 3553, 2841, 2842, 3557, 1726, 2934]"
1719,"[3556, 1719]"
1720,[1720]
1721,"[1826, 1721]"
1722,"[1827, 1722]"
1723,[1723]
1724,[1724]
1725,"[3558, 2183, 2184, 1725, 2185]"
1726,"[3547, 3551, 3039, 2181, 2182, 1717, 1718, 3553, 2841, 2842, 3557, 1726, 2934]"
1727,[1727]
1728,[1728]
1729,"[2186, 3561, 2187, 1729]"
1730,"[3587, 1730, 3562, 2083, 3492, 3536, 3540, 3573, 3576, 2190, 3577, 2164, 3543, 2166]"
1731,[1731]
1732,"[3535, 1732, 1742]"
1733,[1733]
1734,"[1734, 3571]"
1735,"[1735, 3574]"
1736,[1736]
1737,"[3581, 1737]"
1738,[1738]
1739,[1739]
1740,[1740]
1741,"[1768, 2229, 1741]"
1742,"[3535, 1732, 1742]"
1743,"[3584, 2518, 2199, 1743]"
1744,"[2651, 2652, 2653, 1744]"
1745,"[2660, 1745]"
1746,"[1748, 1746]"
1747,"[1747, 2668]"
1748,"[1748, 1746]"
1749,"[3040, 3484, 1749]"
1750,[1750]
1751,"[1751, 2676, 2677]"
1752,[1752]
1753,"[1753, 3624, 2649, 2688]"
1754,"[2194, 2191, 1684, 2165, 2642, 3612, 1754, 2198, 2196, 828]"
1755,"[827, 1755]"
1756,"[2193, 3614, 2433, 3058, 1756]"
1757,"[1757, 3613]"
1758,[1758]
1759,[1759]
1760,[1760]
1761,"[3043, 3619, 2530, 1761, 2864, 2865, 2897, 2898, 3091, 3488]"
1762,[1762]
1763,"[2555, 2575, 2576, 2577, 1763]"
1764,[1764]
1765,"[2423, 2424, 2425, 2253, 2156, 2161, 3623, 1765, 2152]"
1766,"[1766, 1665]"
1767,"[1767, 2228]"
1768,"[1768, 2229, 1741]"
1769,[1769]
1770,"[1770, 840]"
1771,"[2909, 1771]"
1772,[1772]
1773,[1773]
1774,[1774]
1775,[1775]
1776,"[1859, 936, 1776]"
1777,"[3269, 3270, 1777]"
1778,[1778]
1779,[1779]
1780,[1780]
1781,"[1781, 175]"
1782,[1782]
1783,"[1085, 1924, 1087, 1783]"
1784,"[1784, 271]"
1785,[1785]
1786,[1786]
1787,[1787]
1788,"[1788, 1138]"
1789,[1789]
1790,[1790]
1791,"[3325, 1791]"
1792,"[1211, 1792]"
1793,[1793]
1794,"[1794, 1226]"
1795,[1795]
1796,[1796]
1797,"[1300, 1797]"
1798,[1798]
1799,[1799]
1800,[1800]
1801,[1801]
1802,[1802]
1803,[1803]
1804,[1804]
1805,"[1805, 1430]"
1806,[1806]
1807,[1807]
1808,[1808]
1809,[1809]
1810,[1810]
1811,"[1679, 1811]"
1812,[1812]
1813,"[1813, 1569]"
1814,[1814]
1815,[1815]
1816,[1816]
1817,"[2557, 1817]"
1818,"[2583, 2348, 2349, 1818]"
1819,[1819]
1820,"[1820, 1602]"
1821,[1821]
1822,[1822]
1823,"[2426, 1823]"
1824,[1824]
1825,"[1825, 1715]"
1826,"[1826, 1721]"
1827,"[1827, 1722]"
1828,[1828]
1829,[1829]
1830,[1830]
1831,"[1831, 838]"
1832,[1832]
1833,"[3010, 1833]"
1834,"[867, 1834, 1835, 868]"
1835,"[867, 1834, 1835, 868]"
1836,"[1836, 870]"
1837,"[1837, 874]"
1838,"[3256, 1838]"
1839,"[1839, 3258, 3257, 47]"
1840,[1840]
1841,"[1842, 891, 1841, 890, 2911]"
1842,"[1842, 891, 1841, 890, 2911]"
1843,"[1970, 1843]"
1844,"[1844, 3262, 1845, 3263, 900]"
1845,"[1844, 3262, 1845, 3263, 900]"
1846,"[1846, 901]"
1847,[1847]
1848,"[3265, 1848, 76]"
1849,[1849]
1850,[1850]
1851,[1851]
1852,"[3267, 1852]"
1853,[1853]
1854,"[1854, 1855]"
1855,"[1854, 1855]"
1856,"[1857, 1858, 933, 1856]"
1857,"[1857, 1858, 933, 1856]"
1858,"[1857, 1858, 933, 1856]"
1859,"[1859, 936, 1776]"
1860,"[938, 1860, 939, 1861]"
1861,"[938, 1860, 939, 1861]"
1862,"[3268, 1862]"
1863,"[1863, 937]"
1864,"[3271, 3272, 1864, 1865, 3273, 953, 3275, 1870, 1871, 960]"
1865,"[3271, 3272, 1864, 1865, 3273, 953, 3275, 1870, 1871, 960]"
1866,[1866]
1867,[1867]
1868,[1868]
1869,[1869]
1870,"[3271, 3272, 1864, 1865, 3273, 953, 3275, 1870, 1871, 960]"
1871,"[3271, 3272, 1864, 1865, 3273, 953, 3275, 1870, 1871, 960]"
1872,"[1874, 1875, 1872]"
1873,[1873]
1874,"[1874, 1875, 1872]"
1875,"[1874, 1875, 1872]"
1876,[1876]
1877,"[1877, 3279]"
1878,"[1878, 968, 142]"
1879,[1879]
1880,"[1880, 972]"
1881,"[3281, 1881, 3282, 977, 978]"
1882,"[1882, 982]"
1883,"[989, 1883]"
1884,"[1884, 170]"
1885,[1885]
1886,"[1886, 1887]"
1887,"[1886, 1887]"
1888,[1888]
1889,"[1889, 1011]"
1890,"[1022, 1890, 201]"
1891,"[2454, 1891, 1422]"
1892,[1892]
1893,[1893]
1894,[1894]
1895,"[1895, 1896, 1898, 1045, 1899]"
1896,"[1895, 1896, 1898, 1045, 1899]"
1897,[1897]
1898,"[1895, 1896, 1898, 1045, 1899]"
1899,"[1895, 1896, 1898, 1045, 1899]"
1900,"[1900, 1903, 1047, 1901]"
1901,"[1900, 1903, 1047, 1901]"
1902,[1902]
1903,"[1900, 1903, 1047, 1901]"
1904,[1904]
1905,"[1905, 234]"
1906,[1906]
1907,"[1052, 1907, 1908]"
1908,"[1052, 1907, 1908]"
1909,"[1056, 1909]"
1910,"[1910, 1054]"
1911,"[1058, 1911, 2457, 1060]"
1912,"[1912, 1065]"
1913,"[3294, 1913, 1066]"
1914,"[1914, 245]"
1915,[1915]
1916,[1916]
1917,"[1917, 1918]"
1918,"[1917, 1918]"
1919,"[1079, 1919]"
1920,[1920]
1921,[1921]
1922,"[1922, 1923]"
1923,"[1922, 1923]"
1924,"[1085, 1924, 1087, 1783]"
1925,[1925]
1926,"[1091, 1926, 1927, 1931, 1105, 1932]"
1927,"[1091, 1926, 1927, 1931, 1105, 1932]"
1928,"[1094, 1928]"
1929,"[1930, 1929]"
1930,"[1930, 1929]"
1931,"[1091, 1926, 1927, 1931, 1105, 1932]"
1932,"[1091, 1926, 1927, 1931, 1105, 1932]"
1933,"[1107, 1933, 1108, 2460]"
1934,"[3303, 1934, 268]"
1935,[1935]
1936,"[1936, 1115]"
1937,[1937]
1938,[1938]
1939,"[1939, 3305]"
1940,"[1940, 1131]"
1941,[1941]
1942,[1942]
1943,"[1147, 1943]"
1944,"[1944, 1153]"
1945,"[3315, 1946, 1945, 1151]"
1946,"[3315, 1946, 1945, 1151]"
1947,[1947]
1948,"[3316, 1948, 1158, 1159]"
1949,[1949]
1950,[1950]
1951,[1951]
1952,"[1162, 1952]"
1953,"[3322, 1953]"
1954,[1954]
1955,"[1955, 1176]"
1956,"[3324, 1956]"
1957,[1957]
1958,"[3328, 1958, 3329, 1192, 3331, 3332, 3333, 3026]"
1959,"[1196, 1959]"
1960,[1960]
1961,[1961]
1962,[1962]
1963,"[1963, 378]"
1964,"[1964, 1208]"
1965,"[1212, 1965]"
1966,[1966]
1967,[1967]
1968,"[1968, 3136]"
1969,"[1969, 3135, 1228]"
1970,"[1970, 1843]"
1971,[1971]
1972,"[1972, 3344, 1976, 3345, 3346, 3347]"
1973,"[1235, 1973]"
1974,[1974]
1975,"[1236, 1975]"
1976,"[1972, 3344, 1976, 3345, 3346, 3347]"
1977,"[1977, 1232]"
1978,"[2241, 3143, 1247, 1978, 3354, 3355, 1249]"
1979,[1979]
1980,"[1980, 1253]"
1981,[1981]
1982,[1982]
1983,"[1983, 3358, 1265]"
1984,"[3038, 1984]"
1985,"[1268, 1985]"
1986,[1986]
1987,"[3013, 1987, 1275]"
1988,"[1990, 1989, 1988]"
1989,"[1990, 1989, 1988]"
1990,"[1990, 1989, 1988]"
1991,[1991]
1992,"[1992, 1993]"
1993,"[1992, 1993]"
1994,"[3041, 1994]"
1995,[1995]
1996,[1996]
1997,"[1997, 3367, 1293]"
1998,"[1998, 3369]"
1999,"[2692, 1999]"
2000,[2000]
2001,"[2001, 2002, 473]"
2002,"[2001, 2002, 473]"
2003,[2003]
2004,"[2007, 1305, 2004]"
2005,"[3482, 2005]"
2006,"[3384, 1303, 2006, 1304]"
2007,"[2007, 1305, 2004]"
2008,"[1463, 1467, 2008, 1307, 484]"
2009,"[3387, 3388, 2009, 3389, 2278, 3391, 2010, 1320, 3392, 3393, 3390]"
2010,"[3387, 3388, 2009, 3389, 2278, 3391, 2010, 1320, 3392, 3393, 3390]"
2011,"[2481, 2011]"
2012,[2012]
2013,"[2244, 2013, 2014, 2015, 1336]"
2014,"[2244, 2013, 2014, 2015, 1336]"
2015,"[2244, 2013, 2014, 2015, 1336]"
2016,[2016]
2017,[2017]
2018,"[1340, 2018, 2019]"
2019,"[1340, 2018, 2019]"
2020,"[2020, 2021, 2085, 2086, 2087, 1692]"
2021,"[2020, 2021, 2085, 2086, 2087, 1692]"
2022,[2022]
2023,"[3403, 2023, 2024, 2025]"
2024,"[3403, 2023, 2024, 2025]"
2025,"[3403, 2023, 2024, 2025]"
2026,[2026]
2027,"[2027, 1354, 1358, 2028]"
2028,"[2027, 1354, 1358, 2028]"
2029,[2029]
2030,"[2030, 1361]"
2031,"[2031, 1364]"
2032,"[1366, 2032, 1368]"
2033,"[3410, 2033]"
2034,"[2034, 1349]"
2035,"[2035, 3418, 1380, 3419]"
2036,"[2036, 1382]"
2037,[2037]
2038,"[3530, 3527, 2038]"
2039,"[1391, 2039]"
2040,[2040]
2041,"[2041, 1398]"
2042,"[2042, 1402]"
2043,"[2043, 1407, 1408, 1404]"
2044,"[2044, 1409]"
2045,"[2765, 2045]"
2046,"[3395, 2046, 1415, 1328]"
2047,"[2047, 3433, 1424]"
2048,[2048]
2049,[2049]
2050,"[2115, 2116, 1432, 2050]"
2051,"[3436, 2051, 2052, 2053]"
2052,"[3436, 2051, 2052, 2053]"
2053,"[3436, 2051, 2052, 2053]"
2054,"[2054, 1438]"
2055,[2055]
2056,"[3446, 2056]"
2057,"[2057, 1450, 1451]"
2058,"[2059, 2058]"
2059,"[2059, 2058]"
2060,"[2060, 1454, 1457]"
2061,"[2772, 2774, 2775, 3030, 2061, 2062, 3461]"
2062,"[2772, 2774, 2775, 3030, 2061, 2062, 3461]"
2063,[2063]
2064,"[2064, 3462, 1297]"
2065,[2065]
2066,[2066]
2067,"[3474, 3475, 2067, 1492]"
2068,"[1493, 2068, 3476, 2070]"
2069,[2069]
2070,"[1493, 2068, 3476, 2070]"
2071,"[2071, 1501]"
2072,"[2512, 2072, 2073]"
2073,"[2512, 2072, 2073]"
2074,"[3031, 2928, 2074]"
2075,"[2888, 2075]"
2076,"[3583, 2076, 2440, 829]"
2077,[2077]
2078,[2078]
2079,"[2079, 2523, 1453]"
2080,"[2895, 2896, 2080]"
2081,[2081]
2082,"[3563, 3565, 2254, 2255, 2082, 3491, 2929]"
2083,"[3587, 1730, 3562, 2083, 3492, 3536, 3540, 3573, 3576, 2190, 3577, 2164, 3543, 2166]"
2084,"[3356, 3107, 2084]"
2085,"[2020, 2021, 2085, 2086, 2087, 1692]"
2086,"[2020, 2021, 2085, 2086, 2087, 1692]"
2087,"[2020, 2021, 2085, 2086, 2087, 1692]"
2088,"[2088, 2171, 2331, 2332, 2090, 2091, 1536]"
2089,"[2089, 1548]"
2090,"[2088, 2171, 2331, 2332, 2090, 2091, 1536]"
2091,"[2088, 2171, 2331, 2332, 2090, 2091, 1536]"
2092,"[2092, 2093, 1699]"
2093,"[2092, 2093, 1699]"
2094,"[1541, 2094, 1698]"
2095,"[2336, 1546, 2095, 792]"
2096,"[2096, 3493, 2250, 2097]"
2097,"[2096, 3493, 2250, 2097]"
2098,"[2098, 3494, 1283]"
2099,"[3639, 2855, 2683, 2684, 3600, 3115, 3053, 3601, 3602, 2099]"
2100,"[2100, 680]"
2101,[2101]
2102,"[2102, 2103]"
2103,"[2102, 2103]"
2104,"[2104, 1567]"
2105,"[1570, 2105]"
2106,[2106]
2107,"[3104, 2107]"
2108,[2108]
2109,[2109]
2110,[2110]
2111,"[2572, 2573, 2574, 2111]"
2112,"[2356, 2112]"
2113,"[2578, 2113]"
2114,[2114]
2115,"[2115, 2116, 1432, 2050]"
2116,"[2115, 2116, 1432, 2050]"
2117,"[2117, 2373, 2374]"
2118,"[2128, 2118, 1594, 2124]"
2119,"[2808, 2119]"
2120,"[2364, 2120]"
2121,"[2587, 2121]"
2122,[2122]
2123,"[2872, 2123]"
2124,"[2128, 2118, 1594, 2124]"
2125,[2125]
2126,[2126]
2127,"[2805, 3505, 2127]"
2128,"[2128, 2118, 1594, 2124]"
2129,"[2807, 2867, 2868, 2134, 2129, 2365, 2611]"
2130,"[1606, 2130, 2131, 2932]"
2131,"[1606, 2130, 2131, 2932]"
2132,"[1608, 2132]"
2133,"[1609, 2133]"
2134,"[2807, 2867, 2868, 2134, 2129, 2365, 2611]"
2135,"[2612, 2137, 2135]"
2136,"[2136, 1610]"
2137,"[2612, 2137, 2135]"
2138,"[1611, 2138, 2139, 2140]"
2139,"[1611, 2138, 2139, 2140]"
2140,"[1611, 2138, 2139, 2140]"
2141,"[2141, 2142, 1613]"
2142,"[2141, 2142, 1613]"
2143,"[2143, 3512]"
2144,[2144]
2145,[2145]
2146,[2146]
2147,[2147]
2148,"[2270, 2271, 3526, 2148]"
2149,"[3529, 2149, 1658, 3063, 2635]"
2150,"[2490, 2907, 2908, 2150]"
2151,"[2151, 759]"
2152,"[2423, 2424, 2425, 2253, 2156, 2161, 3623, 1765, 2152]"
2153,[2153]
2154,[2154]
2155,"[3109, 2226, 2227, 2155, 1656]"
2156,"[2423, 2424, 2425, 2253, 2156, 2161, 3623, 1765, 2152]"
2157,[2157]
2158,[2158]
2159,"[2159, 2641, 2224]"
2160,"[2836, 2837, 2632, 2160]"
2161,"[2423, 2424, 2425, 2253, 2156, 2161, 3623, 1765, 2152]"
2162,[2162]
2163,"[1677, 2163]"
2164,"[3587, 1730, 3562, 2083, 3492, 3536, 3540, 3573, 3576, 2190, 3577, 2164, 3543, 2166]"
2165,"[2194, 2191, 1684, 2165, 2642, 3612, 1754, 2198, 2196, 828]"
2166,"[3587, 1730, 3562, 2083, 3492, 3536, 3540, 3573, 3576, 2190, 3577, 2164, 3543, 2166]"
2167,"[2167, 788]"
2168,"[2168, 2169, 1693]"
2169,"[2168, 2169, 1693]"
2170,"[2643, 2644, 2170, 1694]"
2171,"[2088, 2171, 2331, 2332, 2090, 2091, 1536]"
2172,"[2172, 1544, 1697]"
2173,"[2173, 3142]"
2174,[2174]
2175,"[2175, 3544, 3545, 2177, 1706]"
2176,[2176]
2177,"[2175, 3544, 3545, 2177, 1706]"
2178,"[2178, 1708]"
2179,[2179]
2180,"[1711, 2180]"
2181,"[3547, 3551, 3039, 2181, 2182, 1717, 1718, 3553, 2841, 2842, 3557, 1726, 2934]"
2182,"[3547, 3551, 3039, 2181, 2182, 1717, 1718, 3553, 2841, 2842, 3557, 1726, 2934]"
2183,"[3558, 2183, 2184, 1725, 2185]"
2184,"[3558, 2183, 2184, 1725, 2185]"
2185,"[3558, 2183, 2184, 1725, 2185]"
2186,"[2186, 3561, 2187, 1729]"
2187,"[2186, 3561, 2187, 1729]"
2188,"[3566, 2188, 2189, 3567]"
2189,"[3566, 2188, 2189, 3567]"
2190,"[3587, 1730, 3562, 2083, 3492, 3536, 3540, 3573, 3576, 2190, 3577, 2164, 3543, 2166]"
2191,"[2194, 2191, 1684, 2165, 2642, 3612, 1754, 2198, 2196, 828]"
2192,[2192]
2193,"[2193, 3614, 2433, 3058, 1756]"
2194,"[2194, 2191, 1684, 2165, 2642, 3612, 1754, 2198, 2196, 828]"
2195,[2195]
2196,"[2194, 2191, 1684, 2165, 2642, 3612, 1754, 2198, 2196, 828]"
2197,[2197]
2198,"[2194, 2191, 1684, 2165, 2642, 3612, 1754, 2198, 2196, 828]"
2199,"[3584, 2518, 2199, 1743]"
2200,[2200]
2201,"[2665, 2201]"
2202,[2202]
2203,[2203]
2204,"[2204, 3599]"
2205,"[3099, 3640, 2856, 2682, 2205]"
2206,[2206]
2207,"[2680, 2258, 2207]"
2208,"[2679, 2208, 2685]"
2209,"[2209, 1551]"
2210,"[3524, 3525, 3362, 1280, 3604, 2210]"
2211,[2211]
2212,"[3606, 3607, 3608, 2212, 3611]"
2213,[2213]
2214,"[3615, 2214]"
2215,[2215]
2216,[2216]
2217,"[2767, 2217, 2507, 2508]"
2218,"[2218, 486]"
2219,[2219]
2220,"[2220, 2221, 2547]"
2221,"[2220, 2221, 2547]"
2222,[2222]
2223,"[1669, 2223, 3622, 1650]"
2224,"[2159, 2641, 2224]"
2225,"[2629, 3528, 2225, 1645]"
2226,"[3109, 2226, 2227, 2155, 1656]"
2227,"[3109, 2226, 2227, 2155, 1656]"
2228,"[1767, 2228]"
2229,"[1768, 2229, 1741]"
2230,"[2230, 178]"
2231,"[2694, 2695, 2231]"
2232,"[2280, 2232, 2283, 2284]"
2233,"[2706, 2233]"
2234,[2234]
2235,"[2746, 2747, 2235]"
2236,"[2236, 2237]"
2237,"[2236, 2237]"
2238,[2238]
2239,"[3339, 2239]"
2240,"[2240, 2267]"
2241,"[2241, 3143, 1247, 1978, 3354, 3355, 1249]"
2242,[2242]
2243,[2243]
2244,"[2244, 2013, 2014, 2015, 1336]"
2245,[2245]
2246,[2246]
2247,"[2247, 2248, 2498, 2499]"
2248,"[2247, 2248, 2498, 2499]"
2249,"[3451, 3452, 2249, 3448]"
2250,"[2096, 3493, 2250, 2097]"
2251,"[2822, 2251]"
2252,"[2252, 2636, 2637]"
2253,"[2423, 2424, 2425, 2253, 2156, 2161, 3623, 1765, 2152]"
2254,"[3563, 3565, 2254, 2255, 2082, 3491, 2929]"
2255,"[3563, 3565, 2254, 2255, 2082, 3491, 2929]"
2256,"[2850, 2852, 3098, 2861, 2853, 2256]"
2257,"[2673, 2513, 2257]"
2258,"[2680, 2258, 2207]"
2259,"[2259, 2260]"
2260,"[2259, 2260]"
2261,"[2261, 1002]"
2262,[2262]
2263,[2263]
2264,[2264]
2265,"[2265, 1155]"
2266,"[2266, 3318]"
2267,"[2240, 2267]"
2268,[2268]
2269,"[2463, 2269, 3349, 3350, 402]"
2270,"[2270, 2271, 3526, 2148]"
2271,"[2270, 2271, 3526, 2148]"
2272,"[2272, 457]"
2273,"[2273, 2274]"
2274,"[2273, 2274]"
2275,[2275]
2276,"[2276, 1474]"
2277,[2277]
2278,"[3387, 3388, 2009, 3389, 2278, 3391, 2010, 1320, 3392, 3393, 3390]"
2279,"[2279, 1330]"
2280,"[2280, 2232, 2283, 2284]"
2281,"[2281, 2282]"
2282,"[2281, 2282]"
2283,"[2280, 2232, 2283, 2284]"
2284,"[2280, 2232, 2283, 2284]"
2285,"[3409, 2487, 2488, 3411, 3412, 2285, 1373]"
2286,"[2286, 1410]"
2287,[2287]
2288,"[2288, 2289]"
2289,"[2288, 2289]"
2290,"[2290, 3616, 3617]"
2291,"[2291, 2292]"
2292,"[2291, 2292]"
2293,"[2293, 2497, 698]"
2294,"[2294, 1431]"
2295,[2295]
2296,"[2296, 2297]"
2297,"[2296, 2297]"
2298,"[2756, 2757, 2711, 3048, 2298, 1309]"
2299,"[2299, 2300]"
2300,"[2299, 2300]"
2301,"[1452, 2301, 2770, 3029]"
2302,"[2302, 2303]"
2303,"[2302, 2303]"
2304,"[3445, 2304]"
2305,[2305]
2306,[2306]
2307,[2307]
2308,[2308]
2309,"[2752, 2753, 2309]"
2310,"[2310, 645]"
2311,"[2750, 2751, 2311, 2312, 1102]"
2312,"[2750, 2751, 2311, 2312, 1102]"
2313,"[3596, 3097, 2851, 2313, 2854, 2889]"
2314,"[2517, 2314]"
2315,[2315]
2316,[2316]
2317,"[2317, 1522]"
2318,[2318]
2319,[2319]
2320,"[2320, 3618]"
2321,"[2321, 2322]"
2322,"[2321, 2322]"
2323,"[2323, 2324, 3489, 3062, 2536]"
2324,"[2323, 2324, 3489, 3062, 2536]"
2325,"[2325, 2862, 2863]"
2326,"[2326, 2532, 2533, 3217]"
2327,"[2787, 3090, 2327]"
2328,[2328]
2329,[2329]
2330,[2330]
2331,"[2088, 2171, 2331, 2332, 2090, 2091, 1536]"
2332,"[2088, 2171, 2331, 2332, 2090, 2091, 1536]"
2333,"[2333, 2334]"
2334,"[2333, 2334]"
2335,[2335]
2336,"[2336, 1546, 2095, 792]"
2337,"[2337, 2338]"
2338,"[2337, 2338]"
2339,"[2540, 3052, 2339, 1556]"
2340,"[2340, 682]"
2341,"[2341, 2342]"
2342,"[2341, 2342]"
2343,"[2343, 2344, 1581]"
2344,"[2343, 2344, 1581]"
2345,"[2585, 2345, 3625, 3620]"
2346,"[2346, 2347]"
2347,"[2346, 2347]"
2348,"[2583, 2348, 2349, 1818]"
2349,"[2583, 2348, 2349, 1818]"
2350,"[2350, 2351]"
2351,"[2350, 2351]"
2352,"[2352, 2353]"
2353,"[2352, 2353]"
2354,[2354]
2355,"[2355, 3054, 2890, 3495, 2551, 2552]"
2356,"[2356, 2112]"
2357,[2357]
2358,"[2358, 2359]"
2359,"[2358, 2359]"
2360,"[2360, 1596]"
2361,"[2866, 2361]"
2362,"[2362, 2363]"
2363,"[2362, 2363]"
2364,"[2364, 2120]"
2365,"[2807, 2867, 2868, 2134, 2129, 2365, 2611]"
2366,"[2366, 2367]"
2367,"[2366, 2367]"
2368,"[3510, 2368, 1589]"
2369,"[2369, 2370]"
2370,"[2369, 2370]"
2371,"[2597, 2598, 2586, 2371, 2372, 2588, 2589, 2591, 2592]"
2372,"[2597, 2598, 2586, 2371, 2372, 2588, 2589, 2591, 2592]"
2373,"[2117, 2373, 2374]"
2374,"[2117, 2373, 2374]"
2375,[2375]
2376,[2376]
2377,[2377]
2378,[2378]
2379,[2379]
2380,"[2380, 3017, 2799]"
2381,"[2381, 2382]"
2382,"[2381, 2382]"
2383,"[3056, 2383, 2806, 3506, 3507, 3508]"
2384,"[2384, 2385]"
2385,"[2384, 2385]"
2386,"[2386, 2609]"
2387,[2387]
2388,[2388]
2389,[2389]
2390,"[2390, 2391]"
2391,"[2390, 2391]"
2392,"[2392, 2873]"
2393,[2393]
2394,[2394]
2395,"[2418, 2395]"
2396,[2396]
2397,[2397]
2398,[2398]
2399,[2399]
2400,[2400]
2401,[2401]
2402,"[2402, 2403]"
2403,"[2402, 2403]"
2404,"[3057, 2404]"
2405,"[2405, 2406]"
2406,"[2405, 2406]"
2407,"[2411, 2407]"
2408,"[2408, 2409]"
2409,"[2408, 2409]"
2410,[2410]
2411,"[2411, 2407]"
2412,[2412]
2413,[2413]
2414,"[2414, 2415]"
2415,"[2414, 2415]"
2416,"[2619, 2416]"
2417,[2417]
2418,"[2418, 2395]"
2419,"[2419, 2420]"
2420,"[2419, 2420]"
2421,"[3422, 2421]"
2422,[2422]
2423,"[2423, 2424, 2425, 2253, 2156, 2161, 3623, 1765, 2152]"
2424,"[2423, 2424, 2425, 2253, 2156, 2161, 3623, 1765, 2152]"
2425,"[2423, 2424, 2425, 2253, 2156, 2161, 3623, 1765, 2152]"
2426,"[2426, 1823]"
2427,"[2427, 1703]"
2428,"[3559, 2428, 3560]"
2429,[2429]
2430,[2430]
2431,"[2431, 2432]"
2432,"[2431, 2432]"
2433,"[2193, 3614, 2433, 3058, 1756]"
2434,[2434]
2435,"[2435, 2436, 2646, 2647]"
2436,"[2435, 2436, 2646, 2647]"
2437,[2437]
2438,"[2438, 2439]"
2439,"[2438, 2439]"
2440,"[3583, 2076, 2440, 829]"
2441,"[2441, 2760, 821]"
2442,"[2848, 2849, 2442]"
2443,[2443]
2444,"[2444, 2445]"
2445,"[2444, 2445]"
2446,"[2882, 2446]"
2447,"[2447, 3110]"
2448,"[2448, 11]"
2449,"[2449, 844]"
2450,"[2450, 3022]"
2451,[2451]
2452,[2452]
2453,"[2453, 591]"
2454,"[2454, 1891, 1422]"
2455,"[2455, 2456, 217]"
2456,"[2455, 2456, 217]"
2457,"[1058, 1911, 2457, 1060]"
2458,[2458]
2459,"[3084, 2459]"
2460,"[1107, 1933, 1108, 2460]"
2461,[2461]
2462,"[2462, 395]"
2463,"[2463, 2269, 3349, 3350, 402]"
2464,[2464]
2465,"[2465, 2466]"
2466,"[2465, 2466]"
2467,"[3366, 2467]"
2468,[2468]
2469,[2469]
2470,"[2709, 2714, 2470]"
2471,"[2471, 2472, 2473]"
2472,"[2471, 2472, 2473]"
2473,"[2471, 2472, 2473]"
2474,"[2712, 2713, 3208, 2474, 2475, 2476]"
2475,"[2712, 2713, 3208, 2474, 2475, 2476]"
2476,"[2712, 2713, 3208, 2474, 2475, 2476]"
2477,[2477]
2478,[2478]
2479,"[2479, 1329]"
2480,"[2480, 1327]"
2481,"[2481, 2011]"
2482,[2482]
2483,[2483]
2484,[2484]
2485,"[3014, 2485, 1344]"
2486,[2486]
2487,"[3409, 2487, 2488, 3411, 3412, 2285, 1373]"
2488,"[3409, 2487, 2488, 3411, 3412, 2285, 1373]"
2489,"[2489, 1661]"
2490,"[2490, 2907, 2908, 2150]"
2491,"[2491, 2492]"
2492,"[2491, 2492]"
2493,"[2493, 3627]"
2494,"[3028, 2494, 2764]"
2495,"[2495, 2496]"
2496,"[2495, 2496]"
2497,"[2293, 2497, 698]"
2498,"[2247, 2248, 2498, 2499]"
2499,"[2247, 2248, 2498, 2499]"
2500,"[2500, 3189]"
2501,"[2501, 2925]"
2502,"[3015, 2502, 1308]"
2503,"[2509, 2510, 2503, 3442]"
2504,"[2504, 2505]"
2505,"[2504, 2505]"
2506,"[2506, 608]"
2507,"[2767, 2217, 2507, 2508]"
2508,"[2767, 2217, 2507, 2508]"
2509,"[2509, 2510, 2503, 3442]"
2510,"[2509, 2510, 2503, 3442]"
2511,"[1466, 2511, 3465, 1470]"
2512,"[2512, 2072, 2073]"
2513,"[2673, 2513, 2257]"
2514,"[2675, 2514, 2515, 3483, 1512]"
2515,"[2675, 2514, 2515, 3483, 1512]"
2516,"[3597, 3598, 2516]"
2517,"[2517, 2314]"
2518,"[3584, 2518, 2199, 1743]"
2519,"[2519, 650]"
2520,"[2520, 2844]"
2521,[2521]
2522,[2522]
2523,"[2079, 2523, 1453]"
2524,"[2524, 3049]"
2525,"[3443, 3050, 3444, 2525]"
2526,[2526]
2527,"[3487, 2527]"
2528,"[2788, 2531, 2534, 2535, 2528, 2529]"
2529,"[2788, 2531, 2534, 2535, 2528, 2529]"
2530,"[3043, 3619, 2530, 1761, 2864, 2865, 2897, 2898, 3091, 3488]"
2531,"[2788, 2531, 2534, 2535, 2528, 2529]"
2532,"[2326, 2532, 2533, 3217]"
2533,"[2326, 2532, 2533, 3217]"
2534,"[2788, 2531, 2534, 2535, 2528, 2529]"
2535,"[2788, 2531, 2534, 2535, 2528, 2529]"
2536,"[2323, 2324, 3489, 3062, 2536]"
2537,[2537]
2538,"[2538, 2539]"
2539,"[2538, 2539]"
2540,"[2540, 3052, 2339, 1556]"
2541,[2541]
2542,"[2542, 2548, 2549, 2558]"
2543,"[2543, 2544]"
2544,"[2543, 2544]"
2545,"[2545, 2546]"
2546,"[2545, 2546]"
2547,"[2220, 2221, 2547]"
2548,"[2542, 2548, 2549, 2558]"
2549,"[2542, 2548, 2549, 2558]"
2550,"[2550, 691]"
2551,"[2355, 3054, 2890, 3495, 2551, 2552]"
2552,"[2355, 3054, 2890, 3495, 2551, 2552]"
2553,"[2553, 2554]"
2554,"[2553, 2554]"
2555,"[2555, 2575, 2576, 2577, 1763]"
2556,"[2798, 2556]"
2557,"[2557, 1817]"
2558,"[2542, 2548, 2549, 2558]"
2559,"[2559, 2560, 2563, 2564, 2796]"
2560,"[2559, 2560, 2563, 2564, 2796]"
2561,"[2561, 2562, 1585]"
2562,"[2561, 2562, 1585]"
2563,"[2559, 2560, 2563, 2564, 2796]"
2564,"[2559, 2560, 2563, 2564, 2796]"
2565,"[2565, 2566]"
2566,"[2565, 2566]"
2567,"[2795, 2567, 1584]"
2568,"[2568, 2584]"
2569,"[2569, 690]"
2570,"[2570, 2571, 3044, 2579, 2580, 3045]"
2571,"[2570, 2571, 3044, 2579, 2580, 3045]"
2572,"[2572, 2573, 2574, 2111]"
2573,"[2572, 2573, 2574, 2111]"
2574,"[2572, 2573, 2574, 2111]"
2575,"[2555, 2575, 2576, 2577, 1763]"
2576,"[2555, 2575, 2576, 2577, 1763]"
2577,"[2555, 2575, 2576, 2577, 1763]"
2578,"[2578, 2113]"
2579,"[2570, 2571, 3044, 2579, 2580, 3045]"
2580,"[2570, 2571, 3044, 2579, 2580, 3045]"
2581,[2581]
2582,[2582]
2583,"[2583, 2348, 2349, 1818]"
2584,"[2568, 2584]"
2585,"[2585, 2345, 3625, 3620]"
2586,"[2597, 2598, 2586, 2371, 2372, 2588, 2589, 2591, 2592]"
2587,"[2587, 2121]"
2588,"[2597, 2598, 2586, 2371, 2372, 2588, 2589, 2591, 2592]"
2589,"[2597, 2598, 2586, 2371, 2372, 2588, 2589, 2591, 2592]"
2590,"[2590, 2871]"
2591,"[2597, 2598, 2586, 2371, 2372, 2588, 2589, 2591, 2592]"
2592,"[2597, 2598, 2586, 2371, 2372, 2588, 2589, 2591, 2592]"
2593,"[2593, 2594]"
2594,"[2593, 2594]"
2595,[2595]
2596,"[2596, 1595]"
2597,"[2597, 2598, 2586, 2371, 2372, 2588, 2589, 2591, 2592]"
2598,"[2597, 2598, 2586, 2371, 2372, 2588, 2589, 2591, 2592]"
2599,"[2599, 700]"
2600,"[2600, 2601]"
2601,"[2600, 2601]"
2602,"[2602, 3021]"
2603,"[2603, 2604]"
2604,"[2603, 2604]"
2605,[2605]
2606,"[3509, 2606, 2607]"
2607,"[3509, 2606, 2607]"
2608,[2608]
2609,"[2386, 2609]"
2610,"[2610, 2614]"
2611,"[2807, 2867, 2868, 2134, 2129, 2365, 2611]"
2612,"[2612, 2137, 2135]"
2613,"[2613, 2810, 3032]"
2614,"[2610, 2614]"
2615,"[2615, 1621]"
2616,"[2616, 2823, 2824]"
2617,"[2617, 2618]"
2618,"[2617, 2618]"
2619,"[2619, 2416]"
2620,"[2620, 741]"
2621,"[3225, 2621, 2742]"
2622,"[2622, 2623]"
2623,"[2622, 2623]"
2624,[2624]
2625,"[2625, 3224]"
2626,[2626]
2627,[2627]
2628,[2628]
2629,"[2629, 3528, 2225, 1645]"
2630,"[2630, 756]"
2631,"[2631, 3233]"
2632,"[2836, 2837, 2632, 2160]"
2633,"[2838, 2839, 2633]"
2634,[2634]
2635,"[3529, 2149, 1658, 3063, 2635]"
2636,"[2252, 2636, 2637]"
2637,"[2252, 2636, 2637]"
2638,"[3234, 2638]"
2639,"[1662, 2639, 770]"
2640,"[3635, 3064, 2640]"
2641,"[2159, 2641, 2224]"
2642,"[2194, 2191, 1684, 2165, 2642, 3612, 1754, 2198, 2196, 828]"
2643,"[2643, 2644, 2170, 1694]"
2644,"[2643, 2644, 2170, 1694]"
2645,[2645]
2646,"[2435, 2436, 2646, 2647]"
2647,"[2435, 2436, 2646, 2647]"
2648,"[2648, 815]"
2649,"[1753, 3624, 2649, 2688]"
2650,"[2659, 2650]"
2651,"[2651, 2652, 2653, 1744]"
2652,"[2651, 2652, 2653, 1744]"
2653,"[2651, 2652, 2653, 1744]"
2654,"[3591, 2654]"
2655,"[2655, 2656, 2846]"
2656,"[2655, 2656, 2846]"
2657,"[2657, 2658]"
2658,"[2657, 2658]"
2659,"[2659, 2650]"
2660,"[2660, 1745]"
2661,"[2661, 2707, 2708]"
2662,"[2662, 2671, 3066, 3065]"
2663,"[2663, 2761, 2762]"
2664,[2664]
2665,"[2665, 2201]"
2666,"[2666, 2880, 3594, 3595]"
2667,"[2667, 2705]"
2668,"[1747, 2668]"
2669,[2669]
2670,"[2670, 2703, 2704]"
2671,"[2662, 2671, 3066, 3065]"
2672,[2672]
2673,"[2673, 2513, 2257]"
2674,"[3243, 2674]"
2675,"[2675, 2514, 2515, 3483, 1512]"
2676,"[1751, 2676, 2677]"
2677,"[1751, 2676, 2677]"
2678,[2678]
2679,"[2679, 2208, 2685]"
2680,"[2680, 2258, 2207]"
2681,[2681]
2682,"[3099, 3640, 2856, 2682, 2205]"
2683,"[3639, 2855, 2683, 2684, 3600, 3115, 3053, 3601, 3602, 2099]"
2684,"[3639, 2855, 2683, 2684, 3600, 3115, 3053, 3601, 3602, 2099]"
2685,"[2679, 2208, 2685]"
2686,[2686]
2687,[2687]
2688,"[1753, 3624, 2649, 2688]"
2689,"[2689, 2755, 3070, 3170]"
2690,"[2690, 3020]"
2691,"[3523, 2691]"
2692,"[2692, 1999]"
2693,"[3374, 2693]"
2694,"[2694, 2695, 2231]"
2695,"[2694, 2695, 2231]"
2696,"[3206, 2892, 2758, 2759, 2710, 3047, 2696, 2697, 3207, 2700, 2701, 3073]"
2697,"[3206, 2892, 2758, 2759, 2710, 3047, 2696, 2697, 3207, 2700, 2701, 3073]"
2698,"[2698, 2699, 3072]"
2699,"[2698, 2699, 3072]"
2700,"[3206, 2892, 2758, 2759, 2710, 3047, 2696, 2697, 3207, 2700, 2701, 3073]"
2701,"[3206, 2892, 2758, 2759, 2710, 3047, 2696, 2697, 3207, 2700, 2701, 3073]"
2702,[2702]
2703,"[2670, 2703, 2704]"
2704,"[2670, 2703, 2704]"
2705,"[2667, 2705]"
2706,"[2706, 2233]"
2707,"[2661, 2707, 2708]"
2708,"[2661, 2707, 2708]"
2709,"[2709, 2714, 2470]"
2710,"[3206, 2892, 2758, 2759, 2710, 3047, 2696, 2697, 3207, 2700, 2701, 3073]"
2711,"[2756, 2757, 2711, 3048, 2298, 1309]"
2712,"[2712, 2713, 3208, 2474, 2475, 2476]"
2713,"[2712, 2713, 3208, 2474, 2475, 2476]"
2714,"[2709, 2714, 2470]"
2715,"[2715, 3215]"
2716,[2716]
2717,[2717]
2718,"[2718, 3632]"
2719,[2719]
2720,[2720]
2721,[2721]
2722,[2722]
2723,[2723]
2724,"[3227, 2724]"
2725,"[2725, 3076, 2726]"
2726,"[2725, 3076, 2726]"
2727,"[2729, 2730, 2727]"
2728,"[2728, 2902]"
2729,"[2729, 2730, 2727]"
2730,"[2729, 2730, 2727]"
2731,[2731]
2732,[2732]
2733,[2733]
2734,[2734]
2735,[2735]
2736,"[2736, 3226]"
2737,"[3631, 2737, 2738]"
2738,"[3631, 2737, 2738]"
2739,[2739]
2740,[2740]
2741,"[2741, 3230]"
2742,"[3225, 2621, 2742]"
2743,[2743]
2744,"[2744, 1663]"
2745,"[2891, 3083, 2745]"
2746,"[2746, 2747, 2235]"
2747,"[2746, 2747, 2235]"
2748,"[2748, 1518]"
2749,[2749]
2750,"[2750, 2751, 2311, 2312, 1102]"
2751,"[2750, 2751, 2311, 2312, 1102]"
2752,"[2752, 2753, 2309]"
2753,"[2752, 2753, 2309]"
2754,"[2754, 3025, 3309, 316]"
2755,"[2689, 2755, 3070, 3170]"
2756,"[2756, 2757, 2711, 3048, 2298, 1309]"
2757,"[2756, 2757, 2711, 3048, 2298, 1309]"
2758,"[3206, 2892, 2758, 2759, 2710, 3047, 2696, 2697, 3207, 2700, 2701, 3073]"
2759,"[3206, 2892, 2758, 2759, 2710, 3047, 2696, 2697, 3207, 2700, 2701, 3073]"
2760,"[2441, 2760, 821]"
2761,"[2663, 2761, 2762]"
2762,"[2663, 2761, 2762]"
2763,"[2763, 3531]"
2764,"[3028, 2494, 2764]"
2765,"[2765, 2045]"
2766,"[2766, 2926]"
2767,"[2767, 2217, 2507, 2508]"
2768,"[2768, 1520]"
2769,"[2769, 3447]"
2770,"[1452, 2301, 2770, 3029]"
2771,[2771]
2772,"[2772, 2774, 2775, 3030, 2061, 2062, 3461]"
2773,"[2773, 3087, 610]"
2774,"[2772, 2774, 2775, 3030, 2061, 2062, 3461]"
2775,"[2772, 2774, 2775, 3030, 2061, 2062, 3461]"
2776,[2776]
2777,[2777]
2778,[2778]
2779,"[2779, 3019]"
2780,"[2780, 3454, 613]"
2781,"[2781, 3024, 2917]"
2782,"[3067, 2782, 3166]"
2783,[2783]
2784,"[2784, 3061]"
2785,"[2785, 3486, 2792, 3051, 3089]"
2786,"[3490, 2786, 1528]"
2787,"[2787, 3090, 2327]"
2788,"[2788, 2531, 2534, 2535, 2528, 2529]"
2789,"[2789, 661]"
2790,"[2790, 2791, 1527]"
2791,"[2790, 2791, 1527]"
2792,"[2785, 3486, 2792, 3051, 3089]"
2793,"[2793, 3626]"
2794,[2794]
2795,"[2795, 2567, 1584]"
2796,"[2559, 2560, 2563, 2564, 2796]"
2797,"[2797, 3496, 3141]"
2798,"[2798, 2556]"
2799,"[2380, 3017, 2799]"
2800,"[3055, 2800]"
2801,"[2801, 2802]"
2802,"[2801, 2802]"
2803,"[1599, 2803]"
2804,[2804]
2805,"[2805, 3505, 2127]"
2806,"[3056, 2383, 2806, 3506, 3507, 3508]"
2807,"[2807, 2867, 2868, 2134, 2129, 2365, 2611]"
2808,"[2808, 2119]"
2809,"[3629, 2809]"
2810,"[2613, 2810, 3032]"
2811,[2811]
2812,[2812]
2813,[2813]
2814,[2814]
2815,[2815]
2816,"[2816, 2827]"
2817,"[3074, 2817]"
2818,"[3095, 2818]"
2819,"[2819, 3096]"
2820,"[2820, 2821]"
2821,"[2820, 2821]"
2822,"[2822, 2251]"
2823,"[2616, 2823, 2824]"
2824,"[2616, 2823, 2824]"
2825,"[2825, 2826, 3075, 3223, 2879]"
2826,"[2825, 2826, 3075, 3223, 2879]"
2827,"[2816, 2827]"
2828,"[2828, 2829, 3037]"
2829,"[2828, 2829, 3037]"
2830,"[2830, 2831, 2832]"
2831,"[2830, 2831, 2832]"
2832,"[2830, 2831, 2832]"
2833,"[2833, 3520, 3521]"
2834,"[2834, 3515]"
2835,[2835]
2836,"[2836, 2837, 2632, 2160]"
2837,"[2836, 2837, 2632, 2160]"
2838,"[2838, 2839, 2633]"
2839,"[2838, 2839, 2633]"
2840,[2840]
2841,"[3547, 3551, 3039, 2181, 2182, 1717, 1718, 3553, 2841, 2842, 3557, 1726, 2934]"
2842,"[3547, 3551, 3039, 2181, 2182, 1717, 1718, 3553, 2841, 2842, 3557, 1726, 2934]"
2843,"[2843, 3586]"
2844,"[2520, 2844]"
2845,[2845]
2846,"[2655, 2656, 2846]"
2847,"[2847, 3592]"
2848,"[2848, 2849, 2442]"
2849,"[2848, 2849, 2442]"
2850,"[2850, 2852, 3098, 2861, 2853, 2256]"
2851,"[3596, 3097, 2851, 2313, 2854, 2889]"
2852,"[2850, 2852, 3098, 2861, 2853, 2256]"
2853,"[2850, 2852, 3098, 2861, 2853, 2256]"
2854,"[3596, 3097, 2851, 2313, 2854, 2889]"
2855,"[3639, 2855, 2683, 2684, 3600, 3115, 3053, 3601, 3602, 2099]"
2856,"[3099, 3640, 2856, 2682, 2205]"
2857,"[2893, 2894, 3059, 3209, 3071, 2857, 3439]"
2858,"[2858, 2859, 499]"
2859,"[2858, 2859, 499]"
2860,"[2860, 648]"
2861,"[2850, 2852, 3098, 2861, 2853, 2256]"
2862,"[2325, 2862, 2863]"
2863,"[2325, 2862, 2863]"
2864,"[3043, 3619, 2530, 1761, 2864, 2865, 2897, 2898, 3091, 3488]"
2865,"[3043, 3619, 2530, 1761, 2864, 2865, 2897, 2898, 3091, 3488]"
2866,"[2866, 2361]"
2867,"[2807, 2867, 2868, 2134, 2129, 2365, 2611]"
2868,"[2807, 2867, 2868, 2134, 2129, 2365, 2611]"
2869,[2869]
2870,[2870]
2871,"[2590, 2871]"
2872,"[2872, 2123]"
2873,"[2392, 2873]"
2874,[2874]
2875,[2875]
2876,"[3082, 2876]"
2877,"[2877, 2878]"
2878,"[2877, 2878]"
2879,"[2825, 2826, 3075, 3223, 2879]"
2880,"[2666, 2880, 3594, 3595]"
2881,"[2881, 565]"
2882,"[2882, 2446]"
2883,[2883]
2884,"[2884, 2885, 3085]"
2885,"[2884, 2885, 3085]"
2886,"[2886, 3060]"
2887,[2887]
2888,"[2888, 2075]"
2889,"[3596, 3097, 2851, 2313, 2854, 2889]"
2890,"[2355, 3054, 2890, 3495, 2551, 2552]"
2891,"[2891, 3083, 2745]"
2892,"[3206, 2892, 2758, 2759, 2710, 3047, 2696, 2697, 3207, 2700, 2701, 3073]"
2893,"[2893, 2894, 3059, 3209, 3071, 2857, 3439]"
2894,"[2893, 2894, 3059, 3209, 3071, 2857, 3439]"
2895,"[2895, 2896, 2080]"
2896,"[2895, 2896, 2080]"
2897,"[3043, 3619, 2530, 1761, 2864, 2865, 2897, 2898, 3091, 3488]"
2898,"[3043, 3619, 2530, 1761, 2864, 2865, 2897, 2898, 3091, 3488]"
2899,"[2899, 2900]"
2900,"[2899, 2900]"
2901,"[2901, 3498]"
2902,"[2728, 2902]"
2903,"[3080, 2903]"
2904,[2904]
2905,"[2905, 2906, 3638]"
2906,"[2905, 2906, 3638]"
2907,"[2490, 2907, 2908, 2150]"
2908,"[2490, 2907, 2908, 2150]"
2909,"[2909, 1771]"
2910,[2910]
2911,"[1842, 891, 1841, 890, 2911]"
2912,[2912]
2913,[2913]
2914,[2914]
2915,"[3298, 2915]"
2916,[2916]
2917,"[2781, 3024, 2917]"
2918,"[2918, 1122]"
2919,[2919]
2920,"[3377, 2920]"
2921,"[2921, 2922]"
2922,"[2921, 2922]"
2923,[2923]
2924,[2924]
2925,"[2501, 2925]"
2926,"[2766, 2926]"
2927,"[1479, 2927]"
2928,"[3031, 2928, 2074]"
2929,"[3563, 3565, 2254, 2255, 2082, 3491, 2929]"
2930,"[1550, 2930]"
2931,[2931]
2932,"[1606, 2130, 2131, 2932]"
2933,[2933]
2934,"[3547, 3551, 3039, 2181, 2182, 1717, 1718, 3553, 2841, 2842, 3557, 1726, 2934]"
2935,"[3570, 3572, 2935]"
2936,[2936]
2937,[2937]
2938,[2938]
2939,[2939]
2940,[2940]
2941,[2941]
2942,[2942]
2943,[2943]
2944,[2944]
2945,[2945]
2946,[2946]
2947,[2947]
2948,[2948]
2949,[2949]
2950,[2950]
2951,[2951]
2952,[2952]
2953,[2953]
2954,[2954]
2955,[2955]
2956,[2956]
2957,[2957]
2958,[2958]
2959,[2959]
2960,[2960]
2961,[2961]
2962,[2962]
2963,[2963]
2964,[2964]
2965,[2965]
2966,[2966]
2967,[2967]
2968,[2968]
2969,[2969]
2970,[2970]
2971,[2971]
2972,[2972]
2973,[2973]
2974,[2974]
2975,[2975]
2976,[2976]
2977,[2977]
2978,[2978]
2979,[2979]
2980,[2980]
2981,[2981]
2982,[2982]
2983,[2983]
2984,[2984]
2985,[2985]
2986,[2986]
2987,[2987]
2988,[2988]
2989,[2989]
2990,[2990]
2991,[2991]
2992,[2992]
2993,[2993]
2994,[2994]
2995,[2995]
2996,[2996]
2997,[2997]
2998,[2998]
2999,[2999]
3000,[3000]
3001,[3001]
3002,[3002]
3003,[3003]
3004,[3004]
3005,[3005]
3006,[3006]
3007,[3007]
3008,[3008]
3009,[3009]
3010,"[3010, 1833]"
3011,[3011]
3012,"[3012, 3348]"
3013,"[3013, 1987, 1275]"
3014,"[3014, 2485, 1344]"
3015,"[3015, 2502, 1308]"
3016,[3016]
3017,"[2380, 3017, 2799]"
3018,[3018]
3019,"[2779, 3019]"
3020,"[2690, 3020]"
3021,"[2602, 3021]"
3022,"[2450, 3022]"
3023,[3023]
3024,"[2781, 3024, 2917]"
3025,"[2754, 3025, 3309, 316]"
3026,"[3328, 1958, 3329, 1192, 3331, 3332, 3333, 3026]"
3027,[3027]
3028,"[3028, 2494, 2764]"
3029,"[1452, 2301, 2770, 3029]"
3030,"[2772, 2774, 2775, 3030, 2061, 2062, 3461]"
3031,"[3031, 2928, 2074]"
3032,"[2613, 2810, 3032]"
3033,[3033]
3034,[3034]
3035,[3035]
3036,[3036]
3037,"[2828, 2829, 3037]"
3038,"[3038, 1984]"
3039,"[3547, 3551, 3039, 2181, 2182, 1717, 1718, 3553, 2841, 2842, 3557, 1726, 2934]"
3040,"[3040, 3484, 1749]"
3041,"[3041, 1994]"
3042,"[3042, 1557]"
3043,"[3043, 3619, 2530, 1761, 2864, 2865, 2897, 2898, 3091, 3488]"
3044,"[2570, 2571, 3044, 2579, 2580, 3045]"
3045,"[2570, 2571, 3044, 2579, 2580, 3045]"
3046,[3046]
3047,"[3206, 2892, 2758, 2759, 2710, 3047, 2696, 2697, 3207, 2700, 2701, 3073]"
3048,"[2756, 2757, 2711, 3048, 2298, 1309]"
3049,"[2524, 3049]"
3050,"[3443, 3050, 3444, 2525]"
3051,"[2785, 3486, 2792, 3051, 3089]"
3052,"[2540, 3052, 2339, 1556]"
3053,"[3639, 2855, 2683, 2684, 3600, 3115, 3053, 3601, 3602, 2099]"
3054,"[2355, 3054, 2890, 3495, 2551, 2552]"
3055,"[3055, 2800]"
3056,"[3056, 2383, 2806, 3506, 3507, 3508]"
3057,"[3057, 2404]"
3058,"[2193, 3614, 2433, 3058, 1756]"
3059,"[2893, 2894, 3059, 3209, 3071, 2857, 3439]"
3060,"[2886, 3060]"
3061,"[2784, 3061]"
3062,"[2323, 2324, 3489, 3062, 2536]"
3063,"[3529, 2149, 1658, 3063, 2635]"
3064,"[3635, 3064, 2640]"
3065,"[2662, 2671, 3066, 3065]"
3066,"[2662, 2671, 3066, 3065]"
3067,"[3067, 2782, 3166]"
3068,"[3068, 3069, 3480]"
3069,"[3068, 3069, 3480]"
3070,"[2689, 2755, 3070, 3170]"
3071,"[2893, 2894, 3059, 3209, 3071, 2857, 3439]"
3072,"[2698, 2699, 3072]"
3073,"[3206, 2892, 2758, 2759, 2710, 3047, 2696, 2697, 3207, 2700, 2701, 3073]"
3074,"[3074, 2817]"
3075,"[2825, 2826, 3075, 3223, 2879]"
3076,"[2725, 3076, 2726]"
3077,[3077]
3078,[3078]
3079,[3079]
3080,"[3080, 2903]"
3081,[3081]
3082,"[3082, 2876]"
3083,"[2891, 3083, 2745]"
3084,"[3084, 2459]"
3085,"[2884, 2885, 3085]"
3086,[3086]
3087,"[2773, 3087, 610]"
3088,[3088]
3089,"[2785, 3486, 2792, 3051, 3089]"
3090,"[2787, 3090, 2327]"
3091,"[3043, 3619, 2530, 1761, 2864, 2865, 2897, 2898, 3091, 3488]"
3092,[3092]
3093,[3093]
3094,[3094]
3095,"[3095, 2818]"
3096,"[2819, 3096]"
3097,"[3596, 3097, 2851, 2313, 2854, 2889]"
3098,"[2850, 2852, 3098, 2861, 2853, 2256]"
3099,"[3099, 3640, 2856, 2682, 2205]"
3100,"[3100, 1323]"
3101,"[3101, 3102]"
3102,"[3101, 3102]"
3103,[3103]
3104,"[3104, 2107]"
3105,[3105]
3106,[3106]
3107,"[3356, 3107, 2084]"
3108,[3108]
3109,"[3109, 2226, 2227, 2155, 1656]"
3110,"[2447, 3110]"
3111,[3111]
3112,[3112]
3113,[3113]
3114,[3114]
3115,"[3639, 2855, 2683, 2684, 3600, 3115, 3053, 3601, 3602, 2099]"
3116,[3116]
3117,[3117]
3118,[3118]
3119,[3119]
3120,[3120]
3121,[3121]
3122,[3122]
3123,[3123]
3124,[3124]
3125,[3125]
3126,[3126]
3127,[3127]
3128,[3128]
3129,[3129]
3130,[3130]
3131,[3131]
3132,[3132]
3133,"[3133, 308]"
3134,[3134]
3135,"[1969, 3135, 1228]"
3136,"[1968, 3136]"
3137,[3137]
3138,[3138]
3139,[3139]
3140,"[3140, 1350]"
3141,"[2797, 3496, 3141]"
3142,"[2173, 3142]"
3143,"[2241, 3143, 1247, 1978, 3354, 3355, 1249]"
3144,[3144]
3145,[3145]
3146,[3146]
3147,[3147]
3148,[3148]
3149,[3149]
3150,[3150]
3151,[3151]
3152,[3152]
3153,"[3153, 931]"
3154,[3154]
3155,[3155]
3156,[3156]
3157,[3157]
3158,[3158]
3159,[3159]
3160,[3160]
3161,[3161]
3162,"[3162, 230]"
3163,[3163]
3164,[3164]
3165,[3165]
3166,"[3067, 2782, 3166]"
3167,[3167]
3168,[3168]
3169,[3169]
3170,"[2689, 2755, 3070, 3170]"
3171,[3171]
3172,[3172]
3173,"[3173, 362]"
3174,[3174]
3175,[3175]
3176,[3176]
3177,"[3177, 397]"
3178,"[3178, 1222]"
3179,[3179]
3180,[3180]
3181,[3181]
3182,[3182]
3183,[3183]
3184,[3184]
3185,[3185]
3186,[3186]
3187,[3187]
3188,[3188]
3189,"[2500, 3189]"
3190,[3190]
3191,"[3191, 1332]"
3192,[3192]
3193,[3193]
3194,[3194]
3195,[3195]
3196,[3196]
3197,[3197]
3198,[3198]
3199,"[3199, 1383]"
3200,[3200]
3201,[3201]
3202,[3202]
3203,[3203]
3204,[3204]
3205,[3205]
3206,"[3206, 2892, 2758, 2759, 2710, 3047, 2696, 2697, 3207, 2700, 2701, 3073]"
3207,"[3206, 2892, 2758, 2759, 2710, 3047, 2696, 2697, 3207, 2700, 2701, 3073]"
3208,"[2712, 2713, 3208, 2474, 2475, 2476]"
3209,"[2893, 2894, 3059, 3209, 3071, 2857, 3439]"
3210,[3210]
3211,[3211]
3212,[3212]
3213,[3213]
3214,[3214]
3215,"[2715, 3215]"
3216,[3216]
3217,"[2326, 2532, 2533, 3217]"
3218,[3218]
3219,[3219]
3220,[3220]
3221,[3221]
3222,[3222]
3223,"[2825, 2826, 3075, 3223, 2879]"
3224,"[2625, 3224]"
3225,"[3225, 2621, 2742]"
3226,"[2736, 3226]"
3227,"[3227, 2724]"
3228,[3228]
3229,[3229]
3230,"[2741, 3230]"
3231,[3231]
3232,[3232]
3233,"[2631, 3233]"
3234,"[3234, 2638]"
3235,[3235]
3236,[3236]
3237,[3237]
3238,[3238]
3239,[3239]
3240,[3240]
3241,[3241]
3242,[3242]
3243,"[3243, 2674]"
3244,[3244]
3245,[3245]
3246,[3246]
3247,[3247]
3248,[3248]
3249,[3249]
3250,[3250]
3251,[3251]
3252,"[3252, 846]"
3253,"[3253, 854]"
3254,"[3254, 3255, 871]"
3255,"[3254, 3255, 871]"
3256,"[3256, 1838]"
3257,"[1839, 3258, 3257, 47]"
3258,"[1839, 3258, 3257, 47]"
3259,"[3429, 3259]"
3260,[3260]
3261,[3261]
3262,"[1844, 3262, 1845, 3263, 900]"
3263,"[1844, 3262, 1845, 3263, 900]"
3264,"[3264, 906]"
3265,"[3265, 1848, 76]"
3266,[3266]
3267,"[3267, 1852]"
3268,"[3268, 1862]"
3269,"[3269, 3270, 1777]"
3270,"[3269, 3270, 1777]"
3271,"[3271, 3272, 1864, 1865, 3273, 953, 3275, 1870, 1871, 960]"
3272,"[3271, 3272, 1864, 1865, 3273, 953, 3275, 1870, 1871, 960]"
3273,"[3271, 3272, 1864, 1865, 3273, 953, 3275, 1870, 1871, 960]"
3274,"[3274, 125]"
3275,"[3271, 3272, 1864, 1865, 3273, 953, 3275, 1870, 1871, 960]"
3276,"[3276, 129]"
3277,[3277]
3278,"[3278, 961]"
3279,"[1877, 3279]"
3280,[3280]
3281,"[3281, 1881, 3282, 977, 978]"
3282,"[3281, 1881, 3282, 977, 978]"
3283,"[979, 3283, 3284, 981]"
3284,"[979, 3283, 3284, 981]"
3285,"[3285, 965]"
3286,"[3286, 998]"
3287,"[3287, 1021]"
3288,[3288]
3289,[3289]
3290,[3290]
3291,[3291]
3292,[3292]
3293,"[3293, 1419, 588]"
3294,"[3294, 1913, 1066]"
3295,"[3295, 1070, 242]"
3296,"[3296, 1069]"
3297,"[3297, 252]"
3298,"[3298, 2915]"
3299,[3299]
3300,[3300]
3301,"[3301, 1103]"
3302,"[3302, 1109]"
3303,"[3303, 1934, 268]"
3304,"[3304, 1114]"
3305,"[1939, 3305]"
3306,"[3306, 300]"
3307,"[3307, 3310]"
3308,"[3308, 314]"
3309,"[2754, 3025, 3309, 316]"
3310,"[3307, 3310]"
3311,"[1139, 3311]"
3312,"[3312, 1148]"
3313,"[3314, 3313, 1150]"
3314,"[3314, 3313, 1150]"
3315,"[3315, 1946, 1945, 1151]"
3316,"[3316, 1948, 1158, 1159]"
3317,[3317]
3318,"[2266, 3318]"
3319,[3319]
3320,"[3320, 1136]"
3321,[3321]
3322,"[3322, 1953]"
3323,[3323]
3324,"[3324, 1956]"
3325,"[3325, 1791]"
3326,"[3326, 3327]"
3327,"[3326, 3327]"
3328,"[3328, 1958, 3329, 1192, 3331, 3332, 3333, 3026]"
3329,"[3328, 1958, 3329, 1192, 3331, 3332, 3333, 3026]"
3330,"[3330, 1193]"
3331,"[3328, 1958, 3329, 1192, 3331, 3332, 3333, 3026]"
3332,"[3328, 1958, 3329, 1192, 3331, 3332, 3333, 3026]"
3333,"[3328, 1958, 3329, 1192, 3331, 3332, 3333, 3026]"
3334,"[3334, 1201]"
3335,[3335]
3336,"[3336, 360]"
3337,"[3337, 3338, 1214]"
3338,"[3337, 3338, 1214]"
3339,"[3339, 2239]"
3340,[3340]
3341,"[3341, 1220]"
3342,[3342]
3343,[3343]
3344,"[1972, 3344, 1976, 3345, 3346, 3347]"
3345,"[1972, 3344, 1976, 3345, 3346, 3347]"
3346,"[1972, 3344, 1976, 3345, 3346, 3347]"
3347,"[1972, 3344, 1976, 3345, 3346, 3347]"
3348,"[3012, 3348]"
3349,"[2463, 2269, 3349, 3350, 402]"
3350,"[2463, 2269, 3349, 3350, 402]"
3351,"[3351, 3352, 1256]"
3352,"[3351, 3352, 1256]"
3353,"[3353, 1246]"
3354,"[2241, 3143, 1247, 1978, 3354, 3355, 1249]"
3355,"[2241, 3143, 1247, 1978, 3354, 3355, 1249]"
3356,"[3356, 3107, 2084]"
3357,[3357]
3358,"[1983, 3358, 1265]"
3359,"[3359, 1634]"
3360,"[3360, 3361, 1269]"
3361,"[3360, 3361, 1269]"
3362,"[3524, 3525, 3362, 1280, 3604, 2210]"
3363,"[3363, 1285]"
3364,"[3364, 1286]"
3365,[3365]
3366,"[3366, 2467]"
3367,"[1997, 3367, 1293]"
3368,"[3368, 1292]"
3369,"[1998, 3369]"
3370,[3370]
3371,[3371]
3372,[3372]
3373,[3373]
3374,"[3374, 2693]"
3375,[3375]
3376,"[3404, 3405, 3376]"
3377,"[3377, 2920]"
3378,"[3378, 480]"
3379,[3379]
3380,"[3380, 3381, 1298, 1473]"
3381,"[3380, 3381, 1298, 1473]"
3382,[3382]
3383,[3383]
3384,"[3384, 1303, 2006, 1304]"
3385,[3385]
3386,[3386]
3387,"[3387, 3388, 2009, 3389, 2278, 3391, 2010, 1320, 3392, 3393, 3390]"
3388,"[3387, 3388, 2009, 3389, 2278, 3391, 2010, 1320, 3392, 3393, 3390]"
3389,"[3387, 3388, 2009, 3389, 2278, 3391, 2010, 1320, 3392, 3393, 3390]"
3390,"[3387, 3388, 2009, 3389, 2278, 3391, 2010, 1320, 3392, 3393, 3390]"
3391,"[3387, 3388, 2009, 3389, 2278, 3391, 2010, 1320, 3392, 3393, 3390]"
3392,"[3387, 3388, 2009, 3389, 2278, 3391, 2010, 1320, 3392, 3393, 3390]"
3393,"[3387, 3388, 2009, 3389, 2278, 3391, 2010, 1320, 3392, 3393, 3390]"
3394,"[3394, 514]"
3395,"[3395, 2046, 1415, 1328]"
3396,[3396]
3397,"[3427, 3397, 3398]"
3398,"[3427, 3397, 3398]"
3399,"[3399, 3400]"
3400,"[3399, 3400]"
3401,"[1446, 3401, 3402, 1444]"
3402,"[1446, 3401, 3402, 1444]"
3403,"[3403, 2023, 2024, 2025]"
3404,"[3404, 3405, 3376]"
3405,"[3404, 3405, 3376]"
3406,[3406]
3407,"[3407, 547]"
3408,"[3408, 1359]"
3409,"[3409, 2487, 2488, 3411, 3412, 2285, 1373]"
3410,"[3410, 2033]"
3411,"[3409, 2487, 2488, 3411, 3412, 2285, 1373]"
3412,"[3409, 2487, 2488, 3411, 3412, 2285, 1373]"
3413,[3413]
3414,[3414]
3415,[3415]
3416,[3416]
3417,[3417]
3418,"[2035, 3418, 1380, 3419]"
3419,"[2035, 3418, 1380, 3419]"
3420,"[3420, 1381]"
3421,[3421]
3422,"[3422, 2421]"
3423,"[3423, 1389]"
3424,[3424]
3425,[3425]
3426,"[3426, 574]"
3427,"[3427, 3397, 3398]"
3428,[3428]
3429,"[3429, 3259]"
3430,[3430]
3431,"[1416, 3431]"
3432,"[3432, 1421]"
3433,"[2047, 3433, 1424]"
3434,[3434]
3435,[3435]
3436,"[3436, 2051, 2052, 2053]"
3437,"[3437, 1435]"
3438,[3438]
3439,"[2893, 2894, 3059, 3209, 3071, 2857, 3439]"
3440,[3440]
3441,"[3441, 3628]"
3442,"[2509, 2510, 2503, 3442]"
3443,"[3443, 3050, 3444, 2525]"
3444,"[3443, 3050, 3444, 2525]"
3445,"[3445, 2304]"
3446,"[3446, 2056]"
3447,"[2769, 3447]"
3448,"[3451, 3452, 2249, 3448]"
3449,[3449]
3450,[3450]
3451,"[3451, 3452, 2249, 3448]"
3452,"[3451, 3452, 2249, 3448]"
3453,"[3453, 3455, 3456, 1461]"
3454,"[2780, 3454, 613]"
3455,"[3453, 3455, 3456, 1461]"
3456,"[3453, 3455, 3456, 1461]"
3457,"[3457, 3458]"
3458,"[3457, 3458]"
3459,[3459]
3460,[3460]
3461,"[2772, 2774, 2775, 3030, 2061, 2062, 3461]"
3462,"[2064, 3462, 1297]"
3463,"[3463, 3464]"
3464,"[3463, 3464]"
3465,"[1466, 2511, 3465, 1470]"
3466,[3466]
3467,"[3467, 615]"
3468,"[3468, 3469, 1587]"
3469,"[3468, 3469, 1587]"
3470,[3470]
3471,"[3471, 3472, 1484, 1485]"
3472,"[3471, 3472, 1484, 1485]"
3473,"[3473, 1482]"
3474,"[3474, 3475, 2067, 1492]"
3475,"[3474, 3475, 2067, 1492]"
3476,"[1493, 2068, 3476, 2070]"
3477,"[3477, 1505]"
3478,[3478]
3479,"[3479, 1490]"
3480,"[3068, 3069, 3480]"
3481,[3481]
3482,"[3482, 2005]"
3483,"[2675, 2514, 2515, 3483, 1512]"
3484,"[3040, 3484, 1749]"
3485,[3485]
3486,"[2785, 3486, 2792, 3051, 3089]"
3487,"[3487, 2527]"
3488,"[3043, 3619, 2530, 1761, 2864, 2865, 2897, 2898, 3091, 3488]"
3489,"[2323, 2324, 3489, 3062, 2536]"
3490,"[3490, 2786, 1528]"
3491,"[3563, 3565, 2254, 2255, 2082, 3491, 2929]"
3492,"[3587, 1730, 3562, 2083, 3492, 3536, 3540, 3573, 3576, 2190, 3577, 2164, 3543, 2166]"
3493,"[2096, 3493, 2250, 2097]"
3494,"[2098, 3494, 1283]"
3495,"[2355, 3054, 2890, 3495, 2551, 2552]"
3496,"[2797, 3496, 3141]"
3497,[3497]
3498,"[2901, 3498]"
3499,"[1590, 3499, 3500]"
3500,"[1590, 3499, 3500]"
3501,[3501]
3502,[3502]
3503,[3503]
3504,[3504]
3505,"[2805, 3505, 2127]"
3506,"[3056, 2383, 2806, 3506, 3507, 3508]"
3507,"[3056, 2383, 2806, 3506, 3507, 3508]"
3508,"[3056, 2383, 2806, 3506, 3507, 3508]"
3509,"[3509, 2606, 2607]"
3510,"[3510, 2368, 1589]"
3511,[3511]
3512,"[2143, 3512]"
3513,"[1616, 3513, 3514]"
3514,"[1616, 3513, 3514]"
3515,"[2834, 3515]"
3516,[3516]
3517,[3517]
3518,[3518]
3519,[3519]
3520,"[2833, 3520, 3521]"
3521,"[2833, 3520, 3521]"
3522,"[3621, 3522]"
3523,"[3523, 2691]"
3524,"[3524, 3525, 3362, 1280, 3604, 2210]"
3525,"[3524, 3525, 3362, 1280, 3604, 2210]"
3526,"[2270, 2271, 3526, 2148]"
3527,"[3530, 3527, 2038]"
3528,"[2629, 3528, 2225, 1645]"
3529,"[3529, 2149, 1658, 3063, 2635]"
3530,"[3530, 3527, 2038]"
3531,"[2763, 3531]"
3532,[3532]
3533,[3533]
3534,"[3534, 1671]"
3535,"[3535, 1732, 1742]"
3536,"[3587, 1730, 3562, 2083, 3492, 3536, 3540, 3573, 3576, 2190, 3577, 2164, 3543, 2166]"
3537,"[3537, 3538]"
3538,"[3537, 3538]"
3539,[3539]
3540,"[3587, 1730, 3562, 2083, 3492, 3536, 3540, 3573, 3576, 2190, 3577, 2164, 3543, 2166]"
3541,"[3541, 1681, 778]"
3542,[3542]
3543,"[3587, 1730, 3562, 2083, 3492, 3536, 3540, 3573, 3576, 2190, 3577, 2164, 3543, 2166]"
3544,"[2175, 3544, 3545, 2177, 1706]"
3545,"[2175, 3544, 3545, 2177, 1706]"
3546,[3546]
3547,"[3547, 3551, 3039, 2181, 2182, 1717, 1718, 3553, 2841, 2842, 3557, 1726, 2934]"
3548,"[3548, 3549, 3550]"
3549,"[3548, 3549, 3550]"
3550,"[3548, 3549, 3550]"
3551,"[3547, 3551, 3039, 2181, 2182, 1717, 1718, 3553, 2841, 2842, 3557, 1726, 2934]"
3552,[3552]
3553,"[3547, 3551, 3039, 2181, 2182, 1717, 1718, 3553, 2841, 2842, 3557, 1726, 2934]"
3554,"[3554, 3555]"
3555,"[3554, 3555]"
3556,"[3556, 1719]"
3557,"[3547, 3551, 3039, 2181, 2182, 1717, 1718, 3553, 2841, 2842, 3557, 1726, 2934]"
3558,"[3558, 2183, 2184, 1725, 2185]"
3559,"[3559, 2428, 3560]"
3560,"[3559, 2428, 3560]"
3561,"[2186, 3561, 2187, 1729]"
3562,"[3587, 1730, 3562, 2083, 3492, 3536, 3540, 3573, 3576, 2190, 3577, 2164, 3543, 2166]"
3563,"[3563, 3565, 2254, 2255, 2082, 3491, 2929]"
3564,[3564]
3565,"[3563, 3565, 2254, 2255, 2082, 3491, 2929]"
3566,"[3566, 2188, 2189, 3567]"
3567,"[3566, 2188, 2189, 3567]"
3568,"[3568, 3569]"
3569,"[3568, 3569]"
3570,"[3570, 3572, 2935]"
3571,"[1734, 3571]"
3572,"[3570, 3572, 2935]"
3573,"[3587, 1730, 3562, 2083, 3492, 3536, 3540, 3573, 3576, 2190, 3577, 2164, 3543, 2166]"
3574,"[1735, 3574]"
3575,[3575]
3576,"[3587, 1730, 3562, 2083, 3492, 3536, 3540, 3573, 3576, 2190, 3577, 2164, 3543, 2166]"
3577,"[3587, 1730, 3562, 2083, 3492, 3536, 3540, 3573, 3576, 2190, 3577, 2164, 3543, 2166]"
3578,[3578]
3579,[3579]
3580,[3580]
3581,"[3581, 1737]"
3582,[3582]
3583,"[3583, 2076, 2440, 829]"
3584,"[3584, 2518, 2199, 1743]"
3585,[3585]
3586,"[2843, 3586]"
3587,"[3587, 1730, 3562, 2083, 3492, 3536, 3540, 3573, 3576, 2190, 3577, 2164, 3543, 2166]"
3588,[3588]
3589,[3589]
3590,"[3590, 1378]"
3591,"[3591, 2654]"
3592,"[2847, 3592]"
3593,[3593]
3594,"[2666, 2880, 3594, 3595]"
3595,"[2666, 2880, 3594, 3595]"
3596,"[3596, 3097, 2851, 2313, 2854, 2889]"
3597,"[3597, 3598, 2516]"
3598,"[3597, 3598, 2516]"
3599,"[2204, 3599]"
3600,"[3639, 2855, 2683, 2684, 3600, 3115, 3053, 3601, 3602, 2099]"
3601,"[3639, 2855, 2683, 2684, 3600, 3115, 3053, 3601, 3602, 2099]"
3602,"[3639, 2855, 2683, 2684, 3600, 3115, 3053, 3601, 3602, 2099]"
3603,"[3603, 1573]"
3604,"[3524, 3525, 3362, 1280, 3604, 2210]"
3605,[3605]
3606,"[3606, 3607, 3608, 2212, 3611]"
3607,"[3606, 3607, 3608, 2212, 3611]"
3608,"[3606, 3607, 3608, 2212, 3611]"
3609,"[3609, 3610]"
3610,"[3609, 3610]"
3611,"[3606, 3607, 3608, 2212, 3611]"
3612,"[2194, 2191, 1684, 2165, 2642, 3612, 1754, 2198, 2196, 828]"
3613,"[1757, 3613]"
3614,"[2193, 3614, 2433, 3058, 1756]"
3615,"[3615, 2214]"
3616,"[2290, 3616, 3617]"
3617,"[2290, 3616, 3617]"
3618,"[2320, 3618]"
3619,"[3043, 3619, 2530, 1761, 2864, 2865, 2897, 2898, 3091, 3488]"
3620,"[2585, 2345, 3625, 3620]"
3621,"[3621, 3522]"
3622,"[1669, 2223, 3622, 1650]"
3623,"[2423, 2424, 2425, 2253, 2156, 2161, 3623, 1765, 2152]"
3624,"[1753, 3624, 2649, 2688]"
3625,"[2585, 2345, 3625, 3620]"
3626,"[2793, 3626]"
3627,"[2493, 3627]"
3628,"[3441, 3628]"
3629,"[3629, 2809]"
3630,[3630]
3631,"[3631, 2737, 2738]"
3632,"[2718, 3632]"
3633,[3633]
3634,[3634]
3635,"[3635, 3064, 2640]"
3636,[3636]
3637,[3637]
3638,"[2905, 2906, 3638]"
3639,"[3639, 2855, 2683, 2684, 3600, 3115, 3053, 3601, 3602, 2099]"
3640,"[3099, 3640, 2856, 2682, 2205]"
3641,"[3641, 1120]"
3642,"[3642, 1186, 1180]"
3643,[3643]
3644,[3644]
3645,[3645]
