cat,a_cat,b_cat,to_x,to_y
1,1230,1,396152.027539622,4852521.36601023
2,1797,1,398439.698633212,4857366.62137243
3,1759,1,388731.487992423,4878449.43820532
4,1996,1,436965.249937384,4898763.69312553
5,2759,1,423842.29550983,4861775.42687499
6,2763,1,431139.931143037,4868536.23657656
7,3893,1,426422.056030788,4879148.97981839
8,1475,1,425887.743962747,4879567.68713952
9,1626,1,433867.341811375,4899028.42376358
10,1682,1,390017.052809097,4852569.31862745
11,1797,1,392339.933245563,4857479.59360731
12,3554,1,432162.328664357,4890729.16996993
13,4085,1,395922.941347287,4879128.55898229
14,1610,1,393781.814367803,4879735.68921085
15,1892,1,421973.018269438,4864305.74764073
16,1965,1,436400.466248847,4888588.47736578
17,3772,1,426701.22356003,4863465.59369107
18,2402,1,427850.36498005,4861058.69985504
19,1749,1,424912.286400428,4889137.90658502
20,2066,1,421414.143749689,4854883.45263471
21,2378,1,418451.302518206,4856306.89345723
22,2448,1,431057.489559431,4858146.116618
23,2400,1,429547.435640806,4858259.392639
24,2402,1,427826.493896848,4857945.84446319
25,2297,1,424852.217084933,4857312.63064124
26,4281,1,424247.818311755,4858310.37636683
27,2594,1,430457.01230027,4879393.02297894
28,3500,1,399255.727782862,4884307.93839969
29,1428,1,392152.677206297,4894415.06211116
30,915,1,391834.07273191,4894527.2719298
31,418,1,392073.202721301,4887233.56580861
32,1892,1,398513.932678112,4860978.98504305
33,1221,1,440807.530567269,4860079.47445007
34,962,1,433586.239894899,4874006.22842181
35,2589,1,432778.855672272,4873584.25934911
36,1287,1,440989.159257451,4889131.7127604
37,2811,1,410901.376431106,4856398.04904021
38,2447,1,441563.193418549,4861995.81803238
39,2447,1,441555.282163041,4860699.96773337
40,2068,1,421000.850215355,4853790.95080035
41,2065,1,421063.586686617,4852181.65046667
42,2903,1,393634.539711458,4885894.52147323
43,2903,1,393327.557695229,4885709.37546482
44,1466,1,420612.079809489,4854753.89165216
45,1027,1,418882.938789917,4853011.01304381
46,2387,1,419933.4790778,4850584.01510992
47,1461,1,419577.630319223,4849784.53431389
48,3341,1,402083.709078759,4858618.2467764
49,1892,1,409433.98920261,4860054.15738223
50,3547,1,429890.449519893,4882732.17568253
51,3867,1,403054.560593762,4872064.60461814
52,3495,1,406160.060926407,4873115.11820156
53,4000,1,404655.887200871,4871840.3991362
54,3076,1,426639.110916878,4898916.0949814
55,948,1,396714.872050834,4878926.76659715
56,1000,1,402705.027693718,4883851.81309756
57,2983,1,401652.405700299,4881832.41955142
58,1986,1,398374.905729656,4879767.53548671
59,1415,1,397749.777491479,4884728.82551444
60,1908,1,398466.333244515,4885309.38777193
61,3534,1,401663.848810826,4885019.99893813
62,3416,1,400070.877220868,4885167.18035412
63,3437,1,390765.962660983,4896155.21005598
64,1892,1,436316.521010677,4860134.89977472
65,889,1,406737.958195469,4873341.1643208
66,1737,1,395083.601091121,4854141.86876108
67,1316,1,395718.59587194,4855812.95960687
68,1797,1,395940.36563858,4857413.39110982
69,1791,1,433557.75685493,4866623.28641696
70,3070,1,434480.742580075,4881860.92960415
71,447,1,437564.056888971,4863341.28355091
72,1944,1,436739.193454549,4863701.77498398
73,2770,1,434335.263390663,4865666.03601517
74,1908,1,398496.117959755,4887408.03151437
75,447,1,432265.470608718,4862594.68042122
76,1126,1,436909.838807547,4883870.46268542
77,2104,1,435118.577589465,4882673.59561458
78,2400,1,423165.751358153,4874278.96077362
79,3884,1,424776.608482479,4874743.65204518
80,2373,1,439777.683159001,4889885.37577322
81,2373,1,440792.231707883,4889875.60790235
82,2373,1,439928.509192952,4889882.10831674
83,1287,1,440987.791935345,4889914.99528379
84,493,1,440051.946560049,4861690.5214204
85,881,1,440812.663323537,4881011.88013678
86,2293,1,424146.397876379,4859463.64346415
87,2757,1,423980.973420553,4858664.93615747
88,3914,1,396871.628722928,4887971.04247268
89,2895,1,396939.993657152,4890892.0590865
90,2007,1,413490.757413962,4871559.56365687
91,2506,1,413490.757413962,4871559.56365687
92,4299,1,398322.272171306,4858979.16142811
93,301,1,398055.870972565,4851650.93982917
94,2051,1,398732.552587782,4855757.51270811
95,795,1,398439.698633212,4857366.62137243
96,3790,1,398322.272171306,4858979.16142811
97,1888,1,390368.80133192,4880832.45568195
98,1985,1,390947.197905139,4881438.20426301
99,3994,1,390946.34064696,4881472.29092413
100,3397,1,390368.80133192,4880832.45568195
101,710,1,390368.80133192,4880832.45568195
102,1889,1,390368.80133192,4880832.45568195
103,1349,1,390368.80133192,4880832.45568195
104,686,1,390368.80133192,4880832.45568195
105,3011,1,436752.792961203,4897965.01655042
106,1535,1,436965.249937384,4898763.69312553
107,1285,1,436965.249937384,4898763.69312553
108,1629,1,436965.249937384,4898763.69312553
109,2005,1,436965.249937384,4898763.69312553
110,1022,1,436965.249937384,4898763.69312553
111,3280,1,423842.29550983,4861775.42687499
112,2289,1,423842.29550983,4861775.42687499
113,782,1,431139.931143037,4868536.23657656
114,3468,1,427219.721414756,4877748.89061831
115,3467,1,427219.721414756,4877748.89061831
116,2943,1,427219.721414756,4877748.89061831
117,469,1,426422.056030788,4879148.97981839
118,462,1,425887.743962747,4879567.68713952
119,1996,1,434314.957858294,4898784.22885494
120,1535,1,434314.957858294,4898784.22885494
121,886,1,434314.957858294,4898784.22885494
122,1022,1,434314.957858294,4898784.22885494
123,2005,1,434314.957858294,4898784.22885494
124,516,1,434314.957858294,4898784.22885494
125,1629,1,434314.957858294,4898784.22885494
126,1285,1,434314.957858294,4898784.22885494
127,935,1,433867.341811375,4899028.42376358
128,920,1,398572.895163932,4892416.9194089
129,920,1,398583.126564653,4892779.90173093
130,3905,1,397360.619028649,4892379.23907146
131,2896,1,397360.619028649,4892379.23907146
132,751,1,390425.231397262,4896757.86931139
133,565,1,387214.320839309,4897834.7250758
134,1726,1,387214.320839309,4897834.7250758
135,1134,1,390425.231397262,4896757.86931139
136,2869,1,390425.231397262,4896757.86931139
137,3873,1,390425.231397262,4896757.86931139
138,1536,1,390425.231397262,4896757.86931139
139,4392,1,390425.231397262,4896757.86931139
140,1729,1,390425.231397262,4896757.86931139
141,1885,1,390425.231397262,4896757.86931139
142,3874,1,390425.231397262,4896757.86931139
143,1537,1,390425.231397262,4896757.86931139
144,3785,1,392408.815729868,4857567.0780773
145,1230,1,390017.052809097,4852569.31862745
146,2163,1,390047.200520779,4854209.06093994
147,1800,1,391409.790585827,4855880.19399222
148,1577,1,432162.328664357,4890729.16996993
149,3885,1,425370.572706511,4868285.02048875
150,1899,1,423930.637344132,4866676.97497283
151,2398,1,424702.70526587,4867107.28540303
152,901,1,425370.594629192,4868285.02026882
153,3549,1,436876.615363752,4890308.76778113
154,519,1,431812.555982601,4894916.11633989
155,519,1,432403.74958618,4894819.89429743
156,518,1,431812.555982601,4894916.11633989
157,518,1,432403.74958618,4894819.89429743
158,1546,1,432681.793380448,4894976.31589049
159,3994,1,406189.553436768,4887566.8840247
160,1985,1,406208.329346468,4887545.90249151
161,779,1,427850.36498005,4861058.69985504
162,573,1,424122.621710465,4889610.65436106
163,3770,1,426159.988943953,4889617.10493928
164,1778,1,426159.988943953,4889617.10493928
165,2241,1,424912.286400428,4889137.90658502
166,3072,1,424092.884466088,4889591.35125276
167,878,1,418451.322606809,4856306.89334682
168,3601,1,433431.510449431,4881895.1265477
169,1785,1,426614.194921523,4857632.39904722
170,963,1,431057.489559431,4858146.116618
171,961,1,429446.114533257,4858022.35333684
172,1300,1,427826.493896848,4857945.84446319
173,1301,1,426614.194921523,4857632.39904722
174,3120,1,430457.01230027,4879393.02297894
175,44,1,430457.01230027,4879393.02297894
176,2107,1,433431.490170763,4881895.12687385
177,2540,1,425082.307540052,4898884.67223697
178,2759,1,423836.60411098,4861094.48760919
179,3070,1,434403.028236072,4874662.03871289
180,4116,1,433253.57002336,4883504.37725503
181,2487,1,399255.727782862,4884307.93839969
182,3994,1,399249.50135638,4883799.45674264
183,3422,1,392152.677206297,4894415.06211116
184,1422,1,391834.046124237,4894527.27231516
185,408,1,392073.202721301,4887233.56580861
186,3105,1,428975.275397125,4878671.37080013
187,3104,1,428975.275397125,4878671.37080013
188,2586,1,428975.275397125,4878671.37080013
189,2938,1,429895.328133087,4881135.20439103
190,3460,1,436724.556389359,4861079.78533239
191,1993,1,406768.319703987,4874951.14751283
192,1405,1,394841.608132089,4852205.64587214
193,2930,1,435169.852960627,4869064.13475194
194,2419,1,400088.180555398,4886450.15045294
195,1345,1,419031.518218943,4854617.56848535
196,2290,1,440807.530567269,4860079.47445007
197,44,1,430421.252106378,4878248.47714949
198,2594,1,430421.252106378,4878248.47714949
199,3593,1,430421.252106378,4878248.47714949
200,2596,1,434401.423015247,4874660.0703786
201,450,1,433586.239894899,4874006.22842181
202,289,1,438477.729907777,4880407.07475473
203,1967,1,440906.557219112,4880727.4522436
204,1177,1,440906.557219112,4880727.4522436
205,1791,1,440989.159257451,4889131.7127604
206,2329,1,409987.411763955,4858023.39454397
207,2347,1,409987.411763955,4858023.39454397
208,493,1,441121.207309162,4861685.59359334
209,3893,1,426398.826351863,4875873.57681718
210,397,1,426398.826351863,4875873.57681718
211,2713,1,419403.228990721,4854826.72048693
212,2894,1,393654.418205263,4885883.55068583
213,1415,1,393245.097194119,4884801.54011542
214,1465,1,419403.228990721,4854826.72048693
215,1633,1,419031.518218943,4854617.56848535
216,845,1,419933.4790778,4850584.01510992
217,3380,1,412039.110139849,4861226.96157391
218,1114,1,411012.803945842,4860829.76733455
219,1130,1,437674.134057663,4880498.39773561
220,445,1,432831.852532063,4864984.45052629
221,1464,1,433394.764011119,4864183.25882416
222,1945,1,435121.334605552,4862545.57104726
223,2930,1,435121.334605552,4862545.57104726
224,448,1,433394.764011119,4864183.25882416
225,447,1,434007.020010477,4863365.55586736
226,3416,1,400088.180555398,4886450.15045294
227,4329,1,400501.779057062,4860601.3691223
228,2337,1,401891.866652568,4858911.89219774
229,1340,1,400501.779057062,4860601.3691223
230,2289,1,423836.60411098,4861094.48760919
231,3280,1,423836.60411098,4861094.48760919
232,1872,1,412039.130487479,4861226.96125269
233,2458,1,428876.07604021,4883459.82089916
234,2942,1,427282.044357411,4884397.27278799
235,1481,1,427282.044357411,4884397.27278799
236,3452,1,402854.319553439,4871779.42864604
237,2868,1,403054.560593762,4872064.60461814
238,893,1,406333.235600032,4873329.95835074
239,507,1,404655.887200871,4871840.3991362
240,3014,1,426327.855848166,4898924.75751738
241,3014,1,425082.307540052,4898884.67223697
242,3013,1,425082.307540052,4898884.67223697
243,2539,1,425082.307540052,4898884.67223697
244,3878,1,425082.28757464,4898884.6710419
245,2909,1,425082.28757464,4898884.6710419
246,2820,1,426639.110916878,4898916.0949814
247,3014,1,426639.110916878,4898916.0949814
248,3013,1,426639.110916878,4898916.0949814
249,522,1,426639.110916878,4898916.0949814
250,2539,1,426639.110916878,4898916.0949814
251,2540,1,426639.110916878,4898916.0949814
252,658,1,426639.110916878,4898916.0949814
253,3451,1,396714.872050834,4878926.76659715
254,1986,1,400783.130925271,4879847.69599683
255,2047,1,402705.007079305,4883851.8131776
256,3502,1,401652.405700299,4881832.41955142
257,997,1,401652.405700299,4881832.41955142
258,2491,1,400783.130925271,4879847.69599683
259,1003,1,400783.130925271,4879847.69599683
260,2490,1,400783.130925271,4879847.69599683
261,1003,1,398374.905729656,4879767.53548671
262,1603,1,398374.905729656,4879767.53548671
263,2588,1,434414.221950004,4875751.27811139
264,2110,1,434414.221950004,4875751.27811139
265,3595,1,434398.981361077,4876265.17212424
266,1907,1,397749.777491479,4884728.82551444
267,3899,1,397749.777491479,4884728.82551444
268,2410,1,398466.333244515,4885309.38777193
269,404,1,400070.877220868,4885167.18035412
270,1537,1,390408.383998977,4895676.96165223
271,1886,1,390408.383998977,4895676.96165223
272,754,1,390408.383998977,4895676.96165223
273,2870,1,390408.383998977,4895676.96165223
274,1135,1,390408.383998977,4895676.96165223
275,751,1,390408.383998977,4895676.96165223
276,1729,1,390408.383998977,4895676.96165223
277,1885,1,390408.383998977,4895676.96165223
278,3873,1,390408.383998977,4895676.96165223
279,4392,1,390408.383998977,4895676.96165223
280,405,1,390765.962660983,4896155.21005598
281,402,1,395278.638195357,4887573.93157397
282,3911,1,392486.16960313,4888620.87399383
283,2884,1,393057.465693153,4888040.17256245
284,3104,1,429654.99049507,4880554.3636452
285,2586,1,429654.99049507,4880554.3636452
286,3463,1,429895.328133087,4881135.20439103
287,493,1,439579.521694806,4861695.69005186
288,327,1,438333.523710646,4861366.91487046
289,3939,1,438333.523710646,4861366.91487046
290,878,1,438333.523710646,4861366.91487046
291,290,1,438333.523710646,4861366.91487046
292,2520,1,438333.523710646,4861366.91487046
293,1944,1,436724.556389359,4861079.78533239
294,2865,1,406333.235600032,4873329.95835074
295,1527,1,406768.299502094,4874951.14786776
296,1006,1,406768.299502094,4874951.14786776
297,950,1,406737.958195469,4873341.1643208
298,1405,1,394860.519337809,4853758.28166601
299,2364,1,395083.601091121,4854141.86876108
300,2304,1,395718.59587194,4855812.95960687
301,797,1,395718.59587194,4855812.95960687
302,1406,1,395718.59587194,4855812.95960687
303,2303,1,395718.59587194,4855812.95960687
304,1409,1,395718.59587194,4855812.95960687
305,2695,1,395718.59587194,4855812.95960687
306,4295,1,395718.59587194,4855812.95960687
307,795,1,395940.36563858,4857413.39110982
308,1792,1,433557.75685493,4866623.28641696
309,2770,1,434367.295413963,4868674.06388143
310,1945,1,435169.852960627,4869064.13475194
311,1792,1,433530.692688169,4866273.57304615
312,2107,1,434301.943567996,4881880.0688966
313,452,1,437564.056888971,4863341.28355091
314,3460,1,436739.193454549,4863701.77498398
315,2410,1,398496.117959755,4887408.03151437
316,1465,1,432265.470608718,4862594.68042122
317,3942,1,432715.407298606,4864373.31201689
318,2929,1,432715.407298606,4864373.31201689
319,449,1,432617.900942752,4864197.6734192
320,1629,1,436909.838807547,4883870.46268542
321,1633,1,433253.57002336,4883504.37725503
322,299,1,442024.84132796,4889063.96708475
323,406,1,442028.970354132,4889058.80969554
324,1966,1,440812.663323537,4881011.88013678
325,1782,1,423854.286109648,4861078.53509273
326,2884,1,396871.628722928,4887971.04247268
327,1430,1,396939.993657152,4890892.0590865
328,377,1,395278.638195357,4887573.93157397
329,2894,1,393679.069594467,4887753.86233053
330,4295,1,398732.532583457,4855757.51313946
331,1096,1,398732.552587782,4855757.51270811
332,2053,1,398732.552587782,4855757.51270811
333,1097,1,398732.552587782,4855757.51270811
334,2052,1,398732.552587782,4855757.51270811
335,2695,1,398732.532583457,4855757.51313946
336,3401,1,398732.552587782,4855757.51270811
337,1890,1,398732.552587782,4855757.51270811
338,2395,1,398732.552587782,4855757.51270811
339,3399,1,398732.552587782,4855757.51270811
340,3400,1,398732.552587782,4855757.51270811
341,1891,1,398732.552587782,4855757.51270811
342,1408,1,398732.552587782,4855757.51270811
343,2364,1,398856.362633129,4854091.8570663
344,1552,1,396452.111031447,4852083.67340814
345,1737,1,398856.362633129,4854091.8570663
346,1230,1,398090.46380615,4852492.28207769
347,3012,1,436752.792961203,4897965.01655042
348,2889,1,398582.003457222,4892783.87954452
349,409,1,398572.895163932,4892416.9194089
350,409,1,398583.126564653,4892779.90173093
351,1424,1,398582.003457222,4892783.87954452
352,4296,1,392408.815729868,4857567.0780773
353,4297,1,391409.790585827,4855880.19399222
354,1098,1,391409.790585827,4855880.19399222
355,4295,1,391409.790585827,4855880.19399222
356,2695,1,391409.790585827,4855880.19399222
357,2801,1,391409.790585827,4855880.19399222
358,1737,1,390022.067313236,4854183.09574118
359,1527,1,390047.200520779,4854209.06093994
360,3884,1,424702.70526587,4867107.28540303
361,393,1,423930.637344132,4866676.97497283
362,4052,1,437140.187257989,4885874.93069061
363,2053,1,436349.198656574,4887500.97999364
364,1511,1,436401.202514572,4888616.33867433
365,2054,1,436349.198656574,4887500.97999364
366,3226,1,424595.572969649,4889472.52020312
367,569,1,424092.884466088,4889591.35125276
368,2930,1,435131.881133411,4865383.21227944
369,3459,1,429446.114533257,4858022.35333684
370,2585,1,430434.687883799,4879390.40774197
371,2585,1,430291.4419941,4879524.73431968
372,1625,1,430291.4419941,4879524.73431968
373,3309,1,425419.869743418,4899279.31996242
374,1985,1,399249.131246768,4883770.9563478
375,959,1,438333.523710646,4861366.91487046
376,1230,1,394565.275310566,4852542.23759275
377,2054,1,395616.877642339,4850925.0187292
378,394,1,434401.423015247,4874660.0703786
379,881,1,440645.134890539,4881014.23293982
380,690,1,442024.84132796,4889063.96708475
381,1906,1,393654.418205263,4885883.55068583
382,1907,1,393245.097194119,4884801.54011542
383,3899,1,393245.097194119,4884801.54011542
384,3891,1,428876.07604021,4883459.82089916
385,3096,1,411012.803945842,4860829.76733455
386,618,1,437674.134057663,4880498.39773561
387,1432,1,439496.93511051,4880291.58950336
388,962,1,433517.306905189,4864088.65265673
389,2336,1,402083.709078759,4858618.2467764
390,4299,1,401891.866652568,4858911.89219774
391,3068,1,434480.742580075,4881860.92960415
392,3013,1,426327.855848166,4898924.75751738
393,2539,1,426327.855848166,4898924.75751738
394,2540,1,426327.855848166,4898924.75751738
395,522,1,426327.855848166,4898924.75751738
396,658,1,426327.855848166,4898924.75751738
397,1437,1,426218.368318144,4899015.86776001
398,261,1,402928.891380092,4884460.61290395
399,3547,1,434708.724076921,4876457.57710047
400,2899,1,392486.16960313,4888620.87399383
401,3910,1,392486.16960313,4888620.87399383
402,1414,1,393057.465693153,4888040.17256245
403,962,1,433530.6925616,4866273.55304563
404,450,1,433530.6925616,4866273.55304563
405,444,1,432831.852532063,4864984.45052629
406,3601,1,434301.963605752,4881880.06849497
407,1945,1,435131.881133411,4865383.21227944
408,278,1,442152.927957764,4886188.59808114
409,307,1,442055.291900362,4882625.66008607
410,3276,1,423854.286109648,4861078.53509273
411,2754,1,424146.397876379,4859463.64346415
412,1906,1,393679.069594467,4887753.86233053
413,2163,1,390018.117088636,4853119.97337518
414,2364,1,390022.067313236,4854183.09574118
415,1580,1,437140.187257989,4885874.93069061
416,4047,1,436876.615363752,4890308.76778113
417,2164,1,425419.869743418,4899279.31996242
418,312,1,442060.435880056,4882633.30476602
419,332,1,438477.729907777,4880407.07475473
420,288,1,438477.729907777,4880407.07475473
421,2524,1,438477.729907777,4880407.07475473
422,4113,1,438477.729907777,4880407.07475473
423,2520,1,438477.729907777,4880407.07475473
424,3939,1,438477.729907777,4880407.07475473
425,331,1,438477.729907777,4880407.07475473
426,1942,1,433517.306905189,4864088.65265673
427,294,1,402777.971362046,4884136.50759728
428,293,1,402865.215073847,4884352.1324346
429,208,1,402928.860126904,4884460.58200672
430,258,1,402808.247596026,4884248.38241954
431,2588,1,434421.59261874,4876447.30104197
432,1801,1,442184.234168346,4884503.58594906
433,306,1,442055.291900362,4882625.66008607
434,1175,1,442163.978241851,4884243.79109847
435,3070,1,434421.59261874,4876447.30104197
436,1712,1,442185.176139266,4884515.92460268
437,1977,1,442182.85128697,4884485.84963566
438,5,1,442214.527325067,4885027.4363854
