L  2 1
 393317.10017624707 4885637.0532761505
 393314.445672445 4885638.450991989
 1 1
L  2 1
 393292.3992380004 4885593.675582588
 393295.27776105655 4885592.830535242
 1 2
L  2 1
 393784.7150090536 4879944.18284419
 393787.71400651045 4879944.10529257
 1 3
L  2 1
 393810.0129394096 4879979.2470675595
 393809.42946879345 4879982.189780939
 1 4
L  2 1
 393329.71652546426 4885734.081217811
 393326.7169140287 4885734.129500679
 1 5
L  2 1
 393326.41445087304 4885684.567684713
 393329.41227031697 4885684.682046338
 1 6
L  2 1
 395924.7824660588 4879153.290547396
 395921.7827346812 4879153.330692914
 1 7
L  2 1
 395921.67839762784 4879103.66914595
 395924.66697941214 4879103.930639579
 1 8
L  2 1
 393777.6854925187 4879711.028386615
 393780.68448997627 4879710.950835025
 1 9
L  2 1
 393782.4693537591 4879760.333394912
 393779.492958157 4879760.708986738
 1 10
L  2 1
 393240.23380965827 4884825.856576989
 393237.33335489273 4884825.09018143
 1 11
L  2 1
 393249.4517116315 4884777.144821627
 393252.4141312975 4884777.618181663
 1 12
L  2 1
 395610.0089156188 4883194.003820479
 395607.44204267225 4883195.55661257
 1 13
L  2 1
 395599.7824159896 4883146.941445367
 395601.91811540636 4883144.834602231
 1 14
L  2 1
 392507.15202375647 4888607.702553644
 392508.7462513345 4888610.243899436
 1 15
L  2 1
 392462.31020322494 4888626.835324926
 392461.24528663204 4888624.030694354
 1 16
L  2 1
 396917.5418244428 4890901.533398907
 396915.7378750382 4890899.136366044
 1 17
L  2 1
 396964.5983034498 4890892.940694633
 396964.6345251461 4890895.940475957
 1 18
L  2 1
 400091.6935567183 4885153.691326788
 400093.3320609557 4885156.204353621
 1 19
L  2 1
 400050.49389039254 4885182.200580881
 400049.87906078744 4885179.264259278
 1 20
L  2 1
 392098.14682939294 4887232.039860621
 392098.1514586901 4887235.039857049
 1 21
L  2 1
 392048.5144818451 4887235.227115454
 392048.45664486894 4887232.227673026
 1 22
L  2 1
 396938.980482686 4877508.643559418
 396936.49904095597 4877506.957603623
 1 23
L  2 1
 396963.5558586636 4877467.839133185
 396966.4903302304 4877467.215533455
 1 24
L  2 1
 390927.69021505653 4881698.000250083
 390930.6828515795 4881698.2103135055
 1 25
L  2 1
 390920.60215509223 4881796.84570716
 390917.72309707984 4881796.0024842
 1 26
L  2 1
 389421.1697115777 4879620.473464435
 389424.1337945212 4879620.010633685
 1 27
L  2 1
 389467.92995882814 4879637.815746581
 389469.2259923959 4879640.521351319
 1 28
L  2 1
 398468.5861562797 4883597.323846812
 398468.09395648335 4883600.283194606
 1 29
L  2 1
 398414.9953987149 4883590.840761007
 398413.2267114462 4883588.417592554
 1 30
L  2 1
 395916.1091095478 4878353.114511419
 395913.10948487313 4878353.06705817
 1 31
L  2 1
 395908.8451679239 4878298.459483275
 395910.89766870305 4878296.271506915
 1 32
L  2 1
 396241.415677913 4886393.517118197
 396238.53945792303 4886392.664265003
 1 33
L  2 1
 396250.4089436185 4886352.634805207
 396253.28516361647 4886353.487658373
 1 34
L  2 1
 396738.20044994506 4878940.094492633
 396736.47724574094 4878942.5502139665
 1 35
L  2 1
 396701.405504338 4878917.940021178
 396703.12870857003 4878915.484299863
 1 36
L  2 1
 390496.8393174272 4886176.473959606
 390496.9423923168 4886179.472188344
 1 37
L  2 1
 390445.0821922485 4886184.24852359
 390443.45017753745 4886181.73127748
 1 38
L  2 1
 396914.7460614344 4878325.460110747
 396914.8537368156 4878328.458177793
 1 39
L  2 1
 396895.3294894928 4878281.63313397
 396898.32948827115 4878281.630426589
 1 40
L  2 1
 388718.3234394815 4878426.779635759
 388720.7215985015 4878424.977183731
 1 41
L  2 1
 388746.16811438586 4878470.212666603
 388743.4431098571 4878468.957935428
 1 42
L  2 1
 399258.5410153025 4884332.606064471
 399255.5412416596 4884332.64291677
 1 43
L  2 1
 399255.1553024139 4884283.093833986
 399258.14385529613 4884283.355657724
 1 44
L  2 1
 398402.37846232357 4879777.226176167
 398400.90086298937 4879779.837057283
 1 45
L  2 1
 398353.68857710576 4879755.047448785
 398355.0723909922 4879752.385671346
 1 46
L  2 1
 390341.58506393083 4880837.336720338
 390341.54435450817 4880834.336996561
 1 47
L  2 1
 390393.6214163845 4880833.898283677
 390393.0783218884 4880836.848715572
 1 48
L  2 1
 393060.9534065213 4888017.469004396
 393063.8127734557 4888018.376760274
 1 49
L  2 1
 393052.6385129857 4888065.75786611
 393049.8592402803 4888064.628422339
 1 50
L  2 1
 393062.0291703477 4888016.420474383
 393062.66957314324 4888019.351324816
 1 51
L  2 1
 393042.42423620785 4888021.917681785
 393042.33505370806 4888018.919007665
 1 52
L  2 1
 396869.55161462474 4887946.230543936
 396872.5516026583 4887946.2220705245
 1 53
L  2 1
 396870.959357122 4887995.920759441
 396867.96393837495 4887995.7550291475
 1 54
L  2 1
 401689.5301836533 4885021.9207793595
 401688.77509593073 4885024.82419847
 1 55
L  2 1
 401638.8227676629 4885019.124043309
 401639.4384282681 4885016.18789583
 1 56
L  2 1
 400114.4414077945 4886434.500322768
 400115.9436706916 4886437.097091181
 1 57
L  2 1
 400065.63989771286 4886459.346874689
 400063.85431840515 4886456.936126561
 1 58
L  2 1
 400785.673764217 4879872.422664304
 400782.67411482095 4879872.376800365
 1 59
L  2 1
 400781.81909168145 4879822.229997284
 400784.81889764656 4879822.264117246
 1 60
L  2 1
 390946.3448338836 4881413.434941524
 390949.3438409994 4881413.512118717
 1 61
L  2 1
 390945.904179726 4881497.39972471
 390942.95002837805 4881496.877240439
 1 62
L  2 1
 397765.584811064 4884748.3848698065
 397763.01197031996 4884749.927753635
 1 63
L  2 1
 397733.9688113783 4884709.598607916
 397736.32390561263 4884707.740240045
 1 64
L  2 1
 395597.59646519634 4883037.644426985
 395594.59653603064 4883037.623811435
 1 65
L  2 1
 395558.5731754037 4882902.235304525
 395561.39805063634 4882901.225314466
 1 66
L  2 1
 393636.2757560564 4885919.265401996
 393633.2759042706 4885919.295222505
 1 67
L  2 1
 393677.11128194403 4885875.294033927
 393679.33368163503 4885877.309211242
 1 68
L  2 1
 402881.0683085991 4884371.392061122
 402878.4474781339 4884372.851940457
 1 69
L  2 1
 402854.0831968903 4884329.366525099
 402856.9111134887 4884328.365082283
 1 70
L  2 1
 402944.21925674507 4884472.323704628
 402942.10116469685 4884474.448248362
 1 71
L  2 1
 402911.10213358497 4884438.914816757
 402913.75946236 4884437.522479233
 1 72
L  2 1
 401678.0597374156 4881839.635621748
 401677.1578387004 4881842.4968415415
 1 73
L  2 1
 401629.2577800933 4881823.325568278
 401630.43388659664 4881820.565718013
 1 74
L  2 1
 398498.26421441685 4885306.818074349
 398498.1776455062 4885309.81682506
 1 75
L  2 1
 398441.7821162822 4885309.513279697
 398441.4453230898 4885306.532244584
 1 76
L  2 1
 398521.2311843717 4887406.644097768
 398520.8757665554 4887409.622969732
 1 77
L  2 1
 398471.2106137997 4887408.067436793
 398468.7837832203 4887406.303777716
 1 78
L  2 1
 395302.87660930183 4887567.438856972
 395302.9270399162 4887570.438433068
 1 79
L  2 1
 395250.1575639794 4887575.252602747
 395249.5184163627 4887572.321478333
 1 80
L  2 1
 393708.1147409088 4887750.507982392
 393708.1888469072 4887753.507066969
 1 81
L  2 1
 393654.32734112797 4887751.500586899
 393654.63194882305 4887748.51609127
 1 82
L  2 1
 402823.2381849959 4884268.196744799
 402820.6616586331 4884269.733465952
 1 83
L  2 1
 402802.35694668733 4884217.7730432255
 402804.86266121466 4884216.123378196
 1 84
L  2 1
 402788.38616179914 4884159.184164027
 402785.4791452558 4884159.925281303
 1 85
L  2 1
 402772.0703025209 4884107.842986101
 402774.97380729904 4884107.088227859
 1 86
L  2 1
 406223.0056791518 4887525.794546529
 406225.2398247732 4887527.796693712
 1 87
L  2 1
 406154.2652351383 4887638.509825317
 406151.3753128647 4887637.704623943
 1 88
L  2 1
 399253.9898417233 4883880.716563861
 399250.9900680547 4883880.753414058
 1 89
L  2 1
 399249.3386011627 4883746.316484109
 399252.3383748313 4883746.279633911
 1 90
L  2 1
 402713.5281433255 4883875.171532966
 402710.6204249925 4883875.909892023
 1 91
L  2 1
 402696.4448592526 4883825.515066991
 402699.4409316914 4883825.36160709
 1 92
L  2 1
 393062.93691082904 4888015.202309131
 393065.06672671787 4888017.315099769
 1 93
L  2 1
 393063.4983404561 4888018.89612452
 393061.3685244009 4888016.783334049
 1 94