254630.133233549,4990492.30103405
254633.594260037,4990939.47397983
254416.536825234,4991997.24475162
247945.379457706,4995429.33976822
247955.764979767,4995706.30985144
238306.637117748,4989753.04207065
238421.102393848,4989625.90024179
244955.556338216,5006014.1184617
244804.034049895,5005073.85609378
249351.781959013,4999927.21623593
252790.534879911,4997536.53556336
251858.815642653,4997528.19871588
251622.152486893,4997210.85963466
244270.297818215,5003673.08497107
244272.081733088,5003696.80131648
246347.218114034,4995835.78286752
256999.977052593,4991320.91058184
250625.861232009,4990034.70429904
265172.027593096,4991255.34280685
265165.567091715,4991081.90101426
242444.194838499,5001557.12342424
257492.86681886,4994867.07498376
256899.619158622,4994892.58333171
253691.432319745,4997962.71746561
252838.414799846,4998874.40602067
261322.977793149,4990442.73727066
261328.553109188,4990521.0018644
243599.269499709,5005578.12253039
258558.027355771,4995279.96936501
258100.423910811,4995286.75566871
265742.075475394,4991363.01402242
265749.953140165,4991522.94931078
234698.365154811,4993136.56099343
254675.459041557,5003089.15799593
254673.48054112,5003088.8674723
253987.04174881,5004362.45476883
249834.59960121,5002025.32899131
246997.173650411,5001551.13686372
247765.60250774,5001558.1822192
248199.898896482,5001420.45063577
246455.089256821,5001584.4352179
246331.664822396,5002125.74780039
246541.343914434,5002537.31111423
247276.553271419,5002509.52286161
250012.668808083,4990791.7402247
250618.9519701,4990657.0262936
253780.863376557,4994319.88170307
253700.208787782,4992563.28558012
253848.195049291,4992251.45021935
253842.247563256,4992123.81921388
253839.853266279,4992103.05065319
253838.210752225,4992083.21057527
260868.817096649,4988687.27096179
242004.262010398,5006833.64996743
241999.767244361,5006631.83008839
241986.751309754,5006302.55345667
241983.066264659,5006132.57141846
241618.677145798,5007652.58802022
241615.291019461,5007916.72507534
244627.677564059,5006830.00027021
244482.946576395,5007026.15491639
244001.776075804,5007237.78745321
243727.521998825,5007570.39617426
242592.24493149,5007898.75288706
244627.677564059,5006830.00027021
244482.946576395,5007026.15491639
243785.622726397,5006216.40632043
243687.483890002,5006221.51093181
243178.702287194,5006235.89383107
241964.643220414,5005702.01673098
241954.975671478,5005417.1251184
242004.262010398,5006833.64996743
241999.767244361,5006631.83008839
241986.751309754,5006302.55345667
241983.066264659,5006132.57141846
250935.116580286,5000181.87747059
250929.559160224,5000034.58297921
250923.497405319,4999928.95318943
250910.910851072,4999755.24764446
250561.202933555,4999754.92863199
250463.708169614,4999759.0411648
248853.774151471,4998431.85462615
248636.036323848,5000020.72707801
254195.238069658,4999636.29972101
254500.175671012,4999336.44196105
257555.109003206,4993942.90511632
257555.178443721,4993736.70886214
263007.177685555,4992271.85175952
263044.34363564,4992055.95816018
264159.950784346,4992178.35200298
263301.620079862,4993550.4574185
263329.299465917,4993810.86673813
261974.039444428,4992335.7480007
261977.175760183,4992406.06043483
261990.003729238,4992606.54175438
262015.94111174,4993075.25992124
262082.055380458,4993258.77619522
262230.610599884,4993323.84102318
262347.680532407,4993316.04942419
262464.559513137,4993287.00151642
262490.242797518,4993279.01300774
262507.610335283,4993269.13210921
262601.309972099,4993206.55990455
262614.075157047,4993199.00166534
262711.128740094,4993191.10965406
262818.031708458,4993141.26190636
236236.936728098,4992097.68213048
235502.111341956,4992106.13531588
235528.832583096,4992011.97091381
235529.994258192,4992008.14431193
235567.092151968,4991892.36161009
235597.7876965,4991786.94143541
235599.916031955,4991780.27459026
235632.945942591,4991671.60213329
235845.863893084,4990987.02678453
244899.605592536,5001724.24021278
245291.205533749,5001612.14935881
245449.804303293,5001600.68410237
245457.648565922,5001605.52462241
245756.185707796,5001655.89659457
244515.160669586,5003306.21055363
244313.06616454,5003409.46133215
244390.420597376,5003406.06797694
244528.57766726,5003399.61219547
244551.464694458,5003399.02699814
244313.06616454,5003409.46133215
244390.420597376,5003406.06797694
244528.57766726,5003399.61219547
244551.464694458,5003399.02699814
253645.061344751,4997048.84032759
252816.88716968,4997195.27423486
255953.570667289,5002398.02731929
256452.522441067,5002440.17399913
257163.644695576,4998476.99412473
235647.205155623,4993887.04655724
255162.770694454,5003059.0886625
242283.400803615,5003098.93703537
242033.786665187,5003271.70195002
245553.429039326,5002692.89694047
244504.405612557,4990710.36097998
244269.368375185,4990515.32636298
243886.814410163,4990192.02106366
252004.581113507,4990366.45982495
252206.090754968,4990734.59462208
257926.469034914,4990253.36713924
257954.105129662,4990241.06615475
258527.946119013,4990491.7531843
258609.747639021,4990647.24986224
258649.924769572,4990717.22946044
258704.635215495,4990761.8669946
258877.030444211,4990634.37795121
259312.657881612,4990553.52246948
259242.19186435,4990297.63339539
260719.896185059,4989604.41786389
260770.843149901,4989480.12160356
265282.800277798,4991294.96754778
265334.387337301,4991298.66931164
265380.826693912,4991470.89633952
265387.196916039,4991575.81480584
265500.512367522,4991781.08832987
265650.658414087,4991774.82645753
257617.992930571,4988943.46643538
248769.789588934,5000015.14634604
248726.662045319,5000573.83020581
248723.112717884,5000463.23355986
248720.963034024,5000357.72648674
248715.356564791,5000300.51162837
248713.883949737,5000253.28091078
248711.294726241,5000183.32290133
243844.795780667,5003420.07833989
254795.810080368,5002271.06203173
254865.799093439,5002323.35246291
244899.605592536,5001724.24021278
245291.205533749,5001612.14935881
245449.804303293,5001600.68410237
245457.648565922,5001605.52462241
245756.185707796,5001655.89659457
261328.553109188,4990521.0018644
247123.388551774,4995813.71828746
256944.683995925,4998972.45367975
255002.694358554,4999571.5041726
265951.994975992,4992589.43306831
242883.246216974,5001714.38366633
243129.79070101,5001656.29828229
243206.925091468,5001654.75974132
243250.771184862,5001654.59223125
243466.181462343,5001646.24780267
243566.661197631,5001625.49521465
243947.539717205,5001520.02345024
244156.543358318,5001590.99556231
244188.109600526,5001603.01146091
244250.891526943,5001662.00538958
244315.915526821,5001748.01418875
244323.867017967,5001758.29637483
247123.388551774,4995813.71828746
266024.854819104,4992606.97981402
265919.98773382,4992932.76737243
265901.926515104,4992964.92609381
264942.886141991,4994440.67740406
257455.182604533,4988703.85503935
257617.992930571,4988943.46643538
255068.747565624,5003067.35377851
245948.278453379,5000750.96555264
245805.849065697,5000631.18995701
245518.295298373,5000495.24503254
245284.228195706,5000401.68569904
244958.359658041,5000577.97032577
244213.650880486,5001011.62487056
249541.853573096,4994085.72370239
250931.16018214,4994008.38888928
251894.828044942,4993257.51820355
252644.581790631,4992760.23646253
252627.715187009,4991784.642654
255814.814128394,4990514.62189919
255731.182026853,4991076.2335275
253646.397523539,4992708.10995707
253244.873931098,4992617.19321094
253215.993457562,4992420.05029098
253205.885099194,4994573.42984639
260855.800209331,4990996.15782907
261303.383155691,4990776.73016674
261332.677418198,4990770.48085803
256327.117065756,4992257.38580094
256512.6513463,4992577.191536
246504.146321633,5008029.88569963
246062.045040642,5008385.16994449
246004.671115851,5008395.57907089
245974.159687112,5008434.7036453
245960.191429952,5008459.76465556
245947.06003706,5008488.64569724
237835.722662892,4992296.69119654
237830.65601458,4992254.1726557
237799.287324066,4991733.29378446
238144.318237279,4990530.93272341
241171.660932797,5007874.53234431
241083.57665988,5007878.69326633
241053.137554112,5007880.4427839
240998.487476955,5007881.15283766
240992.627565133,5007882.34522682
240983.793916845,5007883.46967064
240880.311022495,5007886.80199689
243941.499997042,5007142.10813325
243983.021223027,5006628.37873571
243943.116144947,5007164.02107686
251947.760672346,4999525.45530807
255008.274763453,4999986.94553359
254222.964236288,5000142.64474284
236983.581682987,4994300.41386463
235727.380434311,4993844.19394538
233970.810648631,4989877.37643323
233564.348288385,4990352.88281058
233517.955990245,4990475.03721854
232903.447285141,4991078.59910329
232845.703637845,4991089.34788053
232765.624208647,4991091.91966604
233985.641630115,4989883.5625269
234223.482048514,4990714.31399271
234511.458200804,4990551.80278738
235250.701115996,4989397.6260133
249887.516671995,5002390.69194675
250486.830967241,5002436.99431787
250639.424974672,5002220.1872579
250774.268631182,5002146.02275841
245551.580102775,5010226.73005199
267643.609099222,4991479.84504971
267585.907002317,4991520.24295979
266263.924252816,4992420.20883378
253673.620737667,4993203.68678834
242283.400803615,5003098.93703537
242033.786665187,5003271.70195002
241234.098623472,5001955.69717394
241231.865429222,5002029.31615873
241241.322420838,5002210.28769802
241242.745517504,5002229.8358666
241528.627317101,5002340.96658209
254626.54728209,4990481.20501223
254387.267857675,4990462.61673809
254364.384806747,4990461.9244822
254210.328975072,4990467.16908424
254093.837644261,4990510.631069
254086.072024269,4990550.48394408
254076.774952368,4990604.54538362
254056.741959875,4990692.71569412
254039.056113105,4990743.49980317
253970.704757268,4990807.78073292
253938.415692876,4990835.91494128
253874.639852165,4990893.19248146
253756.333071585,4990944.03027913
253682.743578454,4990940.05312601
253577.957892286,4990832.66507682
253027.416237268,4990814.21742211
252827.690170333,4990802.84637343
243896.212576956,5007165.98489244
243838.433911965,5007169.05612141
243494.87052244,5007187.06539139
243397.570452261,5007190.86496751
243280.3070718,5007198.72357136
243106.175979398,5007204.94728765
243081.199606247,5007205.77652119
242565.756124622,5007219.93585407
251596.094573564,5000422.6112335
251510.941571139,4999139.78698075
248769.789588934,5000015.14634604
248418.323425525,4998391.98271219
248368.06176029,4998350.97950502
256944.683995925,4998972.45367975
254439.515905732,4999291.61656253
254447.343783993,4999319.46505106
256944.683995925,4998972.45367975
255002.694358554,4999571.5041726
238880.0635761,4989654.22221124
256976.643410026,4990279.34295104
251596.094573564,5000422.6112335
251590.991034937,5000374.46907943
251557.857762774,4999795.55646711
247603.701565798,4989000.06125671
255155.384212794,4990278.27162846
255159.34961592,4990288.4850213
255163.99933598,4990297.31873605
255169.073254269,4990305.92191651
255187.119552567,4990330.58158186
255201.144527417,4990353.10945117
255205.027869708,4990362.73911216
255309.764492372,4990442.12423293
255391.10768531,4990359.15324443
255401.899645411,4990342.57117885
255740.400237866,4990372.37014079
255865.754885016,4990366.43273008
256608.158295675,4990329.78408788
256745.781038634,4990325.89246707
256775.98730032,4990235.49510377
256805.562895673,4990211.16579703
256976.643410026,4990279.34295104
257019.13418141,4990267.15733504
257033.438415638,4990254.95756851
257434.545432246,4990247.94022978
257464.395478051,4990239.82991509
257539.953242612,4990226.20824647
255109.00673384,4990203.7356981
254805.948602205,4990215.86812179
254699.435589981,4990291.40982497
254626.54728209,4990481.20501223
254516.691895386,4990478.19338872
254387.267857675,4990462.61673809
254364.384806747,4990461.9244822
254210.328975072,4990467.16908424
254093.837644261,4990510.631069
254086.072024269,4990550.48394408
254076.774952368,4990604.54538362
254056.741959875,4990692.71569412
254039.056113105,4990743.49980317
253970.704757268,4990807.78073292
253938.415692876,4990835.91494128
253874.639852165,4990893.19248146
253756.333071585,4990944.03027913
253682.743578454,4990940.05312601
253577.957892286,4990832.66507682
253027.416237268,4990814.21742211
252827.690170333,4990802.84637343
235726.049887622,4993672.54086174
235726.049887622,4993672.54086174
255152.33113437,5003343.47103833
255155.072244525,5003405.2321669
255155.99501331,5003448.02219368
255159.732485041,5003536.64022727
254863.894590316,5002483.7687181
254839.261779699,5002725.7379603
249127.454457215,5003034.86241835
249692.158647325,5002583.73463282
233319.258022016,4988782.19130353
254290.888565359,4992414.78909237
254067.737238086,4992433.13795315
247123.388551774,4995813.71828746
250883.429309545,4990387.46046864
250984.111411743,4990382.04525339
251153.809555572,4990374.00151271
251343.416869864,4990398.01024532
251396.150673037,4990395.43214281
275454.609728075,4999029.13345646
275224.437719188,4999332.04674376
274897.179461341,4999831.69195959
274643.569204787,5000442.72535557
274589.138135159,5000793.35484608
274583.763307608,5000827.66664895
274532.491754757,5000889.22419758
274472.852606337,5001016.98863622
274458.566621626,5001036.13053487
274443.810382311,5001053.67734491
274403.431520275,5001118.42585681
274289.621566052,5001287.05028369
274231.082473977,5001389.77405627
274173.335677442,5001483.8297941
274023.707036192,5001676.67029978
273720.005991094,5001951.42404976
273627.673498041,5002052.06638343
273610.461972556,5002083.5631732
273518.502329047,5002176.99169155
273432.155972518,5002275.08940912
277359.120912523,5000295.5380983
273177.886807917,5002548.28569877
272850.923897734,5003226.31505003
272929.368250252,5003305.90615315
276903.292222003,4999764.07462182
275983.324467684,4998523.33197231
276055.451847575,4998261.61827085
279079.081615413,4995062.27220962
278572.235630761,4995393.84815002
277865.731140239,4995987.34296579
277534.131773536,4996319.05798305
277530.195922541,4996343.54906701
277408.303267982,4996456.69119735
276852.867317036,4997240.89603143
276636.374445447,4997470.32058827
276614.945122065,4997648.30087831
276258.914878925,4998353.24494837
276228.533068828,4998413.51724994
272986.065246948,5002312.39003508
272704.779582623,5002322.83432103
272695.869123189,5002325.9202186
272487.663915323,5002328.15170452
