L  2 1
 265742.03372708993 4991764.518873959
 265745.0846946651 4991776.124544851
 1 1
L  2 1
 265723.74084865954 4991778.484034368
 265723.0459190365 4991766.504173233
 1 2
L  2 1
 246867.39712128224 4998524.63902293
 246855.41279658576 4998525.25217998
 1 3
L  2 1
 246853.33985163376 4998484.73589541
 246865.32417633024 4998484.1227383595
 1 4
L  2 1
 250620.5997976143 4990439.528272021
 250608.6012234527 4990439.713253339
 1 5
L  2 1
 250609.52235242332 4990396.044761916
 250621.47613429368 4990397.096949634
 1 6
L  2 1
 265703.1641338145 4991777.927260562
 265702.81883863255 4991765.9322294565
 1 7
L  2 1
 265723.8983632769 4991766.522504302
 265722.68908130314 4991778.461417029
 1 8
L  2 1
 248712.02380610205 5000062.69930449
 248700.03540942795 5000063.2268887805
 1 9
L  2 1
 248697.47162936916 5000019.658896945
 248709.39578357586 5000018.311845925
 1 10
L  2 1
 244239.97971899525 5003417.0118886875
 244239.50627937375 5003405.0212317025
 1 11
L  2 1
 244258.87990258678 5003404.093371475
 244259.71735619826 5003416.064113785
 1 12
L  2 1
 244397.5849470194 5001796.096553675
 244397.17604101758 5001784.103522536
 1 13
L  2 1
 244411.8548268995 5001784.462259182
 244410.9445584685 5001796.427684848
 1 14
L  2 1
 250508.57096956496 4987986.161159212
 250501.04936859303 4987976.810997779
 1 15
L  2 1
 250519.68448121054 4987961.820254515
 250527.2060821245 4987971.170415995
 1 16
L  2 1
 245822.04058619664 4996913.922423553
 245834.03029608732 4996913.425576758
 1 17
L  2 1
 245835.65788590335 4996952.701923197
 245823.6681760176 4996953.198770111
 1 18
L  2 1
 251647.54736479226 4990389.148777955
 251646.96139644674 4990377.163093115
 1 19
L  2 1
 251665.41939862704 4990376.450005612
 251664.9060326529 4990388.439019558
 1 20
L  2 1
 249447.38889574836 5005953.944444464
 249442.82761285664 5005942.845133747
 1 21
L  2 1
 249488.5874134506 5005924.040055028
 249493.14869729843 5005935.139365352
 1 22
L  2 1
 265358.8477592217 4991321.221605253
 265366.0371813093 4991311.613680917
 1 23
L  2 1
 265382.6667892967 4991363.023722481
 265370.6809329002 4991362.44127382
 1 24
L  2 1
 247371.83032824888 4989030.263973838
 247372.4509214521 4989018.280031912
 1 25
L  2 1
 247421.57529564478 4989021.973416964
 247421.7748592612 4989033.971757447
 1 26
L  2 1
 235379.19896734972 4994216.701061168
 235367.25326507026 4994215.560799333
 1 27
L  2 1
 235376.21038536093 4994188.280894614
 235383.45679415105 4994197.845912107
 1 28
L  2 1
 272889.12969985494 4995867.977960294
 272880.1528051581 4995860.014584025
 1 29
L  2 1
 272904.5804123128 4995821.806053932
 272915.3104116342 4995827.178866469
 1 30
L  2 1
 273071.98341328686 5002305.158955393
 273061.8028335242 5002298.806334225
 1 31
L  2 1
 273050.7254031173 5002305.287825692
 273047.14458882477 5002293.834539307
 1 32
L  2 1
 270339.66836414376 5000609.109638115
 270327.7119568573 5000610.131560225
 1 33
L  2 1
 270341.9640161774 5000508.886017204
 270350.1820406946 5000517.630390997
 1 34
L  2 1
 270565.1086252935 5000273.736298705
 270556.0612406215 5000265.853099444
 1 35
L  2 1
 270645.98610679974 5000219.366304644
 270651.1977128243 5000230.175521205
 1 36
L  2 1
 256528.08837202928 4996601.421208952
 256516.09343525374 4996601.769765619
 1 37
L  2 1
 256514.27417495692 4996551.168642326
 256526.17281357708 4996549.612236534
 1 38
L  2 1
 257471.46493590027 5001430.679821785
 257471.0201234997 5001418.688068706
 1 39
L  2 1
 257522.47009189226 5001416.9278411735
 257522.15450027274 5001428.923690537
 1 40
L  2 1
 256780.71079145977 4998189.27577255
 256770.38262484025 4998195.385516758
 1 41
L  2 1
 256763.7933464726 4998141.398991677
 256775.79010544642 4998141.120111552
 1 42
L  2 1
 245575.34875203506 5003350.905756218
 245587.34003936395 5003350.4485602025
 1 43
L  2 1
 245565.78184533137 5003398.910480457
 245563.79674041865 5003387.075812803
 1 44
L  2 1
 244093.34447821567 4990128.307830777
 244093.89893708332 4990140.295014573
 1 45
L  2 1
 244043.9313818082 4990142.606193526
 244043.37693254784 4990130.619009284
 1 46
L  2 1
 234636.42601483423 4989380.144667184
 234648.4096192268 4989379.517590025
 1 47
L  2 1
 234660.05671689202 4989418.825078111
 234658.05090133697 4989430.656253198
 1 48
L  2 1
 238859.8826643629 5003725.408308041
 238849.02465033508 5003720.299146528
 1 49
L  2 1
 238856.26955661588 5003672.353710044
 238867.53148066314 5003668.210152786
 1 50
L  2 1
 238332.4331984767 5005490.230901211
 238320.7274124313 5005487.589959511
 1 51
L  2 1
 238347.55598674927 5005435.457400476
 238358.9053061327 5005439.355213906
 1 52
L  2 1
 237036.68781869722 5008265.757590372
 237025.7730865288 5008260.770745508
 1 53
L  2 1
 237058.6640333208 5008202.463343761
 237069.76833299722 5008207.012467709
 1 54
L  2 1
 255841.91757720514 5000773.616821539
 255834.7924571988 5000763.9611152
 1 55
L  2 1
 255870.92327669926 5000738.179696302
 255882.86082539277 5000739.402370089
 1 56
L  2 1
 245565.27163443205 5009958.146453826
 245553.27518996093 5009957.854357863
 1 57
L  2 1
 245559.22940340143 5009904.770459844
 245569.53651414654 5009910.915658627
 1 58
L  2 1
 246907.08117509418 4989000.921039429
 246907.91120903083 4988988.949780362
 1 59
L  2 1
 246955.64079412515 4988993.068764337
 246958.18963607686 4989004.794948912
 1 60
L  2 1
 250881.52348276335 4997714.318827606
 250882.09881916267 4997726.305027504
 1 61
L  2 1
 250830.37311574613 4997717.822312645
 250836.78238157788 4997707.677298524
 1 62
L  2 1
 250933.0371756501 4999997.381090686
 250921.04802344492 4999997.8912175335
 1 63
L  2 1
 250917.80683440366 4999932.90976753
 250929.79085316835 4999932.290659909
 1 64
L  2 1
 235808.99592233563 4991485.906069123
 235802.89226136237 4991475.574306316
 1 65
L  2 1
 235845.76606445428 4991458.95702449
 235857.6588606307 4991457.35658733
 1 66
L  2 1
 262588.0941266063 4988613.056872569
 262587.3761678746 4988601.078369521
 1 67
L  2 1
 262639.22422393 4988597.970739294
 262639.94218277297 4988609.949242335
 1 68
L  2 1
 246039.53393669543 4996416.382051626
 246049.74271372356 4996422.689259535
 1 69
L  2 1
 246002.00479553823 4996448.864712747
 245994.34033959676 4996439.631288944
 1 70
L  2 1
 257301.3413890844 4994870.83222845
 257301.81139905163 4994882.8230203595
 1 71
L  2 1
 257251.1931206836 4994884.80713218
 257250.72311071638 4994872.81634027
 1 72
L  2 1
 260298.52044615455 4988723.337053187
 260298.9813614215 4988735.328198133
 1 73
L  2 1
 260246.38865464466 4988737.349753185
 260245.9277394893 4988725.358608236
 1 74
L  2 1
 243968.92794207315 5005969.923026702
 243956.93068944186 5005970.179793718
 1 75
L  2 1
 243957.30851418516 5005917.518583174
 243969.29311595784 5005916.910865846
 1 76
L  2 1
 254151.6897530061 4998418.185411373
 254151.78006734292 4998430.1850715075
 1 77
L  2 1
 254100.21852309068 4998430.797772111
 254100.6989358953 4998418.807392487
 1 78
L  2 1
 257602.74628270767 4988517.475540958
 257590.75944458833 4988518.037423421
 1 79
L  2 1
 257588.39504197257 4988467.596779436
 257600.38188009145 4988467.034896964
 1 80
L  2 1
 265887.3303844855 4992982.2588840015
 265898.3380313196 4992987.037137989
 1 81
L  2 1
 265892.3020995266 4993038.355293
 265880.62132208236 4993035.60584973
 1 82
L  2 1
 266828.77056003327 4991755.119370261
 266829.3257616578 4991767.106519679
 1 83
L  2 1
 266773.49498814053 4991769.692402909
 266772.9397865215 4991757.705253491
 1 84
L  2 1
 269614.56566649204 4989589.901555831
 269625.436328461 4989594.98375106
 1 85
L  2 1
 269619.3686109382 4989646.870163938
 269607.42167375784 4989647.997413693
 1 86
L  2 1
 254387.6029089793 5003859.624952448
 254388.9792429767 5003871.545762182
 1 87
L  2 1
 254337.15863762703 5003877.293279716
 254333.85409201396 5003865.757250144
 1 88
L  2 1
 244634.1133525136 5000847.574601908
 244643.9011646584 5000854.5171326725
 1 89
L  2 1
 244607.5037024909 5000882.08542539
 244595.50579370806 5000882.3094451185
 1 90
L  2 1
 255241.1901674376 4999748.816611264
 255253.18710958137 4999749.087497216
 1 91
L  2 1
 255224.7404715104 4999807.2341315355
 255224.20766555262 4999795.245965796
 1 92
L  2 1
 234166.84446931534 4990725.081633992
 234167.77913366267 4990713.11808926
 1 93
L  2 1
 234216.2911534227 4990713.854799709
 234225.83969138234 4990721.1229097
 1 94
L  2 1
 257213.2572713101 4993711.112584921
 257213.5274981679 4993723.109541928
 1 95
L  2 1
 257167.45012771615 4993695.543821095
 257179.40095410883 4993696.629062327
 1 96
L  2 1
 243215.09299307325 5007868.779787721
 243215.77954905873 5007880.760131659
 1 97
L  2 1
 243165.97786249453 5007884.351241127
 243164.13749326149 5007872.493204143
 1 98
L  2 1
 258250.74785070424 4996491.785031127
 258238.75876144273 4996492.296635153
 1 99
L  2 1
 258238.73666236163 4996438.501655921
 258250.71484955537 4996437.778446719
 1 100
L  2 1
 257844.17029029306 4994893.94845721
 257832.17329828494 4994894.2171257
 1 101
L  2 1
 257816.74209686345 4994857.301968348
 257815.29767132556 4994845.389217413
 1 102
L  2 1
 257092.18189101096 4991263.185036808
 257091.46958414203 4991251.206196342
 1 103
L  2 1
 257119.1654657357 4991249.559296219
 257119.8777724933 4991261.538136693
 1 104
L  2 1
 243099.04443700967 5002662.8693041615
 243099.7666870533 5002674.847549228
 1 105
L  2 1
 243049.14263505218 5002677.90002225
 243048.42038388786 5002665.92177725
 1 106
L  2 1
 256271.92462531483 4991537.858782752
 256267.49951732717 4991526.704482268
 1 107
L  2 1
 256315.58989184527 4991511.905833709
 256319.37155870572 4991523.294380401
 1 108
L  2 1
 238421.4911350171 4992560.886740738
 238411.3717333439 4992567.336369392
 1 109
L  2 1
 238392.18476830565 4992519.309453831
 238403.90993353233 4992516.7559267795
 1 110
L  2 1
 237838.96291007844 4990977.600236583
 237826.9858886006 4990976.857972127
 1 111
L  2 1
 237849.58543018458 4990922.112252222
 237858.90842816644 4990929.667496007
 1 112
L  2 1
 254397.8465158045 4991833.651318207
 254407.54482317148 4991826.584293783
 1 113
L  2 1
 254416.41979219054 4991880.82358113
 254404.5649921745 4991882.684687409
 1 114
L  2 1
 255217.0428978377 4990197.136830353
 255207.72841368231 4990189.571092787
 1 115
L  2 1
 255236.20271208847 4990148.194041656
 255245.11856299452 4990156.225704163
 1 116
L  2 1
 234365.5534740219 4987778.16781444
 234377.44527129008 4987776.55997187
 1 117
L  2 1
 234382.32445976068 4987827.169904874
 234370.3386704463 4987826.586077406
 1 118
L  2 1
 253861.11521281977 4992440.861383325
 253862.82555602118 4992452.738871534
 1 119
L  2 1
 253852.6506923482 4992454.204038644
 253850.94034914678 4992442.326550435
 1 120
L  2 1
 247934.5635420118 4995286.723315612
 247946.5627573992 4995286.586092847
 1 121
L  2 1
 247946.63798319042 4995293.164089401
 247934.63876780157 4995293.30131204
 1 122
L  2 1
 249305.8944959737 5000007.405532369
 249305.56876437727 4999995.409954062
 1 123
L  2 1
 249351.03251810282 4999993.682567947
 249352.04365736616 5000005.639891952
 1 124
L  2 1
 245949.00144520178 4995359.608895173
 245948.45809358326 4995347.621202776
 1 125
L  2 1
 245998.8855959478 4995347.081297429
 245999.16107032524 4995359.07813509
 1 126
L  2 1
 247552.64044729574 4995506.6476032045
 247564.6140755763 4995505.8524769265
 1 127
L  2 1
 247515.19833031646 4995530.717012907
 247517.01711514755 4995518.855646134
 1 128
L  2 1
 265170.50979405665 4991318.017966693
 265168.82076411636 4991306.137428917
 1 129
L  2 1
 265173.613409517 4991305.283717382
 265176.6748674769 4991316.886625429
 1 130
L  2 1
 252929.1149618074 4998286.007290068
 252928.68619225555 4998274.014952653
 1 131
L  2 1
 252949.45966310997 4998232.186057807
 252958.28527933604 4998240.316771074
 1 132
L  2 1
 254062.32289211688 4997500.110130059
 254069.7558590071 4997490.689354973
 1 133
L  2 1
 254110.9823362309 4997525.189149602
 254099.27627079506 4997527.828852617
 1 134
L  2 1
 261309.91997210094 4989928.247665826
 261321.91380000504 4989927.862838324
 1 135
L  2 1
 261321.4181253719 4989978.421462338
 261309.4204460231 4989978.657450141
 1 136
L  2 1
 235227.3290372718 4992633.103841679
 235215.3335835592 4992633.43412978
 1 137
L  2 1
 235236.90910553676 4992586.8373399675
 235239.3959902512 4992598.576820552
 1 138
L  2 1
 249136.37173502843 5003263.968584001
 249124.37183119255 5003264.01662492
 1 139
L  2 1
 249123.2270519249 5003214.328344381
 249134.98428647907 5003211.926795789
 1 140
L  2 1
 246431.06333873523 5001706.911851604
 246442.90943485775 5001708.827577747
 1 141
L  2 1
 246440.14983207942 5001758.093907478
 246428.23788900755 5001759.544980272
 1 142
L  2 1
 243006.3948629673 5001670.088361283
 243002.20634559268 5001658.843081287
 1 143
L  2 1
 243055.55391165952 5001656.907733509
 243053.61740561354 5001668.750450442
 1 144
L  2 1
 260308.69199290892 4989935.766580281
 260298.92256996306 4989928.7981963
 1 145
L  2 1
 260338.3631601146 4989892.225062717
 260345.66565475744 4989901.747329883
 1 146
L  2 1
 259390.37855576054 4990247.985765205
 259390.09371544345 4990235.989146265
 1 147
L  2 1
 259441.56634356276 4990234.235102108
 259444.0864203122 4990245.967502253
 1 148
L  2 1
 258707.57119963804 4990767.6123611685
 258706.42264968596 4990755.667452922
 1 149
L  2 1
 258757.11667862092 4990750.146653284
 258758.4104466131 4990762.076706276
 1 150
L  2 1
 241628.2434508166 5006046.199855272
 241628.75571395637 5006058.188916389
 1 151
L  2 1
 241584.64738304028 5006060.073558109
 241584.1351199007 5006048.084496992
 1 152
L  2 1
 241978.5817337492 5006034.134664683
 241977.1196081828 5006046.045256138
 1 153
L  2 1
 241958.52722566001 5006044.3472468415
 241959.20973642802 5006032.36667177
 1 154
L  2 1
 241666.63650986418 5007550.798595842
 241667.1729205958 5007562.786600828
 1 155
L  2 1
 241619.52103203212 5007565.375677048
 241608.5829862059 5007560.440177732
 1 156
L  2 1
 254622.74806222672 4998236.700205976
 254610.74921285626 4998236.534032015
 1 157
L  2 1
 254610.73565988854 4998187.337396938
 254622.72270061244 4998186.779853502
 1 158
L  2 1
 262981.7694041187 4993133.574697177
 262993.5792911633 4993131.447123912
 1 159
L  2 1
 263000.45453526644 4993184.343870431
 262988.50544602465 4993185.448074348
 1 160
L  2 1
 262054.48918900182 4993194.605826265
 262053.61855188917 4993182.637451646
 1 161
L  2 1
 262081.71809894682 4993227.270923106
 262069.9868615192 4993229.796406904
 1 162
L  2 1
 262744.67258809245 4993193.537606855
 262743.1921769116 4993181.629274364
 1 163
L  2 1
 262770.95782460476 4993136.40921395
 262774.6105153552 4993147.83978044
 1 164
L  2 1
 263556.1002404468 4992266.300022865
 263556.41255842714 4992254.304087825
 1 165
L  2 1
 263607.962793778 4992252.99205957
 263608.85684534704 4992264.95870788
 1 166
L  2 1
 235836.796132234 4992187.748771224
 235836.228670235 4992175.762195947
 1 167
L  2 1
 235886.98942076054 4992174.250681612
 235886.05661876744 4992186.214371697
 1 168
L  2 1
 257672.17923750204 4990077.605734163
 257684.16292677599 4990076.980281218
 1 169
L  2 1
 257686.78329635295 4990127.186610828
 257674.799607079 4990127.812063773
 1 170
L  2 1
 256970.830488935 4988542.490593631
 256970.43726815202 4988530.4970379695
 1 171
L  2 1
 257018.80981125895 4988560.11025283
 257006.813386535 4988560.40315869
 1 172
L  2 1
 236988.32671739414 4994296.712136578
 236978.3209724479 4994303.336717173
 1 173
L  2 1
 236960.75668834132 4994255.302511043
 236970.80660217063 4994248.745131076
 1 174
L  2 1
 255187.27256386197 5003061.539972856
 255186.01773943106 5003049.605760873
 1 175
L  2 1
 255200.57649440743 5003024.318609454
 255212.57306209154 5003024.605600396
 1 176
L  2 1
 248456.91940714873 4998448.066410015
 248447.9344275213 4998456.020663035
 1 177
L  2 1
 248431.44534667337 4998409.5396449715
 248440.37632097863 4998401.524802618
 1 178
L  2 1
 246659.9411200275 5000132.600525072
 246647.9651669375 5000133.359832378
 1 179
L  2 1
 246671.93829408247 5000085.450666452
 246671.27061770752 5000097.4320773985
 1 180
L  2 1
 253680.98011462425 4993495.716623659
 253692.96527254075 4993495.119974921
 1 181
L  2 1
 253685.9528148137 4993552.982089767
 253680.17352595134 4993542.4654448535
 1 182
L  2 1
 256001.3973665089 4991774.501301324
 256012.23331351514 4991769.345503377
 1 183
L  2 1
 256031.81184444047 4991818.113043554
 256020.60759855353 4991822.410120945
 1 184
L  2 1
 232593.13657133744 4989467.891648574
 232602.9266273566 4989474.831014765
 1 185
L  2 1
 232579.66545161224 4989520.743009923
 232573.6114645707 4989510.382062046
 1 186
L  2 1
 233343.47051681462 4989481.175092893
 233340.4538367684 4989492.789723387
 1 187
L  2 1
 233317.3500781838 4989441.745446766
 233328.73316125723 4989437.947365705
 1 188
L  2 1
 246457.54334145534 5006588.961886744
 246445.54358293966 5006588.885758136
 1 189
L  2 1
 246432.7261453711 5006544.713014396
 246442.79011757486 5006538.177231085
 1 190
L  2 1
 244761.47188555033 5006569.1832267875
 244765.5802873247 5006580.458023232
 1 191
L  2 1
 244719.91603465588 5006594.810155929
 244709.86971471808 5006588.24727122
 1 192
L  2 1
 255832.57994749403 4999546.589306996
 255832.346997527 4999558.587045713
 1 193
L  2 1
 255781.28471113837 4999557.100192151
 255782.6059327726 4999545.1731483685
 1 194
L  2 1
 233066.68800755026 4992682.132192473
 233075.17705527373 4992690.613705826
 1 195
L  2 1
 233035.59744930165 4992730.228475144
 233027.10840169337 4992721.746961676
 1 196
L  2 1
 251572.14798672483 4999975.339131688
 251560.17678595617 4999976.170006021
 1 197
L  2 1
 251557.3277229356 4999909.749112581
 251569.32055901742 4999909.334525178
 1 198
L  2 1
 250776.40001765275 5001610.342843891
 250765.37306868928 5001615.07638343
 1 199
L  2 1
 250748.96895743505 5001563.460978909
 250760.96891202696 5001563.49399091
 1 200
L  2 1
 251870.85916217742 5001995.357038717
 251871.15368783957 5002007.353423783
 1 201
L  2 1
 251815.77250771783 5001999.159584581
 251819.9515665212 5001987.9107860895
 1 202
L  2 1
 250775.92394252445 5004797.915999457
 250766.42733866555 5004790.580161732
 1 203
L  2 1
 250803.05984609196 5004747.895297486
 250809.25366646703 5004758.173263684
 1 204
L  2 1
 254870.7434197878 5003035.471545152
 254882.7199412982 5003034.721256867
 1 205
L  2 1
 254882.9184272738 5003077.339087943
 254871.6159051332 5003073.307587817
 1 206
L  2 1
 243186.6127372837 5007197.314181873
 243187.23623454233 5007209.297973058
 1 207
L  2 1
 243135.41483565336 5007211.220020677
 243135.09590323168 5007199.224259672
 1 208
L  2 1
 249135.85662810996 4994238.566358267
 249135.717624975 4994226.5671633715
 1 209
L  2 1
 249190.8202021636 4994225.786024024
 249191.28511571343 4994237.777014616
 1 210
L  2 1
 247528.07346328994 4994731.99390188
 247527.56269044807 4994720.00477718
 1 211
L  2 1
 247566.44325942936 4994718.348345288
 247566.9540333816 4994730.337469942
 1 212
L  2 1
 235212.32793497868 4986174.392140316
 235200.9056013183 4986170.713785553
 1 213
L  2 1
 235193.06563999935 4986167.200488871
 235192.49840967963 4986155.213902628
 1 214
L  2 1
 247769.7004189162 5001566.716885655
 247774.77656519678 5001555.843397764
 1 215
L  2 1
 247822.82558727864 5001573.611791111
 247817.88071845734 5001584.545604368
 1 216
L  2 1
 246229.43526909858 5001518.650547914
 246227.6078263404 5001506.790511955
 1 217
L  2 1
 246279.2609650507 5001507.096362599
 246277.50694418533 5001518.967479262
 1 218
L  2 1
 253844.49039064924 4990910.962379766
 253852.5142211328 4990919.885279764
 1 219
L  2 1
 253795.1211292544 4990941.554409041
 253790.5695244656 4990930.4511260195
 1 220
L  2 1
 244405.45356398573 5001790.67386082
 244417.44845188424 5001790.323626181
 1 221
L  2 1
 244418.78284259414 5001836.223496784
 244406.78789710486 5001836.571753456
 1 222
L  2 1
 257359.4398797217 4996787.588267243
 257360.1687861133 4996799.566109097
 1 223
L  2 1
 257306.59260243273 4996802.443575334
 257307.05934479725 4996790.452655787
 1 224
L  2 1
 257414.32524874955 4999471.73413991
 257409.24007217944 4999460.86487226
 1 225
L  2 1
 257461.40642698805 4999441.084173935
 257456.78420694792 4999452.158246444
 1 226
L  2 1
 247773.86113645302 4989008.909329248
 247771.884636874 4988997.073221381
 1 227
L  2 1
 247822.07016096177 4988988.7805895
 247822.85907463025 4989000.75462872
 1 228
L  2 1
 252505.59023996934 4997614.857723296
 252505.98738471066 4997626.851149663
 1 229
L  2 1
 252451.49859878398 4997628.160161545
 252453.61479407403 4997616.348230395
 1 230
L  2 1
 261871.70571140762 4988791.165605749
 261872.98621934335 4988779.23412221
 1 231
L  2 1
 261922.29345191445 4988782.317845287
 261922.53752712556 4988794.315362833
 1 232
L  2 1
 246094.8267372304 4996298.734396177
 246104.8061360526 4996305.398598992
 1 233
L  2 1
 246083.70395480632 4996349.271250203
 246072.48973476072 4996345.000270367
 1 234
L  2 1
 254081.45530600316 4997971.667961275
 254081.50703799183 4997959.668072784
 1 235
L  2 1
 254131.36290652544 4997958.954026131
 254132.82465656957 4997970.864663679
 1 236
L  2 1
 242002.54904270777 5005234.038258197
 242001.72755271522 5005222.066409793
 1 237
L  2 1
 242010.3400872911 5005179.254295168
 242022.2440244659 5005177.73894711
 1 238
L  2 1
 243266.8263417017 5005164.427397473
 243255.6427196573 5005168.777868478
 1 239
L  2 1
 243233.78636061904 5005128.360839954
 243232.484334222 5005116.431685446
 1 240
L  2 1
 265253.24258845765 4993840.249616252
 265254.18467491027 4993852.212578809
 1 241
L  2 1
 265232.9323424889 4993889.559312309
 265222.2850144041 4993884.024476751
 1 242
L  2 1
 267845.1260828738 4991275.937950283
 267852.15406410326 4991285.664587926
 1 243
L  2 1
 267817.9460651874 4991330.746568304
 267810.49955536664 4991321.336494368
 1 244
L  2 1
 269982.9086650523 4989012.260582853
 269986.23201237764 4989023.791210007
 1 245
L  2 1
 269936.78846948926 4989037.869646388
 269932.6571850937 4989026.603214421
 1 246
L  2 1
 246246.71354252394 5000814.338738993
 246247.20909338005 5000826.328502517
 1 247
L  2 1
 246197.00684440153 5000827.804171333
 246196.69891116046 5000815.808122937
 1 248
L  2 1
 235027.85805014762 4987798.731774077
 235015.86604877436 4987799.169841494
 1 249
L  2 1
 235014.02470393712 4987748.763427539
 235026.01670530892 4987748.32536008
 1 250
L  2 1
 234078.4352113212 4989455.904521345
 234066.4501348478 4989455.306238865
 1 251
L  2 1
 234076.53035793448 4989400.209528355
 234087.15098521748 4989405.795428114
 1 252
L  2 1
 258650.8008758502 4995640.961954699
 258638.8492685238 4995642.038561552
 1 253
L  2 1
 258631.86896676486 4995592.194762048
 258641.43036662813 4995584.943580582
 1 254
L  2 1
 242069.0305482198 5003212.711189027
 242079.5909172002 5003218.410189553
 1 255
L  2 1
 242053.6155866166 5003266.543024297
 242043.0552176614 5003260.844023724
 1 256
L  2 1
 250172.3752770238 4990723.756418511
 250171.3225385972 4990711.8026851285
 1 257
L  2 1
 250237.2690831835 4990705.994918909
 250238.3218216205 4990717.948652292
 1 258
L  2 1
 259945.4880063099 4990047.90821171
 259938.2410395721 4990038.34361694
 1 259
L  2 1
 259981.8655787566 4990005.289883204
 259989.11254542338 4990014.854478028
 1 260
L  2 1
 264863.68974430335 4991466.141187915
 264852.1971012597 4991462.688774864
 1 261
L  2 1
 264866.71679651097 4991412.835194976
 264878.49598170305 4991415.126656565
 1 262
L  2 1
 232550.67550297914 4989519.579139925
 232555.66831430787 4989530.491144096
 1 263
L  2 1
 232510.6679213362 4989547.56314619
 232503.69330303877 4989537.798173091
 1 264
L  2 1
 251179.6835623515 4990378.781813947
 251179.1153970585 4990366.795271984
 1 265
L  2 1
 251219.5687219227 4990397.799026543
 251222.49527469627 4990409.436693357
 1 266
L  2 1
 250949.9623591092 5000339.445835902
 250938.05568787782 5000340.939549458
 1 267
L  2 1
 250936.33303091006 5000323.053598451
 250948.3179221709 5000322.451617169
 1 268
L  2 1
 252061.7353558531 5003193.42589663
 252049.94010092085 5003195.63314856
 1 269
L  2 1
 252068.70700426347 5003125.035804932
 252077.73790273158 5003132.937885218
 1 270
L  2 1
 247966.8906806103 5006935.881894768
 247960.5150038967 5006925.715737852
 1 271
L  2 1
 248014.79062486114 5006906.799087478
 248020.7219679549 5006917.230730163
 1 272
L  2 1
 251334.16793353774 4993660.804488014
 251324.48978915322 4993653.709875885
 1 273
L  2 1
 251353.07306231378 4993605.001789455
 251359.0511624792 4993615.406707446
 1 274
L  2 1
 250373.11296694467 4993684.948069049
 250385.09232922233 4993684.244592382
 1 275
L  2 1
 250388.42042823578 4993737.023153556
 250376.57052019227 4993738.915157615
 1 276
L  2 1
 249663.0217008151 4993786.997513796
 249651.02320464593 4993787.187486635
 1 277
L  2 1
 249659.65971844544 4993734.0832368415
 249669.58014925255 4993740.834907198
 1 278
L  2 1
 244627.1432702605 5001786.867145457
 244626.74654662548 5001774.8737051515
 1 279
L  2 1
 244676.9342103915 5001773.293283653
 244675.98517119346 5001785.255696646
 1 280
L  2 1
 243191.96930173822 5004966.427020309
 243179.99246840578 5004967.172314431
 1 281
L  2 1
 243148.67100231262 5004925.79789655
 243160.63710936438 5004924.896629649
 1 282
L  2 1
 265314.83908578905 4993694.92074612
 265323.1699607619 4993703.55767394
 1 283
L  2 1
 265282.05550174025 4993725.641537774
 265270.7812521937 4993721.531635445
 1 284
L  2 1
 268426.1206914735 4990880.196122054
 268428.02622071246 4990892.043862697
 1 285
L  2 1
 268375.9061812632 4990901.864071437
 268372.4587396249 4990890.369936143
 1 286
L  2 1
 242650.3393606449 5001905.807304946
 242638.33962596607 5001905.727507464
 1 287
L  2 1
 242639.29956892444 5001851.461116339
 242651.16299071655 5001853.266448271
 1 288
L  2 1
 241422.9487845875 5002349.563045927
 241422.5444109575 5002337.569861113
 1 289
L  2 1
 241476.3621179987 5002335.887620271
 241475.52447596932 5002347.858349399
 1 290
L  2 1
 248545.57905507824 5006677.076980046
 248534.72325459772 5006671.963116934
 1 291
L  2 1
 248572.34995041174 5006557.436588982
 248584.33760082323 5006557.980866129
 1 292
L  2 1
 250716.19040941977 4994030.00929076
 250719.55179552222 4994018.48969513
 1 293
L  2 1
 250769.49127613672 4994032.621692677
 250765.4796593283 4994043.931287303
 1 294
L  2 1
 250104.96231197738 4993591.788144336
 250104.1708435126 4993579.814273714
 1 295
L  2 1
 250155.98377836312 4993576.175457112
 250157.9627907249 4993588.011145097
 1 296
L  2 1
 241893.4451454341 5002116.78007404
 241888.28114719797 5002105.948032579
 1 297
L  2 1
 241943.61176111436 5002100.425125389
 241942.01944390763 5002112.319011462
 1 298
L  2 1
 241227.3140576191 5001904.834637316
 241239.31096824593 5001905.106915504
 1 299
L  2 1
 241240.24473973454 5001954.630512555
 241228.25600801347 5001955.150427665
 1 300
L  2 1
 263501.44246248016 4988490.720037799
 263489.7346576608 4988493.352015441
 1 301
L  2 1
 263541.3385019695 4988477.481207441
 263536.80040778144 4988488.590019309
 1 302
L  2 1
 255417.32146936367 4990336.314911544
 255408.91606810133 4990327.750495065
 1 303
L  2 1
 255453.26626549408 4990299.410026525
 255459.50054276697 4990309.663503344
 1 304
L  2 1
 246187.51034042996 5008259.972437648
 246195.73048645002 5008268.714817153
 1 305
L  2 1
 246182.28450604467 5008312.439406719
 246170.37190122533 5008313.88503683
 1 306
L  2 1
 250237.0785764806 5002510.421012692
 250241.05474399638 5002499.098906357
 1 307
L  2 1
 250289.6722976296 5002498.928269462
 250290.29646319943 5002510.912025857
 1 308
L  2 1
 235969.42529950634 4994013.955703084
 235971.39940142265 4994025.792211085
 1 309
L  2 1
 235917.80852111283 4994021.626854112
 235922.74353179417 4994010.688587816
 1 310
L  2 1
 246472.61425913358 5008030.409317594
 246474.94079998642 5008042.181624405
 1 311
L  2 1
 246423.40284463755 5008051.77639538
 246422.25932739544 5008039.831004289
 1 312
L  2 1
 248959.22170944378 5001606.091647527
 248971.2200950202 5001606.288481363
 1 313
L  2 1
 248971.61989536972 5001660.253176724
 248959.74508333128 5001658.524350806
 1 314
L  2 1
 246511.54929351385 5007227.484347612
 246511.58886112613 5007239.484282378
 1 315
L  2 1
 246457.0334934976 5007225.475038881
 246466.00468637436 5007217.505239739
 1 316
L  2 1
 252644.51611853082 4991972.739218546
 252632.53953111015 4991973.488453994
 1 317
L  2 1
 252627.40986650772 4991922.868552065
 252639.10022782432 4991920.160148055
 1 318
L  2 1
 257064.67760661812 4990227.4820945645
 257056.30183428185 4990218.888699557
 1 319
L  2 1
 257110.4170828154 4990212.521748569
 257109.8187748576 4990224.506823771
 1 320
L  2 1
 245670.16054391765 4988889.59880334
 245674.28275861233 4988878.329049748
 1 321
L  2 1
 245735.59496022534 4988927.646693473
 245727.32118756266 4988936.338338076
 1 322
L  2 1
 270323.35725246044 5000684.509495538
 270313.90720791754 5000677.113776632
 1 323
L  2 1
 270330.8273878223 5000657.414078434
 270342.77357557265 5000656.278914026
 1 324
L  2 1
 277200.519781175 4998954.236162667
 277191.70745178295 4998946.091050594
 1 325
L  2 1
 277201.94222684496 4998898.874541755
 277212.1818585211 4998905.131533296
 1 326
L  2 1
 276832.45240638993 5000580.368837111
 276820.454887093 5000580.61282629
 1 327
L  2 1
 276843.7643826286 5000535.096706546
 276846.2643954314 5000546.833398414
 1 328
L  2 1
 276727.6002268327 4997387.376923545
 276734.84336210723 4997396.944420156
 1 329
L  2 1
 276688.2440541008 4997427.165958819
 276686.7889437551 4997415.254508282
 1 330
L  2 1
 271961.94469971384 4997527.589368117
 271949.9487457111 4997527.277779344
 1 331
L  2 1
 271948.80371154187 4997479.553475578
 271959.6724421791 4997474.467151332
 1 332
L  2 1
 272060.3619779444 4998043.637520883
 272049.6695073417 4998049.084636856
 1 333
L  2 1
 271959.80164590373 4997954.611648334
 271962.78700344125 4997942.988927467
 1 334
L  2 1
 278299.2398710519 4996820.670419073
 278287.2499714451 4996820.178171758
 1 335
L  2 1
 278335.1292763994 4996793.237642903
 278340.3103098846 4996804.061546637
 1 336
L  2 1
 276825.1869495237 4997302.208239597
 276835.6938752323 4997308.005179494
 1 337
L  2 1
 276809.214528796 4997349.95433324
 276800.5428584491 4997341.659628099
 1 338
L  2 1
 273686.7126672444 5001970.6111864615
 273695.48802071955 5001978.796122098
 1 339
L  2 1
 273670.09513380483 5002018.031312707
 273658.1894553151 5002019.532918413
 1 340
L  2 1
 275214.75275943667 4999338.32913562
 275220.5929122103 4999348.8121035
 1 341
L  2 1
 275173.51385207806 4999369.680399441
 275168.18856045086 4999358.926736387
 1 342
L  2 1
 271617.4557258325 4999149.512917883
 271605.90925155545 4999146.245054397
 1 343
L  2 1
 271631.3210510134 4999103.339362339
 271640.6295952145 4999110.912406961
 1 344
L  2 1
 278149.90326868487 4997296.761328394
 278140.05470264424 4997289.905254668
 1 345
L  2 1
 278167.3601813823 4997249.683498698
 278178.3493158218 4997254.504175442
 1 346
L  2 1
 274600.24817509606 5000580.12208606
 274612.1872605029 5000581.329662
 1 347
L  2 1
 274598.0430314809 5000633.345464523
 274590.17841400014 5000624.281922617
 1 348
L  2 1
 279752.82917729235 4995622.606869495
 279742.2010570317 4995617.035239596
 1 349
L  2 1
 279766.5987261532 4995570.983618161
 279774.2266783609 4995580.247221408
 1 350
L  2 1
 278284.98336208484 4995688.504342351
 278292.2192154402 4995698.0773474295
 1 351
L  2 1
 278250.46661895525 4995729.774979048
 278238.62812839577 4995727.812801362
 1 352
L  2 1
 278353.615774633 4995622.172995751
 278364.499065222 4995627.228090799
 1 353
L  2 1
 278330.82160257857 4995673.646945542
 278318.88986578136 4995672.3687996175
 1 354
L  2 1
 275606.21635346016 4998928.978655112
 275617.2890670548 4998933.604129537
 1 355
L  2 1
 275586.2827839589 4998976.209526425
 275574.73623756104 4998972.941917775
 1 356
L  2 1
 273063.3511081733 5002306.887515584
 273070.4627471306 5002297.221875856
 1 357
L  2 1
 273075.6034457222 5002318.060027798
 273063.76151565585 5002316.118715792
 1 358
L  2 1
 273089.15516618814 5002268.0161757795
 273089.61001418484 5002280.007552401
 1 359
L  2 1
 273066.9492573411 5002296.025424175
 273066.6840753829 5002308.022493755
 1 360
L  2 1
 244259.5394768438 5003416.072421797
 244259.25751051723 5003404.075734964
 1 361
L  2 1
 244278.4709083676 5003403.4827494025
 244278.9443479844 5003415.4734063875
 1 362
L  2 1
 253901.85264827093 4992438.375230688
 253902.68161904605 4992450.346563422
 1 363
L  2 1
 253862.37476531867 4992452.782704842
 253861.76485334433 4992440.798214558
 1 364
L  2 1
 253867.8912683107 4992445.556381284
 253856.12868611634 4992447.931599195
 1 365
L  2 1
 253852.80936434845 4992429.724557006
 253864.66800149254 4992427.888058956
 1 366
L  2 1
 247938.3890775127 4995281.011998328
 247942.64257117428 4995292.232862451
 1 367
L  2 1
 247931.59307795687 4995296.223173403
 247928.54141907912 4995284.6176842665
 1 368
L  2 1
 249357.58787423387 4999999.711129792
 249345.58968069215 4999999.502918998
 1 369
L  2 1
 249345.62245435693 4999985.240152075
 249357.61069360608 4999984.709002656
 1 370
L  2 1
 265175.878271236 4991317.0333041735
 265174.60613314895 4991305.1009253375
 1 371
L  2 1
 265219.73892518855 4991299.604203881
 265221.24690399447 4991311.509076829
 1 372
L  2 1
 265181.0981998232 4991310.011745735
 265169.2699116528 4991312.034515855
 1 373
L  2 1
 265167.25159141456 4991296.240072536
 265179.2417402965 4991295.753934913
 1 374
L  2 1
 241985.7640576478 5006047.7755233245
 241973.78069631621 5006048.407228316
 1 375
L  2 1
 241972.17141240957 5006041.87997103
 241983.65811873839 5006038.40785673
 1 376
L  2 1
 241983.84399395925 5006039.274478832
 241971.94373641175 5006040.818457557
 1 377
L  2 1
 241970.3712250602 5005996.65892525
 241982.3659033398 5005996.30158372
 1 378
L  2 1
 248704.1662796458 5000024.890314368
 248702.7892472832 5000012.969585284
 1 379
L  2 1
 248727.14227134286 5000011.3066799985
 248727.54490857717 5000023.299923233
 1 380
L  2 1
 250621.43352976983 4990395.6052106125
 250609.55928581516 4990397.337934048
 1 381
L  2 1
 250607.9415150187 4990375.435965829
 250619.94145469926 4990375.397917671
 1 382
L  2 1
 254877.70840790044 5003081.353131755
 254876.89209702853 5003069.380929095
 1 383
L  2 1
 254895.3113400895 5003068.2746436335
 254895.9284868785 5003080.258763537
 1 384
L  2 1
 251665.6548656707 4990388.43054356
 251664.8702600783 4990376.45622128
 1 385
L  2 1
 251682.380368801 4990375.431494407
 251682.966337258 4990387.417179242
 1 386
L  2 1
 251658.01455415762 4990340.019834931
 251670.00300255837 4990339.493427348
 1 387
L  2 1
 251671.20919569823 4990382.656837079
 251659.2204796728 4990382.136560171
 1 388
L  2 1
 250951.1113313175 5000359.8392939875
 250939.1240017855 5000360.390593083
 1 389
L  2 1
 250938.03975727223 5000340.786380025
 250949.9989747638 5000339.797887744
 1 390
L  2 1
 250943.6088847878 5000346.228735928
 250944.5213203182 5000334.26347532
 1 391
L  2 1
 250992.54698694625 5000335.65001458
 250992.35816580075 5000347.648528929
 1 392
L  2 1
 244253.3537633915 5003410.331267407
 244265.34668563947 5003409.919180093
 1 393
L  2 1
 244266.80652368302 5003452.140894142
 244254.813716194 5003452.556307829
 1 394
L  2 1
 247934.45994106407 4995240.509995219
 247946.459859668 4995240.554193621
 1 395
L  2 1
 247946.55183922016 4995286.242423956
 247934.56811081182 4995286.867126633
 1 396
L  2 1
 249351.4927240699 5000005.656470149
 249351.7830664911 4999993.659983111
 1 397
L  2 1
 249356.7834280375 4999993.781003461
 249356.49308438753 5000005.77749047
 1 398
L  2 1
 265717.3942084176 4991773.277264217
 265729.30490438535 4991771.815990264
 1 399
L  2 1
 265732.6306011147 4991812.234694581
 265720.6570137803 4991813.030437219
 1 400
L  2 1
 248703.11037915168 5000012.943896624
 248703.64590799835 5000024.931941037
 1 401
L  2 1
 248678.9412750458 5000025.814100575
 248678.59676943516 5000013.819046766
 1 402
L  2 1
 250615.06634583336 4990402.505301418
 250616.04057901166 4990390.544913894
 1 403
L  2 1
 250650.0402748332 4990391.873584501
 250650.60844001477 4990403.860126469
 1 404
L  2 1
 254876.39586333267 5003069.431381183
 254878.00577726634 5003081.322898207
 1 405
L  2 1
 254857.99813928816 5003083.417475341
 254857.2502620808 5003071.440803029
 1 406
L  2 1
 244411.79600752427 5001796.4389623115
 244411.20296753172 5001784.453625289
 1 407
L  2 1
 244425.33903029672 5001783.69243099
 244426.12843827024 5001795.6664376315
 1 408