L  2 1
 399347.8032347389 4887109.732853431
 399352.8733233501 4887134.213339567
 1 3
L  2 1
 396317.88181528973 4886818.750799342
 396314.4216186523 4886793.991416489
 1 12
L  2 1
 388538.4404792596 4877612.739408391
 388544.13083264243 4877588.395623179
 1 15
L  2 1
 397485.4256300156 4879120.040259631
 397486.11775540136 4879095.049842218
 1 32
L  2 1
 399424.6076064081 4885216.0991389705
 399408.4088987399 4885197.057031159
 1 38
L  2 1
 399305.9436155129 4887167.931040485
 399281.0297003782 4887165.858160204
 1 40
L  2 1
 396270.05501757166 4890408.351793736
 396268.68317861226 4890383.389460955
 1 41
L  2 1
 396116.22510720545 4890368.008714799
 396141.11690805655 4890370.33212832
 1 42
L  2 1
 396341.05993976677 4886758.492428564
 396366.02922727226 4886759.731251176
 1 43
L  2 1
 393457.0568779609 4887683.31994007
 393470.5101464952 4887662.2484055795
 1 44
L  2 1
 393013.58461209515 4888032.77981164
 393012.84142505995 4888007.79086062
 1 46
L  2 1
 392294.3514773686 4887335.02957113
 392319.3508869114 4887335.2013922995
 1 47
L  2 1
 393062.16323150747 4888071.348055905
 393039.7647712456 4888060.243598336
 1 48
L  2 1
 399397.8894355637 4885170.327159992
 399407.76428573835 4885147.360067577
 1 67
L  2 1
 401731.9780085533 4885058.637522285
 401745.23019414867 4885037.438947405
 1 68
L  2 1
 402900.0089922342 4884441.377520634
 402922.6105141178 4884430.692427816
 1 77
L  2 1
 401485.4799467705 4885414.931963549
 401467.5323119565 4885397.528446532
 1 86
L  2 1
 398085.89418539463 4887435.04340709
 398063.84881774837 4887423.2535061
 1 90
L  2 1
 396329.84530356317 4890445.6269380795
 396304.8482691159 4890446.011995011
 1 92
L  2 1
 393443.88068324735 4887747.2346781725
 393431.6993115406 4887725.403182956
 1 93
L  2 1
 393621.8049928974 4885958.601821214
 393646.65429782757 4885955.861010296
 1 94
L  2 1
 393586.3899245535 4886020.093233115
 393585.7644229354 4885995.101059386
 1 96
L  2 1
 393522.69855995366 4878437.495778733
 393497.88158308034 4878434.476232597
 1 100
L  2 1
 397527.63574395125 4879076.936000458
 397552.63573667576 4879076.916927542
 1 103
L  2 1
 390594.672721991 4875951.812740824
 390591.854718412 4875976.653410216
 1 104
L  2 1
 397570.9742045844 4878301.919513842
 397571.32440701255 4878326.917060887
 1 107
L  2 1
 398063.4907498844 4887383.0540863285
 398080.27829085663 4887364.529009591
 1 108
L  2 1
 397476.73310077743 4878327.83774375
 397473.44035466254 4878303.055535959
 1 113
L  2 1
 397909.5323903208 4890828.206591124
 397918.38613771717 4890804.826874336
 1 119
L  2 1
 406264.1987664847 4887505.0415321905
 406247.9452047523 4887486.04622406
 1 132
L  2 1
 396885.2990438737 4878247.90124964
 396910.2990336934 4878247.87868824
 1 134
L  2 1
 398070.127765747 4891185.288893605
 398069.769889503 4891160.291455245
 1 143
L  2 1
 392328.9266876124 4887339.687070452
 392349.0590169526 4887354.508990549
 1 145