L  2 1
 393783.7195178587 4879944.370131596
 393786.71851531626 4879944.292580004
 1 1
L  2 1
 393809.2270805248 4879980.815451607
 393808.6435448262 4879983.758152083
 1 2
L  2 1
 393317.1006921176 4885637.053406119
 393314.44581070845 4885638.450404581
 1 3
L  2 1
 393292.40779352136 4885593.671127955
 393295.2863274756 4885592.826117734
 1 4
L  2 1
 395924.7824660588 4879153.290547396
 395921.7827346812 4879153.330692914
 1 5
L  2 1
 395922.7979181558 4879103.5988737745
 395925.74673267314 4879104.150682566
 1 6
L  2 1
 393778.6809837136 4879710.84109921
 393781.67998117045 4879710.76354759
 1 7
L  2 1
 393782.9648127904 4879760.44926077
 393779.96581533353 4879760.52681239
 1 8
L  2 1
 393329.71651213313 4885734.081273946
 393326.7168989269 4885734.129446684
 1 9
L  2 1
 393326.41445087304 4885684.567684698
 393329.4122703159 4885684.682046353
 1 10
L  2 1
 400091.23977951007 4885152.7934119385
 400092.87828351895 4885155.306438921
 1 11
L  2 1
 400050.08485971834 4885181.265369319
 400049.19686781475 4885178.399802991
 1 12
L  2 1
 392098.1468204524 4887232.039839491
 392098.15146176366 4887235.0398359
 1 13
L  2 1
 392048.5142739396 4887235.226694737
 392048.4568530415 4887232.227244314
 1 14
L  2 1
 392507.15202375647 4888607.702553644
 392508.7462513345 4888610.243899436
 1 15
L  2 1
 392462.49663808633 4888626.926099486
 392461.1437587387 4888624.248466675
 1 16
L  2 1
 396917.7979289415 4890902.5525983395
 396916.04344583856 4890900.11912571
 1 17
L  2 1
 396964.3891415811 4890893.39321021
 396964.7238215869 4890896.37448331
 1 18
L  2 1
 393239.27654025157 4884825.633108033
 393236.3641846775 4884824.913257347
 1 19
L  2 1
 393249.0472000798 4884776.844232308
 393251.9476548672 4884777.610627783
 1 20
L  2 1
 390927.6902154061 4881698.000249432
 390930.6828518348 4881698.2103141975
 1 21
L  2 1
 390922.33584829257 4881796.913744156
 390919.34902397345 4881796.632887454
 1 22
L  2 1
 389421.15587274224 4879620.514984048
 389424.12141646474 4879620.061607351
 1 23
L  2 1
 389467.9861889018 4879637.691912127
 389469.27581658715 4879640.400576084
 1 24
L  2 1
 388718.3228735538 4878426.77686743
 388720.7243587232 4878424.97884936
 1 25
L  2 1
 388746.09147042735 4878470.266206214
 388743.3657421977 4878469.013047956
 1 26
L  2 1
 399258.5410153017 4884332.6060644565
 399255.5412416593 4884332.642916785
 1 27
L  2 1
 399255.08804608573 4884283.089190896
 399258.07659154624 4884283.351099336
 1 28
L  2 1
 393636.2757560564 4885919.265401996
 393633.2759042706 4885919.295222505
 1 29
L  2 1
 393657.0174552069 4885881.789316951
 393657.32028001413 4885884.773994009
 1 30
L  2 1
 396738.20044994407 4878940.094492633
 396736.47724573995 4878942.5502139665
 1 31
L  2 1
 396701.40579230135 4878917.940223244
 396703.12899651466 4878915.484501916
 1 32
L  2 1
 398401.9724210871 4879778.073462255
 398400.5559815989 4879780.718022555
 1 33
L  2 1
 398353.6091749597 4879754.800312343
 398355.3286660522 4879752.341989667
 1 34
L  2 1
 393060.952909729 4888017.469467294
 393063.8124617981 4888018.376639805
 1 35
L  2 1
 393052.6385129867 4888065.75786611
 393049.8592402813 4888064.628422339
 1 36
L  2 1
 393062.93679337826 4888015.202239706
 393065.06656928774 4888017.315070645
 1 37
L  2 1
 393063.49790711567 4888018.896313547
 393061.3681311914 4888016.783482623
 1 38
L  2 1
 396870.5185264803 4887946.305095321
 396873.5184193987 4887946.27974817
 1 39
L  2 1
 396872.2162676614 4887996.219247359
 396869.2938115706 4887995.5415672
 1 40
L  2 1
 390341.5850637772 4880837.3367203465
 390341.5443546618 4880834.336996564
 1 41
L  2 1
 390393.55674872355 4880834.368328728
 390393.0137739245 4880837.318782654
 1 42
L  2 1
 401690.19944293395 4885018.19090863
 401688.90672583604 4885020.898099518
 1 43
L  2 1
 401639.51563899784 4885019.578469026
 401638.7443236971 4885016.679318684
 1 44
L  2 1
 390946.3448338685 4881413.434941509
 390949.3438409835 4881413.512118732
 1 45
L  2 1
 390945.97349530685 4881497.420469057
 390943.0215344731 4881496.885747414
 1 46
L  2 1
 400114.4414079096 4886434.500322708
 400115.94367057644 4886437.097091253
 1 47
L  2 1
 400065.4080251214 4886459.040418797
 400063.8712261796 4886456.463938831
 1 48
L  2 1
 402944.2191746858 4884472.323622544
 402942.1010847833 4884474.4481684165
 1 49
L  2 1
 402911.10213358497 4884438.914816757
 402913.75946236 4884437.522479233
 1 50
L  2 1
 401677.666163167 4881840.552541701
 401676.75597244105 4881843.411134509
 1 51
L  2 1
 401628.89865893824 4881823.348583968
 401630.5931891018 4881820.872989591
 1 52
L  2 1
 400785.673764217 4879872.422664304
 400782.67411482095 4879872.376800365
 1 53
L  2 1
 400781.44715438114 4879822.125684083
 400784.44102844986 4879822.317303657
 1 54
L  2 1
 397766.404051847 4884747.806586515
 397763.83121110295 4884749.349470343
 1 55
L  2 1
 397734.198281441 4884709.8145104265
 397736.113779253 4884707.505643143
 1 56
L  2 1
 398521.2288816352 4887406.648402278
 398520.8768331218 4887409.6276743105
 1 57
L  2 1
 398470.6573750659 4887410.411849358
 398469.3685346101 4887407.702810732
 1 58
L  2 1
 402881.06830859324 4884371.392061111
 402878.4474781407 4884372.851940468
 1 59
L  2 1
 402854.0763262729 4884329.370159264
 402856.9041987291 4884328.368591807
 1 60
L  2 1
 402788.38616179914 4884159.184164027
 402785.4791452558 4884159.925281303
 1 61
L  2 1
 402772.0703025209 4884107.842986101
 402774.97380729904 4884107.088227859
 1 62
L  2 1
 398498.2642144188 4885306.81807436
 398498.1776455082 4885309.81682507
 1 63
L  2 1
 398441.782044999 4885309.0362652335
 398441.44539491093 4885306.055213956
 1 64
L  2 1
 393708.1147409088 4887750.507982392
 393708.1888469072 4887753.507066969
 1 65
L  2 1
 393654.05139453587 4887752.621651037
 393654.6514761311 4887749.682280002
 1 66
L  2 1
 395302.8648527933 4887567.452196521
 395302.94227978576 4887570.451197199
 1 67
L  2 1
 395250.23995623644 4887573.003553874
 395249.4346497266 4887570.113660895
 1 68
L  2 1
 402823.2381849989 4884268.196744799
 402820.6616586361 4884269.733465952
 1 69
L  2 1
 402802.3774626735 4884217.768691296
 402804.88328126044 4884216.119184336
 1 70
L  2 1
 399253.9898417233 4883880.716563861
 399250.9900680547 4883880.753414058
 1 71
L  2 1
 399249.3386011627 4883746.316484109
 399252.3383748313 4883746.279633911
 1 72
L  2 1
 406223.0056791459 4887525.794546537
 406225.2398247821 4887527.796693703
 1 73
L  2 1
 406154.2620691383 4887638.506757827
 406151.3714481268 4887637.704068492
 1 74
L  2 1
 402713.5281433172 4883875.171532935
 402710.6204250029 4883875.9098920645
 1 75
L  2 1
 402696.4135901251 4883825.521631855
 402699.40965579794 4883825.368039914
 1 76
L  2 1
 393062.0293494993 4888016.420492182
 393062.6685574017 4888019.351603448
 1 77
L  2 1
 393042.4242360523 4888021.917681796
 393042.3350538596 4888018.9190076655
 1 78