L  2 1
 393782.2200191299 4879944.408907392
 393788.21801404504 4879944.253804208
 1 1
L  2 1
 393809.51884837414 4879979.344101369
 393808.35177697684 4879985.22950232
 1 2
L  2 1
 393318.42813282216 4885636.354906888
 393313.1183700039 4885639.148903812
 1 3
L  2 1
 393290.9685265442 4885594.093633066
 393296.72559445276 4885592.403612624
 1 4
L  2 1
 395926.2823317475 4879153.270474637
 395920.2828689925 4879153.350765673
 1 5
L  2 1
 395921.32351089705 4879103.322969379
 395927.2211399319 4879104.426586961
 1 6
L  2 1
 393777.18148498517 4879710.87987502
 393783.1794798989 4879710.72477178
 1 7
L  2 1
 393784.4643115188 4879760.41048496
 393778.4663166051 4879760.5655882
 1 8
L  2 1
 393331.2163187363 4885734.057187578
 393325.2170923237 4885734.153533053
 1 9
L  2 1
 393324.91554115165 4885684.51050387
 393330.9111800373 4885684.73922718
 1 10
L  2 1
 400090.4205275056 4885151.536898447
 400093.69753552345 4885156.562952412
 1 11
L  2 1
 400050.52885567007 4885182.698152483
 400048.752871863 4885176.967019827
 1 12
L  2 1
 392098.1444997968 4887230.539841286
 392098.1537824193 4887236.539834105
 1 13
L  2 1
 392048.5429843886 4887236.726419948
 392048.4281425925 4887230.727519102
 1 14
L  2 1
 392506.35490996746 4888606.431880749
 392509.5433651235 4888611.514572331
 1 15
L  2 1
 392463.1730777601 4888628.264915892
 392460.46731906495 4888622.909650269
 1 16
L  2 1
 396918.67517049296 4890903.769334655
 396915.1662042871 4890898.902389394
 1 17
L  2 1
 396964.2218015782 4890891.90257366
 396964.89116158977 4890897.86511986
 1 18
L  2 1
 393240.7327180386 4884825.9930333765
 393234.90800689044 4884824.553332004
 1 19
L  2 1
 393247.59697268606 4884776.461034569
 393253.3978822609 4884777.993825522
 1 20
L  2 1
 390926.1938971917 4881697.89521705
 390932.1791700492 4881698.31534658
 1 21
L  2 1
 390923.82926045207 4881797.054172507
 390917.85561181395 4881796.492459103
 1 22
L  2 1
 389419.673100881 4879620.741672397
 389425.604188326 4879619.834919002
 1 23
L  2 1
 389467.34137505916 4879636.337580148
 389469.9206304298 4879641.7549080625
 1 24
L  2 1
 388717.122130969 4878427.675876465
 388721.925101308 4878424.079840325
 1 25
L  2 1
 388747.45433454216 4878470.892785342
 388742.0028780829 4878468.386468828
 1 26
L  2 1
 399260.040902123 4884332.587638293
 399254.04135483806 4884332.661342948
 1 27
L  2 1
 399253.59377335553 4884282.958236676
 399259.57086427644 4884283.482053556
 1 28
L  2 1
 393637.7756819494 4885919.25049174
 393631.7759783776 4885919.310132761
 1 29
L  2 1
 393656.8660428033 4885880.296978422
 393657.47169241775 4885886.266332538
 1 30
L  2 1
 396739.0620520462 4878938.866631965
 396735.61564363784 4878943.778074634
 1 31
L  2 1
 396700.5441901947 4878919.168083908
 396703.9905986213 4878914.256641252
 1 32
L  2 1
 398402.68064083124 4879776.751182106
 398399.84776185476 4879782.040302704
 1 33
L  2 1
 398352.74942941347 4879756.029473682
 398356.18841159844 4879751.112828328
 1 34
L  2 1
 393059.52313369437 4888017.015881039
 393065.2422378327 4888018.83022606
 1 35
L  2 1
 393054.0281493395 4888066.322587994
 393048.4696039285 4888064.063700455
 1 36
L  2 1
 393061.8719054236 4888014.145824237
 393066.1314572424 4888018.371486114
 1 37
L  2 1
 393064.5627950778 4888019.952729009
 393060.3032432293 4888015.727067161
 1 38
L  2 1
 396869.0185800211 4887946.317768896
 396875.0183658579 4887946.267074594
 1 39
L  2 1
 396873.6774957069 4887996.558087437
 396867.83258352516 4887995.202727121
 1 40
L  2 1
 390341.60541833495 4880838.836582237
 390341.52400010405 4880832.837134673
 1 41
L  2 1
 390393.8282361231 4880832.893101765
 390392.74228652497 4880838.794009617
 1 42
L  2 1
 401690.8458014829 4885016.837313186
 401688.2603672871 4885022.251694962
 1 43
L  2 1
 401639.90129664826 4885021.028044198
 401638.3586660467 4885015.229743512
 1 44
L  2 1
 390944.8453303109 4881413.396352897
 390950.8433445411 4881413.550707343
 1 45
L  2 1
 390947.4494757237 4881497.687829879
 390941.54555405624 4881496.618386592
 1 46
L  2 1
 400113.6902765762 4886433.2019384345
 400116.69480190985 4886438.395475526
 1 47
L  2 1
 400066.17642459227 4886460.32865878
 400063.1028267087 4886455.175698848
 1 48
L  2 1
 402945.278219637 4884471.261349607
 402941.0420398321 4884475.510441354
 1 49
L  2 1
 402909.77346919745 4884439.610985519
 402915.0881267475 4884436.826310471
 1 50
L  2 1
 401678.12125853 4881839.123245297
 401676.300877078 4881844.8404309135
 1 51
L  2 1
 401628.0513938564 4881824.586381158
 401631.4404541836 4881819.635192402
 1 52
L  2 1
 400787.173588915 4879872.445596275
 400781.174290123 4879872.353868394
 1 53
L  2 1
 400779.95021734684 4879822.029874297
 400785.93796548416 4879822.413113443
 1 54
L  2 1
 397767.690472219 4884747.035144602
 397762.5447907309 4884750.120912257
 1 55
L  2 1
 397733.240532535 4884710.968944068
 397737.07152815897 4884706.351209502
 1 56
L  2 1
 398521.4049058918 4887405.158766262
 398520.7008088652 4887411.117310327
 1 57
L  2 1
 398471.30179529375 4887411.766368671
 398468.72411438223 4887406.3482914185
 1 58
L  2 1
 402882.37872381957 4884370.662121432
 402877.1370629144 4884373.581880147
 1 59
L  2 1
 402852.6623900449 4884329.870942993
 402858.3181349571 4884327.8678080775
 1 60
L  2 1
 402789.8396700708 4884158.813605389
 402784.02563698415 4884160.295839941
 1 61
L  2 1
 402770.61855013185 4884108.220365222
 402776.42555968807 4884106.710848738
 1 62
L  2 1
 398498.30749887414 4885305.318699004
 398498.1343610529 4885311.316200426
 1 63
L  2 1
 398441.95037004305 4885310.526790872
 398441.2770698669 4885304.5646883175
 1 64
L  2 1
 393708.07768790954 4887749.008440103
 393708.2258999064 4887755.006609257
 1 65
L  2 1
 393653.75135373825 4887754.091336554
 393654.95151692873 4887748.212594485
 1 66
L  2 1
 395302.826139297 4887565.952696183
 395302.98099328205 4887571.950697537
 1 67
L  2 1
 395250.64260949136 4887574.448500363
 395249.0319964717 4887568.668714406
 1 68
L  2 1
 402824.5264481803 4884267.428384222
 402819.3733954547 4884270.501826528
 1 69
L  2 1
 402801.12455338007 4884218.593444775
 402806.1361905539 4884215.294430857
 1 70
L  2 1
 399255.48972855764 4883880.698138762
 399249.49018122035 4883880.771839157
 1 71
L  2 1
 399247.8387143284 4883746.334909207
 399253.8382616656 4883746.261208813
 1 72
L  2 1
 406221.8886063278 4887524.793472954
 406226.3568976002 4887528.797767286
 1 73
L  2 1
 406155.70737964404 4887638.908102494
 406149.92613762105 4887637.302723825
 1 74
L  2 1
 402714.9820024743 4883874.80235337
 402709.1665658458 4883876.27907163
 1 75
L  2 1
 402694.9155572886 4883825.598427824
 402700.9076886344 4883825.291243945
 1 76
L  2 1
 393061.70974554814 4888014.954936548
 393062.98816135287 4888020.817159082
 1 77
L  2 1
 393042.4688271487 4888023.417018861
 393042.2904627632 4888017.4196706
 1 78