from_cat,to_x,to_y,dist
3248,455719.99970872,4825684.04680785,0.00882857646524456
3252,471269.098426152,4838847.68016004,5.404714620692
3253,459678.142121184,4823249.46509705,0.992913898473366
3255,492007.124083525,4839219.23645096,6.56858921821753
3256,489192.893684317,4840589.12516289,10.5638788306875
3259,476082.531617672,4823269.40712214,3.20296607770897
3260,459357.102210383,4819302.84444631,0.204928971696672
3261,491220.930388541,4839687.448536,7.4465720880994
3263,484769.078389059,4843719.45134359,7.00249958569025
3264,495106.543478507,4837462.09475635,7.71059849748756
3265,486600.678422823,4843768.94430173,10.8064804833242
3267,483146.135616421,4842102.03051108,2.70153945932699
3269,471784.922962891,4820364.54644451,3.71674765411741
3270,471425.596554041,4820801.57613609,2.80828704512079
3271,473472.580887684,4825082.52205243,5.85316689293807
3273,486367.842287861,4843357.80320061,0.933301350821642
3274,486372.742710363,4841526.22283619,3.31717033180729
3275,455623.142268942,4826061.08606325,1.56737157826506
3276,470864.212987814,4841269.50780614,3.62724040701238
3277,453535.362937622,4829293.61220553,1.395216504455
3278,470998.517,4816997.3522,6.98432536814116
3280,483547.920753923,4845912.00492428,4.781317363996
3285,486606.052652416,4842123.94293967,4.2666751870816
3287,477464.578436792,4822330.36554573,6.89724372279095
3288,490388.771300464,4845779.20553201,0.807477735804111
3289,477855.351652279,4816761.34780987,2.06925713971256
3290,457921.245708381,4822831.37841499,0.467627452038371
3291,454873.9158,4816452.6025,4.76478178859672
3292,475839.010931375,4816876.87259632,2.79395784524512
3293,484779.969083772,4840901.85944964,3.22337662594516
3294,455663.691478051,4817254.64186745,1.52896735390792
3315,465818.7378,4836963.7975,36.3519398230015
3377,471307.702918632,4820766.53053011,2.36450835731419
3378,471335.075252143,4820774.9733464,0.78627506858844
3382,450184.346804589,4834142.20590864,1.53852789244801
3383,459054.196201447,4854409.8868886,3.3220138433525
3384,459264.04849991,4851811.73171954,2.51024822826482
3385,473770.978331079,4852259.03404834,0.477000425894393
3386,449396.144984312,4839519.01341528,3.8569836825287
3388,483128.994068251,4832389.15703374,13.3717738544163
3389,463223.590956397,4846963.25502309,0.991352548366342
3392,484612.251293634,4850170.9249721,18.1975986271461
3393,471869.436658477,4826588.8866907,3.57685165574862
3396,485257.295197743,4848572.92177416,5.17118858396283
3397,487957.999097721,4848513.30861434,0.973262302215669
3398,452002.165188313,4821322.05528279,3.54470148129834
3399,462236.129058415,4838504.65673294,7.1686563589061
3401,488458.89456105,4817919.89053434,2.40370461008654
3403,479915.240911715,4846512.18987784,2.34388803245862
3404,475105.689260577,4852187.70374059,3.04489758268092
3405,484770.549326476,4838889.34646092,6.4474539240149
3409,492791.223155837,4848568.55822993,1.41057978144912
3410,465734.316295891,4852595.82776069,4.49892182588978
3411,464646.519662491,4837291.26107182,0.924528573872019
3412,470220.905989029,4821355.28612618,0.0791847999783564
3413,455916.32073483,4854287.88629439,12.3523071703046
3415,481548.587371594,4829864.0381811,6.74973519228243
3419,486611.618138003,4821143.46247693,4.29511310827933
3426,458651.072714767,4850204.89071954,0.282309737962071
3427,454141.149883541,4827914.69868213,0.292869734703644
3430,479968.011605159,4833359.35127997,0.769871947024265
3431,479904.935012776,4838869.81943201,5.1315248095091
3432,479902.720618862,4825630.40643993,1.83919727335536
3434,474143.947333221,4824317.90464279,3.83013182514749
3437,486367.218268289,4837691.61980036,5.11067285100953
3439,464710.267312885,4839377.80113986,21.0582244352772
8365,499466.730401099,4834846.22295217,7.75525716818929
8389,498422.491502186,4835627.60961175,3.86496616250508
8404,496812.173975214,4836922.38260139,2.99095069389494
8413,497448.973794523,4836050.62627665,4.28207716117888
8471,499299.527840593,4835787.07436258,8.64072634518996
8472,499299.527840593,4835787.07436258,8.64072634518996
8473,499315.88597083,4835770.79496438,2.93313327316007
8474,499315.88597083,4835770.79496438,2.93313327316007
8591,501650.334147851,4837944.92440536,2.64631372731715
11512,500812.121175923,4841520.2098484,3.71282045580545
16567,489571.843200656,4845353.71865323,5.77130469366142
16635,462227.43837921,4836776.44925453,0.240448922457595
16647,486373.305017231,4852662.33619651,0.139240041346951
16648,486359.868243214,4849054.57229191,2.55729221038081
16650,492912.759492887,4851788.74499809,6.11000949637527
16653,454747.799825703,4819676.31631427,0.399105602932445
16654,456557.312677997,4854257.93690845,2.50643203882396
16655,467575.878518366,4817974.41510402,1.36471359802779
16656,492118.791496019,4846967.4797099,3.62246070356692
16657,492471.895475221,4849379.25176235,6.59863844357162
16658,494870.00215067,4849358.79683963,4.02837834406392
17102,476744.3469,4852128.3732,29.9893957294837
17110,500652.20218366,4838070.28198992,0.345767423081332
17179,461812.278209111,4836436.52062992,0.111792663130552
17181,470998.898683265,4823335.56099523,4.39464742803753
17182,471530.461338307,4827244.51561947,3.20880157562278
17378,467126.009577157,4854159.06741136,2.15601656026219
17379,468666.49247031,4852467.59535736,2.63781002497965
17474,451078.184002812,4851109.90490832,0.950709513809958
17493,484762.279322043,4845354.60108994,4.92033413822549
17640,464651.137714632,4838214.0735605,2.52235880356982
17641,472003.471051697,4819404.95156905,2.29757456514694
17643,467784.52713606,4817548.62999931,1.40613970590318
18321,449347.3662,4836056.0554,2.30064047626704
18461,464642.574153827,4838875.72896975,2.62285881243124
18980,489573.735379905,4826658.282366,2.2616087624497
18981,469078.56447921,4844325.35119694,0.687292811990003
20026,468703.079078832,4852577.37409317,1.00108655664573
20171,468666.899460429,4852750.80326288,1.30087934194984
20175,485341.221006459,4851793.22971154,2.11409416577691
20177,476720.216139829,4852120.82125963,7.56056266178262
20573,467807.935076121,4822122.56701033,0.0340022234987475
20720,478217.248863075,4846101.25791428,0.127981158204084
21495,499201.815237392,4842492.49378441,3.08330086700325
22302,494395.385236731,4848766.47923992,4.46495712905933
22311,487942.203401141,4818722.76502677,4.69945714161239
22312,484765.285650273,4832518.05491489,15.0604367844287
22313,478332.263047234,4818068.77865029,1.26163265056539
22392,454061.452216101,4820428.53722298,1.14459023168864
22680,450515.093634843,4835767.41362151,1.30582661244507
22919,501313.3303,4841303.5119,6.12586758757446
22976,489685.400139095,4816310.67541701,15.2130982400577
22977,455546.5156872,4818077.01832597,27.7015516880593
22978,479060.555941542,4819557.55985817,8.89179109404973
22985,454604.295511986,4827677.25214667,3.66950242814307
22986,482181.139077043,4829982.67391331,6.1464679939515
22990,467489.435022741,4855084.38228281,2.08372886338557
22991,478530.765081105,4855019.97694483,33.0300207135899
23432,481383.109773361,4829983.5273029,17.6623958017227
23437,482934.88461069,4830777.80296886,4.36572367623708
23675,452438.783845345,4820752.059145,0.612532536406622
23705,458739.712780875,4818028.4912922,2.55110784856606
23746,472613.40932306,4816750.6731736,2.49683440269303
24081,447740.238679311,4837766.0707724,1.57855804307185
24301,479367.857508288,4832323.50028647,2.84941133092656
