cat,a_cat,b_cat,to_x,to_y
1,406,1,449394.210668005,4839517.62212223
2,3834,1,479903.87856026,4825630.44708598
3,1086,1,481487.099162854,4824547.41027135
4,3708,1,450515.089669409,4835767.76578369
5,3289,1,473496.797059066,4847568.46558221
6,2319,1,479191.367165561,4820359.91521307
7,3465,1,462294.810805983,4840191.34432883
8,676,1,489970.638569401,4849135.13980025
9,3941,1,487958.893189308,4848513.43330243
10,3500,1,487364.654518294,4846991.33880812
11,3877,1,482180.902166466,4829979.10608318
12,1389,1,454165.220975126,4830954.84001606
13,1042,1,478910.293877951,4846498.06891274
14,533,1,485980.114818355,4851798.12483575
15,2319,1,479260.868620096,4819565.59121805
16,1044,1,479930.965508858,4848485.6175898
17,2443,1,474460.89850756,4824138.26715109
18,2543,1,459678.063286893,4823250.28442995
19,949,1,470495.632550348,4846917.56631962
20,949,1,471291.219779054,4846912.19418835
21,2781,1,449882.812596445,4832537.18687948
22,408,1,450805.885389825,4830925.30562411
23,2167,1,478297.498980768,4837231.73148117
24,594,1,483121.738704179,4833621.85428797
25,3255,1,453535.870256667,4829292.53132136
26,451,1,475506.257952732,4847107.97438165
27,671,1,489171.646756728,4846157.29555269
28,3284,1,469472.525566489,4854183.35585699
29,1136,1,460526.594031342,4837288.48024945
30,640,1,454874.112458376,4816453.04160467
31,2357,1,475889.609252496,4835749.07074386
32,1949,1,475842.260122961,4816876.37797822
33,3364,1,465624.832482666,4817984.66502785
34,3298,1,476705.058725807,4846088.33255354
35,38,1,488160.177757231,4829202.28984431
36,993,1,451078.781432607,4851110.09966087
37,2828,1,472288.165810808,4849941.89438548
38,3538,1,488358.071062547,4827998.05776285
39,895,1,467006.408881286,4827608.19526762
40,574,1,479366.404647322,4832316.69264172
41,3834,1,479968.864270217,4833360.16850372
42,1123,1,485730.596466457,4822763.15505195
43,535,1,479517.744566074,4853338.88670022
44,573,1,484742.384293551,4832404.51405282
45,3272,1,472473.376257981,4840455.50523258
46,2533,1,464899.453914561,4842512.1270478
47,1158,1,492800.013006768,4844395.98311345
48,2815,1,491827.332424968,4845339.16463088
49,2660,1,485416.3338989,4838891.97947208
50,2175,1,484783.533004556,4838877.23585966
51,3948,1,486600.706181108,4843763.5082239
52,574,1,487164.811882765,4832419.51320872
53,3439,1,489017.074204476,4822753.8196384
54,2047,1,488620.182606423,4821143.52324599
55,2119,1,490909.379664769,4847461.34307442
56,2111,1,490921.676845344,4846974.41517238
57,2499,1,483148.848076086,4842102.03294474
58,1166,1,489200.449912191,4840588.82619351
59,3724,1,491221.341821361,4839685.71243297
60,653,1,492004.600480147,4839219.65821297
61,651,1,495106.962817476,4837460.09263909
62,327,1,496815.222969637,4836921.94219316
63,308,1,497449.996598529,4836048.7759463
64,309,1,498418.520465655,4835622.07742993
65,1751,1,449768.580793921,4834880.3479772
66,1382,1,450184.44687614,4834142.36038782
67,4017,1,463709.455564675,4831939.56267445
68,2330,1,463762.975323884,4832088.88525746
69,1231,1,478976.544147383,4836643.725258
70,1704,1,463812.730190654,4826916.95720922
71,2815,1,481539.477565478,4845314.03833011
72,3940,1,487951.868627751,4844956.22406976
73,1492,1,471839.163034537,4819560.46072252
74,2888,1,472004.78976613,4819402.62272445
75,325,1,460071.348591336,4836096.10698558
76,1751,1,485558.737795745,4834091.62478116
77,1977,1,486364.446733252,4851814.80045093
78,3983,1,458163.357933225,4825748.54840286
79,1151,1,451537.617353087,4818728.32115448
80,484,1,452139.04089304,4849880.57900618
81,319,1,462240.073720202,4835669.18314607
82,2258,1,473471.676860365,4825919.88351631
83,317,1,470247.070328097,4823174.84779121
84,317,1,470255.849621632,4824437.90867303
85,2018,1,484715.947576009,4822350.2204536
86,2792,1,454604.349851473,4827677.53190257
87,2791,1,455623.172274596,4826062.83405064
88,1061,1,461468.860373033,4852919.67796753
89,2796,1,468271.879614803,4843708.85309703
90,2798,1,470286.125329599,4843604.87069592
91,2797,1,471882.597863061,4841910.53320254
92,3762,1,476720.79475513,4852120.84498408
93,943,1,475104.250869483,4852188.54669042
94,944,1,472692.265934024,4850113.16020783
95,951,1,465972.596126029,4850983.50004475
96,3983,1,458144.84506465,4823634.5809
97,3419,1,483091.367707438,4822772.29426713
98,2018,1,484704.847732183,4819642.87325124
99,2796,1,468760.862506012,4843699.56435061
100,3795,1,451890.496996595,4851092.75159244
101,633,1,447876.302819574,4821329.72988454
102,319,1,462878.668451394,4835664.73690335
103,205,1,501650.298394151,4837944.93682909
104,2619,1,500666.668092364,4838068.80788292
105,1158,1,492793.061230846,4848568.52440388
106,2575,1,494413.13025695,4850969.86336425
107,1158,1,492795.579228781,4849781.29326516
108,2815,1,477091.72082358,4845289.69732913
109,2455,1,478218.978843826,4846101.30385902
110,2815,1,489571.862467421,4845352.17538239
111,1046,1,482535.765722762,4846927.24067016
112,3254,1,452444.28118954,4818046.29475058
113,640,1,452354.752442384,4816469.50821904
114,3473,1,451236.468470765,4818093.60593099
115,3717,1,461096.056798222,4827634.12636984
116,574,1,483117.891978561,4832390.82346545
117,1158,1,492788.606553519,4846121.39616047
118,2913,1,492913.867516348,4851792.13012269
119,1158,1,492799.141598446,4851206.4226571
120,674,1,487945.078826774,4852657.73247272
121,1977,1,486375.232297992,4852662.47913885
122,1751,1,475286.827157712,4836426.2731415
123,3910,1,464650.626016071,4838214.18062656
124,2344,1,464345.340569205,4841298.74413747
125,3909,1,464646.114977528,4837291.32828381
126,1607,1,464446.310723541,4836471.69016632
127,1980,1,481551.601368613,4847720.122025
128,602,1,489685.163887608,4816307.19074274
129,2985,1,488461.133216995,4817916.95425461
130,2575,1,494397.915295236,4848766.30700657
131,1404,1,468809.065924,4844499.16865012
132,2344,1,484779.972696774,4840902.33330308
133,1045,1,483546.774964702,4845912.38467254
134,3948,1,484769.081029482,4843720.76123239
135,2111,1,492118.822466536,4846968.11600768
136,2576,1,492476.867399158,4849374.47712675
137,1043,1,485257.251738142,4848571.21289381
138,3473,1,448388.177432141,4818107.74341208
139,3465,1,462220.448055209,4835685.06712511
140,810,1,468668.001044407,4852750.62660904
141,3015,1,454747.561150023,4819677.01386868
142,3008,1,454067.731703988,4820429.53152625
143,3470,1,452004.11952908,4821316.96887576
144,1977,1,486362.361232217,4849054.56107995
145,2913,1,485341.192739381,4851793.14165179
146,2911,1,484613.550418214,4850166.42328278
147,2620,1,490120.37417212,4825992.8034585
148,2043,1,489574.035352501,4826658.19664617
149,2982,1,487943.967662043,4818722.7789042
150,1977,1,486336.260790338,4821129.78627152
151,4052,1,447741.96913189,4837766.55067575
152,474,1,449375.963412649,4839032.49376339
153,1380,1,449394.210668005,4839517.62212223
154,3419,1,483138.404968201,4827544.97450485
155,572,1,479903.87856026,4825630.44708598
156,580,1,479943.875098525,4825923.11752429
157,2014,1,483138.404968201,4827544.97450485
158,3834,1,479857.520432432,4822943.25188461
159,1060,1,479688.950669116,4822810.87458139
160,572,1,479857.520432432,4822943.25188461
161,2956,1,481487.099162854,4824547.41027135
162,2410,1,455917.822865746,4854287.84000966
163,3336,1,455917.822865746,4854287.84000966
164,1493,1,455574.729025053,4855958.57974778
165,2411,1,456557.446677794,4854256.53592073
166,3834,1,479925.685990905,4844191.19206397
167,1978,1,479925.685990905,4844191.19206397
168,2740,1,499201.803930235,4842492.69746191
169,2015,1,500811.533095436,4841520.39111848
170,2356,1,499201.803930235,4842492.69746191
171,3724,1,457446.959071774,4841343.93590612
172,2344,1,457446.959071774,4841343.93590612
173,409,1,452575.533092125,4833874.69448348
174,325,1,451230.651756872,4834948.70474903
175,1751,1,451237.195911846,4834923.02849365
176,3947,1,486987.399635448,4836874.08059699
177,1635,1,486987.419632115,4836874.08021844
178,680,1,465246.270687154,4821425.97048308
179,2436,1,467811.228465907,4822122.46748843
180,3826,1,470025.979662908,4821568.69851087
181,2838,1,469628.457284197,4845719.23773854
182,2683,1,468671.71588374,4845435.10799415
183,2237,1,462237.344526592,4838504.6472232
184,2997,1,460622.700588172,4838909.554178
185,2354,1,473182.34481617,4839657.86695219
186,2585,1,487338.51265347,4847900.93670062
187,1181,1,489970.638569401,4849135.13980025
188,1659,1,487251.842764928,4847766.93175786
189,2597,1,499319.797474625,4835766.91639489
190,1092,1,478706.224871338,4835608.3692387
191,2489,1,486367.247811455,4832430.55985795
192,1099,1,481396.597465875,4829967.7638607
193,1084,1,481549.473318354,4829863.69793487
194,1099,1,482180.902166466,4829979.10608318
195,592,1,482936.419569063,4830783.4253192
196,1123,1,485933.525967404,4822759.63988123
197,2180,1,478322.716737296,4818064.35810944
198,2668,1,478322.716737296,4818064.35810944
199,2179,1,479060.519232704,4819559.64027436
200,919,1,454165.220975126,4830954.84001606
201,916,1,454165.220975126,4830954.84001606
202,1978,1,479914.913025627,4846512.18084468
203,719,1,459486.570761482,4826434.81662104
204,317,1,470266.856708336,4828638.57984506
205,1977,1,486363.591103103,4850996.60835658
206,532,1,486363.591103103,4850996.60835658
207,2913,1,485980.114818355,4851798.12483575
208,3834,1,479950.648216696,4849301.7398819
209,501,1,476083.188761507,4823268.49337333
210,380,1,473467.132409575,4825088.6212784
211,319,1,461142.082557324,4835677.69579204
212,1850,1,455753.46280541,4828640.02206879
213,2301,1,456142.584670533,4829285.02251407
214,2783,1,457370.091942259,4830357.17240449
215,717,1,458991.374839976,4829628.17981385
216,379,1,459131.884692731,4829274.10714211
217,485,1,458651.089848334,4850205.43203758
218,1539,1,459262.668029963,4851810.70904623
219,3754,1,470544.456127788,4852553.73511213
220,1405,1,469707.301036947,4844016.82540782
221,2683,1,469079.60221932,4844325.32386073
222,2796,1,470163.39284133,4843689.78070189
223,153,1,478524.66860116,4855044.55104191
224,531,1,478655.911523601,4853354.60531578
225,1879,1,465733.161102306,4852593.39976908
226,3930,1,459678.04289987,4823250.28691539
227,2047,1,482112.925596575,4821188.31545959
228,2018,1,484705.166507525,4819249.10917355
229,3399,1,459056.407374729,4854410.46606719
230,1549,1,459056.407374729,4854410.46606719
231,810,1,468669.326219365,4852469.16545261
232,810,1,468671.71588374,4845435.10799415
233,2831,1,469628.477307922,4845719.23761288
234,426,1,470283.175049742,4846452.80592417
235,913,1,449882.812596445,4832537.18687948
236,2330,1,449882.812596445,4832537.18687948
237,1385,1,450805.885389825,4830925.30562411
238,1844,1,450805.885389825,4830925.30562411
239,3923,1,450035.378874083,4820204.18289861
240,1389,1,454142.301010858,4827914.44801329
241,3813,1,475012.957541427,4819496.93553185
242,2829,1,475506.257952732,4847107.97438165
243,3511,1,489569.258361936,4845842.14107212
244,2344,1,470864.218738389,4841269.86792129
245,1253,1,454874.112458376,4816453.04160467
246,772,1,454874.112458376,4816453.04160467
247,773,1,454874.112458376,4816453.04160467
248,3586,1,454874.112458376,4816453.04160467
249,2059,1,458991.374839976,4829628.17981385
250,921,1,457370.091942259,4830357.17240449
251,379,1,456142.56427557,4829285.02260652
252,3717,1,455376.064514678,4827671.39750544
253,2181,1,477857.652052086,4816761.35632253
254,3364,1,467575.892468572,4817974.3209911
255,523,1,465624.832482666,4817984.66502785
256,2834,1,467489.406624717,4855084.44592196
257,147,1,467489.406624717,4855084.44592196
258,2237,1,471269.066979162,4838846.08438449
259,822,1,471269.066979162,4838846.08438449
260,3613,1,488160.157718054,4829202.2898632
261,3132,1,488160.177757231,4829202.28984431
262,2638,1,460724.652620944,4827924.41372389
263,421,1,459486.550311688,4826434.81669739
264,1488,1,472637.925549598,4821216.91620428
265,2888,1,472637.925549598,4821216.91620428
266,501,1,471749.866662085,4821965.9157448
267,3609,1,471012.993243178,4823328.44258283
268,2047,1,486611.620696692,4821143.22437011
269,2365,1,472288.165810808,4849941.89438548
270,2268,1,467400.501496233,4827203.64567668
271,573,1,479366.404647322,4832316.69264172
272,572,1,479968.864270217,4833360.16850372
273,3834,1,479956.102448542,4833786.51869922
274,325,1,478345.993863077,4834742.16138214
275,3439,1,485730.617282881,4822763.15473478
276,1977,1,486376.680114606,4841526.30985131
277,574,1,484742.384293551,4832404.51405282
278,1948,1,471786.778634551,4820361.44567306
279,3358,1,467811.228465907,4822122.46748843
280,325,1,461812.337900268,4836448.88868566
281,3736,1,472473.376257981,4840455.50523258
282,2344,1,472282.766735928,4841263.01577385
283,438,1,473182.34481617,4839657.86695219
284,1569,1,483129.787695395,4832389.90263833
285,573,1,487164.811882765,4832419.51320872
286,1123,1,489017.052429907,4822753.81984747
287,1588,1,488620.182606423,4821143.52324599
288,3498,1,490921.676845344,4846974.41517238
289,2576,1,494869.984041686,4849358.24537369
290,2575,1,494398.311545899,4848955.96558831
291,3384,1,481543.484744609,4842090.46982483
292,1119,1,483148.848076086,4842102.03294474
293,2098,1,486606.061861091,4842124.18516477
294,1977,1,486366.775160157,4846592.51403722
295,3500,1,487157.376214065,4846588.20160476
296,3482,1,491221.341821361,4839685.71243297
297,1639,1,492004.600480147,4839219.65821297
298,1527,1,499305.042154097,4835781.57248144
299,2100,1,487331.426004146,4842117.12940495
300,2098,1,487331.426004146,4842117.12940495
301,2558,1,489590.75831456,4843304.05775024
302,325,1,449760.49812569,4834906.38262851
303,3224,1,450184.44687614,4834142.36038782
304,2780,1,450184.44687614,4834142.36038782
305,410,1,450967.32645352,4833231.79128917
306,3984,1,459356.53467526,4819302.28357468
307,3520,1,458739.981005965,4818029.10761462
308,1627,1,455665.730765908,4817254.60855361
309,2504,1,483145.492399959,4830805.1968652
310,3439,1,484161.580733786,4822785.48237485
311,1123,1,484161.560716899,4822785.48252206
312,3117,1,479060.519232704,4819559.64027436
313,1704,1,463813.678553186,4827165.29310811
314,1704,1,463815.895309181,4827485.87997671
315,3834,1,479914.913025627,4846512.18084468
316,2645,1,481555.656683373,4844518.83568732
317,2815,1,487951.104336759,4845373.68927089
318,1357,1,470266.856708336,4828638.57984506
319,2760,1,471870.022837912,4826588.279535
320,3012,1,455665.730765908,4817254.60855361
321,3007,1,459356.53467526,4819302.28357468
322,3480,1,455651.478776007,4817696.71099916
323,1952,1,472614.608137434,4816750.6662095
324,1488,1,472004.78976613,4819402.62272445
325,1012,1,472614.608137434,4816750.6662095
326,1751,1,460070.555100733,4836068.60938892
327,325,1,485558.93111925,4834118.17059069
328,2954,1,484753.370956854,4832425.23417889
329,3439,1,485933.545965749,4822759.63951529
330,2593,1,465246.270687154,4821425.97048308
331,3834,1,479905.77271266,4838869.850278
332,1713,1,479905.77271266,4838869.850278
333,733,1,479905.77271266,4838869.850278
334,1978,1,479905.77271266,4838869.850278
335,532,1,486364.446733252,4851814.80045093
336,485,1,452139.060897015,4849880.57872962
337,320,1,462240.073720202,4835669.18314607
338,380,1,473471.676860365,4825919.88351631
339,1357,1,470247.070328097,4823174.84779121
340,1357,1,470255.849621632,4824437.90867303
341,3369,1,470273.813615052,4823966.14433507
342,320,1,461142.082557324,4835677.69579204
343,3224,1,461112.525837816,4834060.86130185
344,2494,1,484715.947576009,4822350.2204536
345,3719,1,454933.528669575,4827307.04634531
346,3717,1,454604.349851473,4827677.53190257
347,3930,1,457921.388929579,4822830.20173449
348,2543,1,457921.409108397,4822830.20165937
349,1850,1,455721.392128682,4825683.47661186
350,421,1,455623.152275923,4826062.83428097
351,3393,1,459262.668029963,4851810.70904623
352,484,1,458651.069849454,4850205.43225433
353,1879,1,470544.456127788,4852553.73511213
354,2347,1,468271.879614803,4843708.85309703
355,426,1,470286.125329599,4843604.87069592
356,1858,1,471882.597863061,4841910.53320254
357,3754,1,473771.64026707,4852259.58938892
358,1879,1,473771.64026707,4852259.58938892
359,2933,1,463223.610719453,4846962.90992191
360,3754,1,465733.161102306,4852593.39976908
361,1553,1,467126.959927954,4854159.25129736
362,2667,1,482112.945605293,4821188.31497222
363,3119,1,483090.493489574,4822360.90750309
364,3119,1,483091.367707438,4822772.29426713
365,2494,1,484705.166507525,4819249.10917355
366,2179,1,484901.00103499,4819539.70465546
367,2494,1,484704.847732183,4819642.87325124
368,2347,1,468760.862506012,4843699.56435061
369,2683,1,468669.326219365,4852469.16545261
370,3754,1,468703.105208268,4852578.17892308
371,2788,1,450035.378874083,4820204.18289861
372,320,1,462878.668451394,4835664.73690335
373,1010,1,475012.957541427,4819496.93553185
374,2732,1,498412.396502936,4839330.20010213
375,1880,1,501650.298394151,4837944.93682909
376,1168,1,500641.018670834,4838071.42389442
377,1632,1,498412.396502936,4839330.20010213
378,3941,1,487966.585024468,4844525.27605142
379,668,1,490387.351591051,4845777.40931456
380,1043,1,482746.770429014,4848539.86514032
381,2100,1,486606.061861091,4842124.18516477
382,1253,1,452354.752442384,4816469.50821904
383,772,1,452354.752442384,4816469.50821904
384,773,1,452354.752442384,4816469.50821904
385,3586,1,452354.752442384,4816469.50821904
386,3717,1,460864.803329352,4827636.3598263
387,3473,1,455575.237222931,4818053.79624948
388,573,1,483117.891978561,4832390.82346545
389,584,1,483129.787695395,4832389.90263833
390,574,1,483130.857638019,4832390.95418025
391,3724,1,470864.218738389,4841269.86792129
392,3964,1,490387.351591051,4845777.40931456
393,2110,1,492913.888506191,4851792.12989955
394,533,1,492913.867516348,4851792.13012269
395,532,1,486375.232297992,4852662.47913885
396,2788,1,450019.974504659,4818171.63234405
397,3923,1,450019.974504659,4818171.63234405
398,3473,1,449907.029917795,4818105.26268224
399,325,1,475300.947046099,4836452.65651048
400,3909,1,464650.626016071,4838214.18062656
401,2237,1,464641.815593097,4838875.08847256
402,2069,1,464647.075745712,4838879.43993107
403,3724,1,464345.340569205,4841298.74413747
404,3910,1,464646.114977528,4837291.32828381
405,325,1,464446.045327524,4836431.55707805
406,3848,1,481547.195805086,4846917.15257685
407,2050,1,489685.163887608,4816307.19074274
408,1590,1,488461.133216995,4817916.95425461
409,2020,1,478706.224871338,4835608.3692387
410,2962,1,478706.224871338,4835608.3692387
411,3874,1,478706.224871338,4835608.3692387
412,1093,1,479909.833622279,4836521.29682308
413,1231,1,479488.132787027,4836525.4007174
414,532,1,486376.680114606,4841526.30985131
415,2660,1,484770.529774037,4838887.82727473
416,3724,1,484779.972696774,4840902.33330308
417,1529,1,483546.774964702,4845912.38467254
418,2815,1,484762.287360565,4845353.71647328
419,1977,1,486371.481876316,4843357.84667844
420,3498,1,492118.822466536,4846968.11600768
421,3047,1,492476.867399158,4849374.47712675
422,2011,1,485704.061589559,4832427.06893279
423,532,1,486367.247811455,4832430.55985795
424,1977,1,486367.247811455,4832430.55985795
425,3417,1,484753.370956854,4832425.23417889
426,577,1,484753.370956854,4832425.23417889
427,1751,1,461812.190536448,4836422.73615974
428,2237,1,462220.448188563,4835685.08918788
429,2683,1,468668.001044407,4852750.62660904
430,2081,1,454747.561150023,4819677.01386868
431,3254,1,452452.167293826,4820749.80928983
432,633,1,452004.11952908,4821316.96887576
433,532,1,486362.361232217,4849054.56107995
434,533,1,485341.192739381,4851793.14165179
435,3418,1,490120.37417212,4825992.8034585
436,3437,1,489574.035352501,4826658.19664617
437,1124,1,487943.967662043,4818722.7789042
438,3120,1,486336.260790338,4821129.78627152
439,532,1,486336.260790338,4821129.78627152
440,2324,1,449334.951123528,4837999.48816077
441,958,1,449334.951123528,4837999.48816077
442,1563,1,479943.875098525,4825923.11752429
443,1564,1,479943.875098525,4825923.11752429
444,2923,1,481418.009291688,4824444.47333797
445,1123,1,479688.920398185,4822810.87122451
446,3568,1,481418.029289801,4824444.47306164
447,1725,1,481418.029289801,4824444.47306164
448,1475,1,456557.426574315,4854256.53620715
449,2782,1,452575.533092125,4833874.69448348
450,3254,1,452575.533092125,4833874.69448348
451,3224,1,452286.028470373,4834126.37293785
452,2780,1,452286.028470373,4834126.37293785
453,1382,1,452286.028470373,4834126.37293785
454,2201,1,471309.89902462,4820767.19743968
455,3810,1,471786.778634551,4820361.44567306
456,2034,1,482936.419569063,4830783.4253192
457,3877,1,481396.597465875,4829967.7638607
458,1562,1,481549.473318354,4829863.69793487
459,2301,1,453535.870256667,4829292.53132136
460,379,1,453535.848232495,4829292.53135734
461,1978,1,479950.648216696,4849301.7398819
462,3810,1,477466.722293869,4822329.9286294
463,1487,1,476083.188761507,4823268.49337333
464,1486,1,474141.868499076,4824320.29030566
465,2301,1,459131.904693397,4829274.10700467
466,810,1,469079.60221932,4844325.32386073
467,2347,1,470163.39284133,4843689.78070189
468,1516,1,478524.66860116,4855044.55104191
469,541,1,478855.096008274,4853349.7131351
470,2781,1,451138.830864943,4832525.57561407
471,2330,1,451138.830864943,4832525.57561407
472,916,1,454142.301010858,4827914.44801329
473,1952,1,471839.163034537,4819560.46072252
474,3609,1,471359.875611257,4819563.14314632
475,2343,1,455376.064514678,4827671.39750544
476,2985,1,477857.652052086,4816761.35632253
477,523,1,467575.892468572,4817974.3209911
478,2451,1,467785.218427945,4817547.8943187
479,3367,1,467785.218427945,4817547.8943187
480,2902,1,467785.218427945,4817547.8943187
481,1007,1,471749.866662085,4821965.9157448
482,2201,1,470984.777537707,4823342.67041466
483,3120,1,486336.76826367,4821542.15662624
484,94,1,479674.327836402,4833967.36535903
485,1751,1,478346.710808887,4834713.66205382
486,1950,1,471427.614829364,4820801.67953075
487,1357,1,470223.612373094,4821355.0355205
488,3724,1,472282.766735928,4841263.01577385
489,532,1,486366.775160157,4846592.51403722
490,3047,1,494869.984041686,4849358.24537369
491,2578,1,494889.138738668,4849371.66676498
492,1390,1,450967.32645352,4833231.79128917
493,913,1,451138.830864943,4832525.57561407
494,2505,1,483550.596900388,4830811.14033893
495,1573,1,484761.661769618,4830824.45601217
496,593,1,483550.596900388,4830811.14033893
497,2201,1,471525.362170942,4827256.8509638
498,2201,1,471308.494890018,4819597.36654704
499,1978,1,479909.833622279,4836521.29682308
500,3834,1,479909.833622279,4836521.29682308
501,2655,1,479909.833622279,4836521.29682308
502,2905,1,470273.813615052,4823966.14433507
503,2146,1,460601.450260397,4833268.90861608
504,2330,1,459661.426931019,4832463.62506242
505,1065,1,463223.610719453,4846962.90992191
506,952,1,464775.336248815,4848562.73525111
507,3865,1,467126.959927954,4854159.25129736
508,2947,1,466898.288419492,4853752.60073019
509,3419,1,483090.493489574,4822360.90750309
510,3117,1,484901.00103499,4819539.70465546
511,1879,1,468703.105208268,4852578.17892308
512,573,1,483130.857638019,4832390.95418025
513,822,1,464641.815593097,4838875.08847256
514,1061,1,464705.971042472,4839373.60411402
515,1751,1,464445.863331077,4836404.03564206
516,1588,1,486611.620696692,4821143.22437011
517,1977,1,486336.76826367,4821542.15662624
518,532,1,486336.76826367,4821542.15662624
519,532,1,486371.481876316,4843357.84667844
520,2237,1,462228.562578092,4836776.54546647
521,3116,1,477466.722293869,4822329.9286294
522,2427,1,474141.868499076,4824320.29030566
523,2886,1,474141.868499076,4824320.29030566
524,2258,1,473467.132409575,4825088.6212784
525,1213,1,460511.573105387,4833269.80484287
526,2780,1,461112.525837816,4834060.86130185
527,1382,1,461112.525837816,4834060.86130185
528,2829,1,478655.911523601,4853354.60531578
529,2023,1,479163.128992542,4834190.15823697
530,572,1,479956.102448542,4833786.51869922
531,855,1,479674.327836402,4833967.36535903
532,2263,1,479674.327836402,4833967.36535903
533,2024,1,479163.128992542,4834190.15823697
534,2430,1,471427.614829364,4820801.67953075
535,3609,1,471337.273880417,4820775.64103395
536,317,1,470223.612373094,4821355.0355205
537,3465,1,462228.562361716,4836776.5253912
538,3433,1,484761.660922472,4830824.43600188
539,3609,1,471539.224547138,4827223.24533835
540,452,1,465972.596126029,4850983.50004475
