cat,lcat,along,x,y
1,1,0,434651.528494873,4898378.9818396
2,1,221.807623087003,434429.724041696,4898380.16767703
3,1,443.615246174006,434263.086020258,4898449.77254447
4,3,0,427155.306694456,4897982.10604011
5,3,685.337976179405,426549.547281717,4898271.07038509
6,3,1370.67595235881,426335.551393689,4898906.48495269
7,4,0,426861.641472047,4898920.40947385
8,4,271.022240462624,426606.247541873,4898906.26463591
9,4,542.044480925247,426335.551393689,4898906.48495269
10,5,0,434263.086020258,4898449.77254447
11,5,746.271589184036,434065.230937799,4898927.46256313
12,5,1492.54317836807,433383.229502328,4899195.85220886
13,6,0,426335.551393689,4898906.48495269
14,6,976.03618797901,425469.656549123,4899263.228749
15,6,1952.07237595802,425072.262171541,4898637.62778142
16,7,0,442856.391603938,4897795.72141316
17,7,1795.58569380136,442356.233398867,4897737.87995355
18,7,3591.17138760273,442353.549547321,4899479.01367204
19,8,0,437638.681019483,4897318.03039067
20,8,2207.07818849117,436760.740731644,4898222.21599793
21,8,4414.15637698234,436987.530552617,4899988.22445399
22,9,0,443021.681469794,4899980.11455483
23,9,442.182280420598,442695.184019768,4899756.09571767
24,9,884.364560841195,442353.549547321,4899479.01367204
25,11,0,436987.530552617,4899988.22445399
26,11,255.702589290026,436987.349011116,4900243.64787118
27,11,511.405178580053,437120.087621583,4900432.24224949
28,12,0,446217.350841299,4901471.93370344
29,12,2675.53394651018,447693.473287332,4900198.5922665
30,12,5351.06789302036,449983.400489238,4900247.5830669
31,13,0,442353.549547321,4899479.01367204
32,13,1487.46026070173,441712.016949655,4900642.16599229
33,13,2974.92052140345,441437.099434116,4901701.51815464
34,14,0,445205.620255406,4901132.74603545
35,14,403.903717258468,445221.990379265,4901533.88830958
36,14,807.807434516935,445233.327190081,4901932.15044425
37,15,0,445233.327190081,4901932.15044425
38,15,590.602568776843,445728.902227181,4901705.86372739
39,15,1181.20513755369,446217.350841299,4901471.93370344
40,16,0,448006.459430501,4902025.03663139
41,16,1037.68697573421,447108.922312681,4901718.34196544
42,16,2075.37395146842,446217.350841299,4901471.93370344
43,17,0,448922.82886201,4901652.30028598
44,17,579.007926562066,448358.588799632,4901775.46278618
45,17,1158.01585312413,448006.459430501,4902025.03663139
46,18,0,445219.132426825,4902044.00034251
47,18,58.0527770530117,445219.987065545,4901986.10493653
48,18,116.105554106023,445233.327190081,4901932.15044425
49,19,0,448226.224514613,4902301.59629364
50,19,232.178094123222,448031.585378817,4902250.65373992
51,19,464.356188246445,448006.459430501,4902025.03663139
52,20,0,444810.62213366,4902397.09601065
53,20,271.29890471418,445021.188293305,4902228.81510268
54,20,542.597809428361,445219.132426825,4902044.00034251
55,21,0,443332.083919866,4902306.72721146
56,21,1039.88296487789,443991.434253175,4901881.62699408
57,21,2079.76592975578,444796.093177008,4902399.70420479
58,22,0,444796.093177008,4902399.70420479
59,22,7.5882576972467,444803.456339328,4902399.58853202
60,22,15.1765153944934,444810.62213366,4902397.09601065
61,23,0,445219.297028615,4902483.03254903
62,23,219.516118688795,445219.21472772,4902263.51644577
63,23,439.032237377589,445219.132426825,4902044.00034251
64,24,0,448425.724758538,4902505.37112188
65,24,194.726412940671,448418.514584154,4902312.99569722
66,24,389.452825881343,448226.224514613,4902301.59629364
67,25,0,448238.355294329,4902681.42447535
68,25,195.557573101297,448244.138894868,4902485.95244573
69,25,391.115146202594,448226.224514613,4902301.59629364
70,26,0,427645.516619229,4902923.17823073
71,26,115.82133233866,427761.245416279,4902920.88725272
72,26,231.64266467732,427871.214076942,4902937.59016127
73,27,0,427867.076125879,4902663.16613082
74,27,137.227746425437,427869.206612957,4902800.37733814
75,27,274.455492850873,427871.214076942,4902937.59016127
76,28,0,427871.214076942,4902937.59016127
77,28,261.411184814545,427874.143205227,4903198.74117956
78,28,522.822369629089,427858.141389919,4903452.64573773
79,29,0,444798.700059194,4903520.89003521
80,29,564.636918737438,444794.389678839,4902957.09377334
81,29,1129.27383747488,444810.62213366,4902397.09601065
82,30,0,457056.518696703,4903436.33218723
83,30,94.1805101547685,457029.497520139,4903526.55316322
84,30,188.361020309537,457002.476343575,4903616.77413922
85,31,0,427882.966013201,4903679.71495506
86,31,118.111901655865,427880.4981222,4903561.90937343
87,31,236.223803311731,427858.141389919,4903452.64573773
88,32,0,457563.429911246,4903638.89661857
89,32,280.697661167841,457282.977755657,4903627.19755117
90,32,561.395322335682,457002.476343575,4903616.77413922
91,33,0,428352.856341495,4903699.97636557
92,33,241.165559586238,428111.71375549,4903703.30508078
93,33,482.331119172477,427882.966013201,4903679.71495506
94,34,0,427858.141389919,4903452.64573773
95,34,549.721175489807,427417.711843249,4903635.69805041
96,34,1099.44235097961,427010.332161957,4903853.88001154
97,35,0,427892.257696404,4904087.12715461
98,35,206.640730515378,427885.128824807,4903883.80461464
99,35,413.281461030757,427882.966013201,4903679.71495506
100,36,0,427901.090339473,4904131.59599817
101,36,23.902427784794,427891.818312876,4904109.75646693
102,36,47.804855569588,427892.257696404,4904087.12715461
103,37,0,455380.861566273,4902965.60271933
104,37,721.924095136751,454926.205031528,4903466.30109011
105,37,1443.8481902735,455052.600560099,4904116.90916629
106,38,0,455094.197522605,4904135.05285973
107,38,22.6908621550017,455073.399041352,4904125.98101301
108,38,45.3817243100033,455052.600560099,4904116.90916629
109,39,0,457002.476343575,4903616.77413922
110,39,331.683239436832,456884.0811169,4903835.86380107
111,39,663.366478873663,456780.706475017,4904146.25273685
112,40,0,443193.974894318,4904196.82796762
113,40,1848.29748060935,443630.893077003,4902982.92325345
114,40,3696.5949612187,444796.093177008,4902399.70420479
115,41,0,457012.563615494,4904643.15269512
116,41,355.706414337389,457010.764262261,4904287.4814961
117,41,711.412828674779,456780.706475017,4904146.25273685
118,44,0,443430.531026225,4904945.59844451
119,44,415.500874197325,443269.064341302,4904569.87175695
120,44,831.001748394651,443193.974894318,4904196.82796762
121,45,0,456780.706475017,4904146.25273685
122,45,484.219542046778,456524.789841146,4904556.95782852
123,45,968.439084093555,456212.238403708,4904925.78566922
124,47,0,443417.713875431,4905031.05008041
125,47,43.7389935580144,443423.846088929,4904988.15628142
126,47,87.4779871160288,443430.531026225,4904945.59844451
127,48,0,427731.086924931,4905804.31331239
128,48,981.528239578375,427681.109702976,4904905.09870588
129,48,1963.05647915675,427901.090339473,4904131.59599817
130,49,0,443417.713875431,4905031.05008041
131,49,66.2063980035894,443392.42597088,4905092.14159318
132,49,132.412796007179,443364.413080524,4905152.12770152
133,50,0,456901.592626546,4905190.80648889
134,50,431.992014055361,456602.684679542,4905051.94203538
135,50,863.984028110722,456212.238403708,4904925.78566922
136,51,0,440559.396524209,4905160.8358081
137,51,1561.86385831774,441867.089526555,4904666.60755031
138,51,3123.72771663547,443193.974894318,4904196.82796762
139,52,0,428272.152957729,4905314.02193018
140,52,727.783311306518,428208.279604373,4904666.48252098
141,52,1455.56662261304,427901.090339473,4904131.59599817
142,53,0,444970.734409183,4904681.22198943
143,53,1235.91077601191,444113.45313947,4905157.41948992
144,53,2471.82155202381,443417.713875431,4905031.05008041
145,55,0,431933.264177316,4905059.09300315
146,55,296.73504634402,432006.906103665,4905344.98976916
147,55,593.470092688041,432058.665853204,4905636.65350644
148,56,0,434354.208604413,4904440.14870668
149,56,1335.81549345858,433159.105199317,4905022.57546133
150,56,2671.63098691716,432058.665853204,4905636.65350644
151,57,0,428828.766340873,4905525.10216447
152,57,91.3339328328338,428814.483199634,4905615.31235881
153,57,182.667865665668,428775.715117337,4905694.98616159
154,58,0,428775.715117337,4905694.98616159
155,58,445.435412387917,428446.836851209,4905696.71478034
156,58,890.870824775835,428272.152957729,4905314.02193018
157,59,0,455052.600560099,4904116.90916629
158,59,1497.04471760009,454371.877999414,4904758.54198335
159,59,2994.08943520018,454863.544276663,4905934.60990195
160,60,0,456212.238403708,4904925.78566922
161,60,847.298410337466,455569.865652947,4905467.26153888
162,60,1694.59682067493,454863.544276663,4905934.60990195
163,61,0,434982.353142771,4906005.87958007
164,61,159.801782010015,435142.111138942,4906002.13896608
165,61,319.60356402003,435207.71389474,4906106.87007992
166,62,0,435990.018496302,4905988.32076129
167,62,441.154628998427,435631.57435417,4906073.45943216
168,62,882.309257996855,435207.71389474,4906106.87007992
169,64,0,435207.71389474,4906106.87007992
170,64,205.493139050859,435219.876671578,4906311.91850809
171,64,410.986278101718,435048.907967603,4906353.8495655
172,65,0,430029.802122493,4906309.87862239
173,65,817.952767920213,429338.34507501,4906097.81323922
174,65,1635.90553584043,428775.715117337,4905694.98616159
175,66,0,454863.544276663,4905934.60990195
176,66,3421.49925613805,452054.506738563,4905954.22753177
177,66,6842.99851227611,449754.894291809,4905260.87071283
178,68,0,435048.907967603,4906353.8495655
179,68,452.580296340658,434700.509962958,4906469.5230124
180,68,905.160592681316,434284.03768943,4906521.6299574
181,70,0,434284.03768943,4906521.6299574
182,70,75.4763983975512,434208.622738429,4906524.33172153
183,70,150.952796795102,434133.200581223,4906526.8738059
184,72,0,434133.200581223,4906526.8738059
185,72,100.998858703322,434033.207975664,4906525.95012966
186,72,201.997717406645,433932.328404594,4906529.86327155
187,73,0,435080.506437184,4906532.58480533
188,73,95.0435950387603,435075.192803761,4906437.68986206
189,73,190.087190077521,435048.907967603,4906353.8495655
190,74,0,443206.806033073,4906375.53544835
191,74,82.8494371708011,443221.253037392,4906457.09702567
192,74,165.698874341602,443236.08480507,4906538.24353443
193,75,0,443594.211662922,4906528.69473198
194,75,179.575650949006,443414.673057649,4906532.33067388
195,75,359.151301898013,443236.08480507,4906538.24353443
196,76,0,444611.48714715,4905960.80510364
197,76,346.244928747576,444612.327628772,4906307.0073958
198,76,692.489857495152,444617.918784394,4906653.00404482
199,77,0,432058.665853204,4905636.65350644
200,77,1416.8892233381,431095.976698918,4906631.57396444
201,77,2833.77844667619,430029.802122493,4906309.87862239
202,78,0,445356.42018325,4906352.38792196
203,78,298.382057260747,445146.038881949,4906449.45286574
204,78,596.764114521495,445141.23482939,4906747.22222753
205,79,0,445141.23482939,4906747.22222753
206,79,303.963633874528,444837.670665113,4906749.99911323
207,79,607.927267749056,444617.918784394,4906653.00404482
208,80,0,445229.745864981,4906812.38051684
209,80,57.6288583439826,445189.976122546,4906770.95876978
210,80,115.257716687965,445141.23482939,4906747.22222753
211,82,0,430290.473146468,4907367.57649681
212,82,72.1651648402328,430361.955811452,4907375.89188975
213,82,144.330329680466,430433.500560728,4907383.93045129
214,83,0,431218.598757239,4907271.27875889
215,83,558.773573082038,430698.263796635,4907193.71783093
216,83,1117.54714616408,430433.500560728,4907383.93045129
217,84,0,454878.093239534,4906988.29408053
218,84,452.402210184303,455034.976629125,4907287.88178393
219,84,904.804420368605,455280.148659906,4907488.10108823
220,85,0,455689.832357071,4906888.54366959
221,85,499.726900761422,455694.189759583,4907388.25157266
222,85,999.453801522845,455280.148659906,4907488.10108823
223,86,0,445836.749869752,4907506.63867249
224,86,517.776171421032,445462.362025304,4907155.71616399
225,86,1035.55234284206,445229.745864981,4906812.38051684
226,88,0,443236.08480507,4906538.24353443
227,88,680.061225735194,443031.501594195,4907087.32055908
228,88,1360.12245147039,442792.768685419,4907557.70073428
229,89,0,444617.918784394,4906653.00404482
230,89,914.142573763348,443992.506880274,4907164.3724627
231,89,1828.2851475267,443253.461455007,4907557.03906795
232,90,0,443253.461455007,4907557.03906795
233,90,230.951820674973,443023.582423176,4907558.8565976
234,90,461.903641349946,442792.768685419,4907557.70073428
235,91,0,443584.929197684,4907578.3372393
236,91,167.099150429038,443418.182249652,4907568.84348407
237,91,334.198300858076,443253.461455007,4907557.03906795
238,92,0,445838.423136154,4907647.09844332
239,92,70.2358516569034,445837.825963285,4907576.86513041
240,92,140.471703313807,445836.749869752,4907506.63867249
241,94,0,445837.735865393,4907715.75470555
242,94,34.4120070364796,445837.507700141,4907681.34345493
243,94,68.8240140729592,445838.423136154,4907647.09844332
244,95,0,439163.213993236,4907498.57919251
245,95,1160.74997462491,438061.209490208,4907763.70277183
246,95,2321.49994924982,437070.26702227,4907617.8532817
247,96,0,445840.751401198,4907859.61422485
248,96,72.7606046561297,445838.343173444,4907788.44211383
249,96,145.521209312259,445837.735865393,4907715.75470555
250,98,0,433932.328404594,4906529.86327155
251,98,1041.49040893289,433307.828997528,4907122.6176933
252,98,2082.98081786578,433238.379227894,4907919.76686158
253,102,0,430433.500560728,4907383.93045129
254,102,435.432009163036,430445.739231,4907815.97060355
255,102,870.864018326071,430678.208347538,4908155.56901341
256,104,0,455280.148659906,4907488.10108823
257,104,1069.0347143606,454768.146389904,4908289.8081392
258,104,2138.06942872121,454137.262436011,4907880.2366877
259,105,0,441396.332282099,4908644.46205879
260,105,1548.93864055056,440363.294765109,4907697.70921016
261,105,3097.87728110113,439163.213993236,4907498.57919251
262,106,0,442792.768685419,4907557.70073428
263,106,1105.73674173503,441998.640620014,4908003.67802397
264,106,2211.47348347006,441396.332282099,4908644.46205879
265,107,0,443992.804573553,4908680.5888915
266,107,649.156678031067,443613.611936107,4908187.57352964
267,107,1298.31335606213,443584.929197684,4907578.3372393
268,108,0,454137.262436011,4907880.2366877
269,108,825.754681763563,453781.316368737,4908320.47648065
270,108,1651.50936352713,453541.165453242,4909065.57286637
271,109,0,442007.326881859,4909556.67166841
272,109,712.798704697158,441518.512422522,4909273.77767171
273,109,1425.59740939432,441396.332282099,4908644.46205879
274,112,0,439120.259665853,4909719.63425286
275,112,127.996906212702,439062.746016153,4909833.80450689
276,112,255.993812425403,439004.572497098,4909947.4997847
277,113,0,439004.572497098,4909947.4997847
278,113,380.727313577495,438898.764909704,4910301.33778513
279,113,761.45462715499,438765.924941815,4910615.99060454
280,114,0,439185.883633424,4910691.68081696
281,114,248.792648402547,439011.521932467,4910608.70180782
282,114,497.585296805093,438765.924941815,4910615.99060454
283,117,0,438765.924941815,4910615.99060454
284,117,100.195872258137,438765.054198392,4910715.98838462
285,117,200.391744516273,438757.753723112,4910814.53912227
286,118,0,438940.755472777,4911210.76710049
287,118,278.269532449211,438927.845008705,4910932.94865384
288,118,556.539064898423,438757.753723112,4910814.53912227
289,122,0,438757.753723112,4910814.53912227
290,122,680.71940474431,438143.301322412,4911087.11753988
291,122,1361.43880948862,437958.498811004,4911610.19703973
292,123,0,437169.491413694,4911373.47592144
293,123,127.038529459337,437179.127055104,4911491.39353515
294,123,254.077058918674,437185.682077146,4911617.13178474
295,124,0,437958.498811004,4911610.19703973
296,124,387.932483040671,437570.567948913,4911609.07559621
297,124,775.864966081341,437185.682077146,4911617.13178474
298,127,0,431922.324964179,4909976.21430259
299,127,2592.07613135657,430239.011331441,4911679.62729302
300,127,5184.15226271314,428354.594166111,4911861.53192537
301,128,0,437978.785379471,4911986.37770954
302,128,191.736818303884,437978.081443827,4911794.64218344
303,128,383.473636607768,437958.498811004,4911610.19703973
304,129,0,445481.278932213,4911659.25734513
305,129,321.289985938192,445663.488395684,4911851.70334977
306,129,642.579971876384,445916.552381067,4911996.1069978
307,130,0,445420.356964709,4910904.28774526
308,130,884.09414997876,446067.257210113,4911235.58541359
309,130,1768.18829995752,445916.552381067,4911996.1069978
310,131,0,441550.669022937,4911642.44471789
311,131,452.981175270382,441211.57436182,4911707.54119986
312,131,905.962350540764,441067.160342222,4912063.84898037
313,132,0,445916.552381067,4911996.1069978
314,132,74.6275862249961,445890.677746792,4912065.69313407
315,132,149.255172449992,445863.57876635,4912135.11503883
316,133,0,446052.011586519,4912063.13622055
317,133,100.856182255764,445957.795176435,4912099.12562969
318,133,201.712364511528,445863.57876635,4912135.11503883
319,134,0,456660.556958307,4912323.59812727
320,134,2049.07621563908,455635.007399408,4911306.44606233
321,134,4098.15243127816,454541.752285492,4909970.51519254
322,135,0,458194.304480117,4911993.69129556
323,135,879.331716334903,457489.461347499,4912255.65807997
324,135,1758.66343266981,456660.556958307,4912323.59812727
325,136,0,445863.57876635,4912135.11503883
326,136,1271.67840561061,444781.184153075,4912643.47185175
327,136,2543.35681122122,443981.876123598,4912816.93178956
328,137,0,439423.032368059,4912422.83256663
329,137,266.32167114227,439300.293194409,4912657.18448834
330,137,532.64334228454,439197.135607681,4912834.23166117
331,138,0,441067.160342222,4912063.84898037
332,138,1329.73627570805,440073.990757415,4912375.98820226
333,138,2659.4725514161,439197.135607681,4912834.23166117
334,140,0,454238.433214799,4913186.51519247
335,140,876.15033485595,453973.649317213,4912435.05392299
336,140,1752.3006697119,453341.001041763,4912026.55227767
337,141,0,454170.517611888,4913187.14189518
338,141,33.9592471762514,454204.475413343,4913186.82854383
339,141,67.9184943525028,454238.433214799,4913186.51519247
340,142,0,437185.682077146,4911617.13178474
341,142,1583.37036196187,436469.530779011,4912835.05183799
342,142,3166.74072392375,435350.448122809,4913378.73425986
343,144,0,454174.180518619,4913570.46505604
344,144,216.76190269923,454240.504445273,4913403.26719931
345,144,433.523805398461,454238.433214799,4913186.51519247
346,145,0,435350.448122809,4913378.73425986
347,145,468.340017606057,435019.871857494,4913673.70357802
348,145,936.680035212114,434658.499940167,4913649.47091209
349,146,0,456199.326322524,4913952.79264482
350,146,184.053260864047,456191.50915644,4914135.42626287
351,146,368.106521728094,456156.621673976,4914299.43534081
352,147,0,455770.899781763,4914302.68567834
353,147,1438.56110217692,454708.280612125,4913619.59802831
354,147,2877.12220435384,454535.492739475,4912347.39515352
355,148,0,456156.621673976,4914299.43534081
356,148,193.007156762261,455963.628634567,4914299.97618297
357,148,386.014313524523,455770.899781763,4914302.68567834
358,150,0,453887.81707173,4914346.12470787
359,150,1243.74001371029,453091.645243993,4913772.0208554
360,150,2487.48002742057,452576.194888773,4912755.20787286
361,151,0,454772.060406697,4914487.04850503
362,151,472.86895375539,454355.545925076,4914355.90432004
363,151,945.73790751078,453887.81707173,4914346.12470787
364,152,0,441492.574097934,4914536.15850791
365,152,1808.13047093634,440354.554774776,4913612.7235797
366,152,3616.26094187268,441067.160342222,4912063.84898037
367,153,0,457389.753728354,4914532.77225859
368,153,668.544173241563,456758.22518761,4914424.69855034
369,153,1337.08834648313,456156.621673976,4914299.43534081
370,154,0,457534.828794788,4914457.41163258
371,154,98.0117596843549,457438.03239208,4914472.7986875
372,154,196.02351936871,457389.753728354,4914532.77225859
373,155,0,455896.028943223,4914738.65766469
374,155,265.991673026596,455789.987365237,4914561.53105401
375,155,531.983346053193,455770.899781763,4914302.68567834
376,157,0,456506.974168997,4914808.3165381
377,157,338.692883153642,456234.719856967,4914737.50265533
378,157,677.385766307283,455896.028943223,4914738.65766469
379,158,0,443456.220874746,4913598.84114961
380,158,1215.9169272657,443724.191109254,4914405.61765008
381,158,2431.83385453141,442756.791930042,4914971.0862959
382,159,0,435975.423210269,4914351.20901403
383,159,706.851179880419,435581.768675203,4914693.95915967
384,159,1413.70235976084,435154.509659821,4915186.64238701
385,160,0,435154.509659821,4915186.64238701
386,160,288.054782631421,434882.308915571,4915120.94793988
387,160,576.109565262843,434637.315108916,4915008.61864691
388,161,0,438501.774287656,4915251.01922507
389,161,2.00830557968806,438499.852483882,4915251.60228729
390,161,4.01661115937611,438497.930680108,4915252.18534952
391,162,0,439197.135607681,4912834.23166117
392,162,2547.97532386612,438009.555880309,4914024.45568214
393,162,5095.95064773225,436957.979423702,4915516.20095381
394,163,0,457893.015736022,4915550.74292811
395,163,631.806123458213,457591.000113484,4915035.13623096
396,163,1263.61224691643,457389.753728354,4914532.77225859
397,164,0,451808.725349818,4915597.24183109
398,164,957.122531366144,452304.14693071,4914992.47754483
399,164,1914.24506273229,453048.504902062,4915269.25620327
400,166,0,454821.190991083,4915617.08983747
401,166,865.10130511461,454271.92265057,4915033.50558816
402,166,1730.20261022922,453887.81707173,4914346.12470787
403,167,0,435164.996237538,4915703.41480582
404,167,259.869064529434,435165.304646796,4915443.54592429
405,167,519.738129058868,435154.509659821,4915186.64238701
406,168,0,455535.344079869,4915864.2480046
407,168,456.22948087244,455242.104157809,4915619.43764162
408,168,912.45896174488,454821.190991083,4915617.08983747
409,169,0,441526.009762519,4915819.05225847
410,169,915.022029478138,440713.395927477,4915513.77457006
411,169,1830.04405895628,440474.134336061,4915937.21320857
412,170,0,438497.930680108,4915252.18534952
413,170,573.068163154796,438025.582250446,4915567.29913494
414,170,1146.13632630959,437994.049742484,4916008.40834428
415,171,0,453392.256077724,4915988.50873405
416,171,245.728250647793,453637.96156025,4915991.85373369
417,171,491.456501295587,453883.667042777,4915995.19873334
418,172,0,453048.504902062,4915269.25620327
419,172,634.687873807632,453585.482099303,4915561.14346012
420,172,1269.37574761526,453883.667042777,4915995.19873334
421,173,0,455798.301354463,4916092.42488128
422,173,174.191504525598,455663.411726062,4915982.32153359
423,173,348.383009051196,455535.344079869,4915864.2480046
424,174,0,453883.667042777,4915995.19873334
425,174,67.4506978738614,453925.15454352,4916048.36574673
426,174,134.901395747723,453963.795841344,4916103.60535817
427,175,0,453963.795841344,4916103.60535817
428,175,515.834586010315,454428.125310347,4915883.88222204
429,175,1031.66917202063,454821.190991083,4915617.08983747
430,177,0,453876.539413566,4916201.80385687
431,177,68.0206390805894,453908.325322687,4916142.20734738
432,177,136.041278161179,453963.795841344,4916103.60535817
433,178,0,442850.786684918,4916026.55364039
434,178,162.931574616597,442851.751489236,4916187.19071656
435,178,325.863149233194,442844.017593312,4916342.63256835
436,179,0,442844.017593312,4916342.63256835
437,179,7.65779342747369,442840.529298168,4916349.38521686
438,179,15.3155868549474,442836.270639854,4916355.74962017
439,180,0,443734.511145561,4916208.67029025
440,180,457.545034671683,443281.522357068,4916253.211873
441,180,915.090069343366,442836.270639854,4916355.74962017
442,181,0,455244.253922393,4916426.62783938
443,181,340.787801547103,455406.059065623,4916150.14302466
444,181,681.575603094206,455535.344079869,4915864.2480046
445,182,0,444941.029879919,4916484.82113455
446,182,806.136562830573,444416.098407381,4916162.60407615
447,182,1612.27312566115,443734.511145561,4916208.67029025
448,183,0,448166.161071527,4915085.19586545
449,183,2952.85863080703,445963.031810734,4915180.39342041
450,183,5905.71726161406,444941.029879919,4916484.82113455
451,184,0,442836.270639854,4916355.74962017
452,184,1658.69246044164,441461.965932279,4916969.20118992
453,184,3317.38492088328,440167.615901617,4916434.41492704
454,185,0,452189.837018045,4917012.19361487
455,185,781.272603256874,451884.089583699,4916342.7332738
456,185,1562.54520651375,451808.725349818,4915597.24183109
457,186,0,452593.982254512,4916912.20916623
458,186,254.171912991983,452389.857915611,4916855.36567766
459,186,508.343825983966,452189.837018045,4917012.19361487
460,187,0,450975.596597235,4917194.58603856
461,187,107.237416175687,450868.359385248,4917194.37677029
462,187,214.474832351373,450761.12217326,4917194.16750203
463,188,0,447304.481912003,4916382.96894645
464,188,553.20987911172,447245.936283784,4916916.92525152
465,188,1106.41975822344,447476.464757537,4917237.53561398
466,189,0,447713.899620173,4916958.58278649
467,189,220.718283111301,447606.41506821,4917108.61185609
468,189,441.436566222601,447476.464757537,4917237.53561398
469,190,0,454352.410923251,4917276.95249578
470,190,654.170864802113,454150.019614849,4916794.19300229
471,190,1308.34172960423,453876.539413566,4916201.80385687
472,191,0,454612.008115655,4917274.18989444
473,191,129.80594580935,454482.209519453,4917275.57119511
474,191,259.6118916187,454352.410923251,4917276.95249578
475,192,0,452032.250244031,4917592.05145225
476,192,464.3312093741,452309.886257947,4917318.54200173
477,192,928.6624187482,452189.837018045,4917012.19361487
478,193,0,454400.522686701,4917611.43495644
479,193,202.63759111299,454326.264970873,4917477.89622549
480,193,405.27518222598,454352.410923251,4917276.95249578
481,194,0,442854.553720754,4917421.62727207
482,194,234.905702541339,442628.801837682,4917457.71564567
483,194,469.811405082679,442478.886505726,4917637.48868161
484,195,0,441977.275467137,4917638.15343848
485,195,344.562784469221,442219.206623183,4917531.96665105
486,195,689.125568938443,442478.886505726,4917637.48868161
487,196,0,450088.613319566,4917140.14050388
488,196,444.399996896667,450292.452751174,4917411.72014138
489,196,888.799993793335,450366.13530964,4917836.46896205
490,197,0,450761.12217326,4917194.16750203
491,197,453.377234834159,450746.756228848,4917637.38746399
492,197,906.754469668318,450366.13530964,4917836.46896205
493,198,0,450366.13530964,4917836.46896205
494,198,177.646005951029,450198.955800362,4917896.51979845
495,198,355.292011902059,450077.413289917,4917997.23302811
496,199,0,446469.063562429,4917608.02221637
497,199,205.773771986014,446474.67188856,4917813.69045115
498,199,411.547543972029,446475.591536476,4918019.46216807
499,200,0,447476.464757537,4917237.53561398
500,200,797.504936563723,447225.417332987,4917864.77720354
501,200,1595.00987312745,446475.591536476,4918019.46216807
502,201,0,456114.354989144,4917909.95189408
503,201,79.6587068541054,456129.090609201,4917988.22428052
504,201,159.317413708211,456160.656833624,4918059.29389901
505,202,0,449036.040261369,4917613.5348084
506,202,391.748032965889,449312.990932546,4917890.59950674
507,202,783.496065931777,449562.719492097,4918191.9646851
508,203,0,457748.171115765,4917163.08608635
509,203,927.632989070672,457025.094017648,4917371.84968592
510,203,1855.26597814134,457290.863606611,4918202.63988647
511,204,0,457375.596322806,4918186.68162194
512,204,43.1111917045322,457333.229964708,4918194.6607542
513,204,86.2223834090644,457290.863606611,4918202.63988647
514,205,0,450413.06266818,4918240.25807037
515,205,215.090222567407,450256.533995448,4918092.73661953
516,205,430.180445134814,450077.413289917,4917997.23302811
517,206,0,450607.890073095,4918182.97036768
518,206,106.254700697564,450502.121394149,4918193.1216225
519,206,212.509401395127,450413.06266818,4918240.25807037
520,207,0,449562.719492097,4918191.9646851
521,207,105.653846943056,449639.583929699,4918263.24446855
522,207,211.307693886112,449729.626176738,4918310.50016218
523,208,0,450077.413289917,4917997.23302811
524,208,303.206278648066,449972.840632462,4918205.90004509
525,208,606.412557296133,449729.626176738,4918310.50016218
526,209,0,456160.656833624,4918059.29389901
527,209,578.956371962255,456724.562561563,4918069.2630931
528,209,1157.91274392451,457255.05074983,4918301.03374237
529,210,0,457290.863606611,4918202.63988647
530,210,52.3851097386947,457272.231366486,4918251.599455
531,210,104.770219477389,457255.05074983,4918301.03374237
532,211,0,452600.108592616,4917629.59565095
533,211,452.6154223031,452689.524014416,4918052.57777079
534,211,905.230844606199,452984.639298313,4918395.75074426
535,212,0,452603.348352518,4918028.74003614
536,212,313.444501021527,452771.478019011,4918250.0069054
537,212,626.889002043055,452984.639298313,4918395.75074426
538,214,0,452984.639298313,4918395.75074426
539,214,1553.01373996566,453799.488472399,4917632.70635003
540,214,3106.02747993132,453876.539413566,4916201.80385687
541,215,0,448019.43641508,4918657.63784373
542,215,703.876688573107,448681.701120502,4918419.20996644
543,215,1407.75337714621,448804.347404116,4917797.81199495
544,216,0,457255.05074983,4918301.03374237
545,216,208.155023879491,457223.846540294,4918506.79664055
546,216,416.310047758982,457187.381310416,4918711.70668729
547,218,0,446041.459662107,4918736.19735008
548,218,1495.47801437506,445587.579175319,4917501.79785884
549,218,2990.95602875011,444941.029879919,4916484.82113455
550,220,0,450737.482606807,4918731.35545112
551,220,351.863121717756,450581.469911694,4918522.55389543
552,220,703.726243435513,450413.06266818,4918240.25807037
553,221,0,446116.186166742,4918774.89415516
554,221,42.16706510306,446077.864937797,4918757.31655634
555,221,84.33413020612,446041.459662107,4918736.19735008
556,222,0,446128.82638768,4918645.02498496
557,222,67.4650433308001,446129.489159626,4918712.4867727
558,222,134.9300866616,446116.186166742,4918774.89415516
559,223,0,455995.733723796,4918785.71754412
560,223,378.553951062689,456032.67705588,4918414.8880481
561,223,757.107902125378,456160.656833624,4918059.29389901
562,224,0,446202.356140856,4918814.84006546
563,224,47.775916373755,446158.48726921,4918797.06029069
564,224,95.5518327475101,446116.186166742,4918774.89415516
565,225,0,446475.591536476,4918019.46216807
566,225,440.911011877484,446281.925664473,4918396.74961003
567,225,881.822023754969,446202.356140856,4918814.84006546
568,227,0,446510.483095152,4918956.05283502
569,227,194.590890606723,446393.278844812,4918832.69898827
570,227,389.181781213446,446202.356140856,4918814.84006546
571,229,0,440645.172957792,4918857.04536636
572,229,75.9212139450027,440645.216517021,4918932.96656781
573,229,151.842427890005,440645.235128235,4919008.88770503
574,231,0,440645.235128235,4919008.88770503
575,231,215.742601960152,440451.088257735,4919034.6095991
576,231,431.485203920303,440442.317618124,4919246.75845823
577,232,0,440745.604589762,4919247.37609359
578,232,151.643800267654,440593.961103943,4919247.06727591
579,232,303.287600535308,440442.317618124,4919246.75845823
580,234,0,441676.403043109,4919398.25116451
581,234,655.551158357264,441274.23561554,4919136.49685701
582,234,1311.10231671453,440645.235128235,4919008.88770503
583,235,0,440442.317618124,4919246.75845823
584,235,230.776203733458,440351.112005522,4919392.9278858
585,235,461.552407466917,440356.73554196,4919623.62451663
586,236,0,449729.626176738,4918310.50016218
587,236,1148.1500803464,449188.39694564,4918990.28357719
588,236,2296.3001606928,448569.834307715,4919651.17587776
589,237,0,457187.381310416,4918711.70668729
590,237,481.921009107927,457222.379815735,4919187.66002962
591,237,963.842018215854,457351.821875212,4919638.35023912
592,238,0,446702.689031072,4919668.59124479
593,238,388.545957821888,446543.649212434,4919340.62138539
594,238,777.091915643775,446510.483095152,4918956.05283502
595,239,0,448569.834307715,4919651.17587776
596,239,365.421299433179,448221.85786287,4919647.92875958
597,239,730.842598866359,447868.603916477,4919712.55094863
598,240,0,454227.717696408,4919555.80359431
599,240,213.198708134905,454059.161309015,4919619.43150585
600,240,426.39741626981,453977.608947915,4919783.84579909
601,241,0,454230.829575109,4919605.89916016
602,241,181.679124916408,454152.954094052,4919736.29178605
603,241,363.358249832817,453977.608947915,4919783.84579909
604,242,0,453840.705640263,4919632.25456188
605,242,100.017274445662,453841.427072977,4919732.26923441
606,242,200.034548891324,453842.148505691,4919832.28390695
607,243,0,453977.608947915,4919783.84579909
608,243,71.9586994193957,453910.532715998,4919809.88913163
609,243,143.917398838791,453842.148505691,4919832.28390695
610,244,0,438864.014943338,4919652.58329499
611,244,905.935720825313,439590.431657551,4919863.91143804
612,244,1811.87144165063,440356.73554196,4919623.62451663
613,245,0,437199.868911896,4919683.35560976
614,245,2405.29735975685,435555.143197241,4919753.64711585
615,245,4810.5947195137,433968.790610553,4918446.13804885
616,246,0,447868.603916477,4919712.55094863
617,246,758.40744264946,447205.436467926,4919941.34464988
618,246,1516.81488529892,446702.689031072,4919668.59124479
619,247,0,442478.886505726,4917637.48868161
620,247,2786.35990623027,444663.051534626,4917950.97584771
621,247,5572.71981246054,444111.654132028,4920110.15897489
622,248,0,447881.568960392,4920106.6080605
623,248,198.438946442171,447880.051067805,4919908.17491945
624,248,396.877892884342,447868.603916477,4919712.55094863
625,249,0,452116.249713539,4919547.13882238
626,249,553.761618317192,452284.93353479,4919987.47222971
627,249,1107.52323663438,452794.99648198,4920166.2416255
628,250,0,453842.148505691,4919832.28390695
629,250,590.284046515353,453283.147943284,4920014.21496405
630,250,1180.56809303071,452794.99648198,4920166.2416255
631,252,0,455439.182973623,4920400.36410728
632,252,73.6263719784168,455512.808285544,4920399.96901842
633,252,147.252743956834,455578.680857181,4920419.70468148
634,253,0,455839.64402147,4920398.21531058
635,253,135.711569944235,455703.934405068,4920398.94348156
636,253,271.42313988847,455578.680857181,4920419.70468148
637,257,0,450983.022716817,4920606.90835753
638,257,88.3549710069731,450894.668307382,4920606.59334154
639,257,176.709942013946,450806.313897948,4920606.27832555
640,261,0,450990.887203252,4920799.81629178
641,261,98.8845331024856,450991.341871555,4920700.93280396
642,261,197.769066204971,450983.022716817,4920606.90835753
643,262,0,455041.223138286,4920826.73972385
644,262,137.101742901284,455178.319071807,4920828.00183266
645,262,274.203485802568,455315.415005327,4920829.26394148
646,263,0,455315.232831648,4920798.79709687
647,263,15.2336946261335,455315.323918488,4920814.03051917
648,263,30.467389252267,455315.415005327,4920829.26394148
649,265,0,455315.415005327,4920829.26394148
650,265,137.112990118801,455452.522185918,4920830.52611807
651,265,274.225980237603,455589.629366509,4920831.78829466
652,266,0,455578.680857181,4920419.70468148
653,266,208.044308656242,455579.942458094,4920627.74516487
654,266,416.088617312484,455589.629366509,4920831.78829466
655,267,0,455317.601402708,4921194.84110073
656,267,182.791848630486,455316.508204017,4921012.05252111
657,267,365.583697260973,455315.415005327,4920829.26394148
658,268,0,445121.50632492,4921065.70995236
659,268,105.141117500971,445174.455392948,4921143.49364226
660,268,210.282235001942,445208.823464122,4921239.90284878
661,271,0,455589.629366509,4920831.78829466
662,271,834.597359742939,456319.867769767,4920927.53911734
663,271,1669.19471948588,456647.534583229,4921525.88376875
664,272,0,447368.141465342,4920865.04557461
665,272,382.832279891799,447381.71318687,4921247.06776311
666,272,765.664559783597,447360.366882963,4921622.09095395
667,274,0,447766.733347082,4921682.33065712
668,274,211.633044431849,447555.403706534,4921676.14018733
669,274,423.266088863698,447360.366882963,4921622.09095395
670,276,0,446152.261384619,4921032.94970994
671,276,677.43363736997,446439.224055208,4921451.74681294
672,276,1354.86727473994,446775.253198919,4921769.26906529
673,277,0,446775.253198919,4921769.26906529
674,277,0.578884308450194,446775.663196786,4921769.67773238
675,277,1.15776861690039,446776.073194653,4921770.08639947
676,278,0,447360.366882963,4921622.09095395
677,278,316.220499779535,447056.0149134,4921645.71854733
678,278,632.440999559069,446776.073194653,4921770.08639947
679,279,0,445504.235145051,4921641.95215913
680,279,69.6998427776286,445504.583793012,4921711.65112991
681,279,139.399685555257,445504.932440974,4921781.35010069
682,280,0,445750.220919839,4921837.94947469
683,280,126.221646056585,445628.166065083,4921808.23519784
684,280,252.443292113171,445504.932440974,4921781.35010069
685,281,0,445208.823464122,4921239.90284878
686,281,338.859973743293,445177.951784115,4921558.93698423
687,281,677.719947486586,445010.460758394,4921845.93730964
688,282,0,445504.932440974,4921781.35010069
689,282,253.049682732085,445257.275653959,4921790.50112549
690,282,506.099365464171,445010.460758394,4921845.93730964
691,285,0,446776.073194653,4921770.08639947
692,285,104.095653458695,446781.325038082,4921873.79256805
693,285,208.19130691739,446731.325082277,4921945.0312316
694,286,0,446731.325082277,4921945.0312316
695,286,499.296414226923,446244.377649375,4921898.41846281
696,286,998.592828453845,445750.220919839,4921837.94947469
697,287,0,432314.337550463,4922094.39619757
698,287,101.377447900452,432236.358290243,4922030.12935189
699,287,202.754895800904,432148.435706572,4921988.70839169
700,290,0,432322.593153334,4922109.01704146
701,290,8.39529711462529,432318.465351898,4922101.70661952
702,290,16.7905942292506,432314.337550463,4922094.39619757
703,292,0,452794.99648198,4920166.2416255
704,292,1338.67007733277,453201.553013074,4921301.95003823
705,292,2677.34015466554,453077.095109013,4922425.53721424
706,293,0,445750.347093846,4922512.8977738
707,293,337.843424552113,445753.97120481,4922175.77208328
708,293,675.686849104227,445750.220919839,4921837.94947469
709,294,0,445010.460758394,4921845.93730964
710,294,533.747210669728,444672.824969476,4922240.37343907
711,294,1067.49442133946,444541.706352902,4922718.74281813
712,295,0,444139.911601646,4922747.62983274
713,295,201.746834589335,444340.942328897,4922730.64654779
714,295,403.493669178669,444541.706352902,4922718.74281813
715,296,0,440356.73554196,4919623.62451663
716,296,2136.71696349657,439960.189805095,4921511.91396148
717,296,4273.43392699314,439401.067870951,4923041.92765515
718,297,0,453077.095109013,4922425.53721424
719,297,368.925107242456,453262.375313206,4922729.42520885
720,297,737.850214484912,453106.351466216,4923050.41686047
721,298,0,447771.857139339,4923232.52294924
722,298,891.783903683853,447249.014974484,4922586.3274849
723,298,1783.56780736771,446731.325082277,4921945.0312316
724,299,0,447771.857139339,4923232.52294924
725,299,151.778652784069,447919.341643452,4923245.50502218
726,299,303.557305568138,448071.108489155,4923243.61188027
727,300,0,437421.720220665,4920896.72366273
728,300,1782.88900997729,437320.433650513,4922021.07586631
729,300,3565.77801995459,437195.370549862,4923584.84555942
730,301,0,437925.479613471,4923406.25568369
731,301,391.769569895645,437571.060945243,4923517.45289868
732,301,783.539139791291,437195.370549862,4923584.84555942
733,302,0,453351.33455177,4923536.70410893
734,302,511.743295789232,453804.314356443,4923620.09710315
735,302,1023.48659157846,454261.336515401,4923425.18103642
736,303,0,444541.706352902,4922718.74281813
737,303,759.937274114785,444961.098876432,4923316.57213052
738,303,1519.87454822957,444853.988660953,4923749.58461373
739,304,0,451802.038096046,4921231.06485168
740,304,1505.55810227327,451968.048468401,4922613.86965182
741,304,3011.11620454655,452209.51361008,4923961.08500033
742,305,0,454261.336515401,4923425.18103642
743,305,919.484530219012,455070.27201594,4923329.72868963
744,305,1838.96906043802,455533.230772971,4923996.90763838
745,306,0,455902.140374607,4923972.27514449
746,306,186.762378284121,455718.484338753,4923981.59897343
747,306,373.524756568242,455533.230772971,4923996.90763838
748,307,0,450806.313897948,4920606.27832555
749,307,2550.56947142539,449369.466598765,4922023.52005584
750,307,5101.13894285077,450514.57560547,4924109.14039573
751,308,0,448344.404900716,4924120.81158787
752,308,600.324677263701,447851.186206257,4923811.26170482
753,308,1200.6493545274,447771.857139339,4923232.52294924
754,309,0,454265.880814725,4924183.19141955
755,309,379.012015280054,454263.567907236,4923804.18648239
756,309,758.024030560109,454261.336515401,4923425.18103642
757,310,0,448762.911917191,4924300.60791973
758,310,231.102037816009,448560.946073059,4924201.54616883
759,310,462.204075632017,448344.404900716,4924120.81158787
760,312,0,456194.89548622,4924337.66392466
761,312,282.634007751383,456057.752275079,4924128.87486442
762,312,565.268015502766,455902.140374607,4923972.27514449
763,313,0,455533.230772971,4923996.90763838
764,313,398.247202660126,455450.218938451,4924386.40715027
765,313,796.494405320251,455382.698739597,4924773.64871062
766,315,0,444660.123395168,4924887.10271774
767,315,690.46081906312,444644.802149896,4924281.20592673
768,315,1380.92163812624,444853.988660953,4923749.58461373
769,316,0,449788.46836058,4925243.29128942
770,316,821.92086088384,449040.679978576,4925034.81797122
771,316,1643.84172176768,448762.911917191,4924300.60791973
772,318,0,447599.130584671,4925255.75237408
773,318,1677.15029242981,446061.853543963,4925254.83323726
774,318,3354.30058485961,444660.123395168,4924887.10271774
775,319,0,451970.392457221,4925287.13661743
776,319,45.5252849835237,451968.866297286,4925332.63631423
777,319,91.0505699670475,451967.34013735,4925378.13601103
778,321,0,445087.537776768,4925696.16987906
779,321,542.100790408698,444975.553224844,4925256.04901058
780,321,1084.2015808174,444660.123395168,4924887.10271774
781,322,0,451967.34013735,4925378.13601103
782,322,258.466301243606,451882.823395555,4925591.46288106
783,322,516.932602487211,451813.755316983,4925789.80590123
784,323,0,448607.46591801,4926040.96264221
785,323,1153.93430368663,448232.169774761,4925091.90432007
786,323,2307.86860737325,448344.404900716,4924120.81158787
787,324,0,444853.988660953,4923749.58461373
788,324,3115.6161339175,442448.820160463,4924275.69880113
789,324,6231.232267835,440816.772939631,4926077.09169202
790,326,0,437195.370549862,4923584.84555942
791,326,1488.09650890018,437107.626016433,4925001.05025642
792,326,2976.19301780036,437068.688904188,4926372.88285377
793,328,0,447145.389294549,4926460.22414843
794,328,55.7568783274576,447201.136725623,4926460.40692858
795,328,111.513756654915,447240.990659708,4926488.02649699
796,330,0,451813.755316983,4925789.80590123
797,330,859.711774575626,451629.016890262,4926369.67854899
798,330,1719.42354915125,451018.314613904,4926671.44355294
799,331,0,451660.965482285,4926679.00258205
800,331,329.665096549707,451332.103067534,4926657.18571268
801,331,659.330193099414,451018.314613904,4926671.44355294
802,332,0,455382.698739597,4924773.64871062
803,332,1360.85147929817,456154.226278461,4925571.54296746
804,332,2721.70295859634,455928.980060525,4926835.30052645
805,333,0,456179.422025773,4926626.84700746
806,333,228.045121531662,456156.224901992,4926834.54705122
807,333,456.090243063324,455928.980060525,4926835.30052645
808,335,0,443790.647538096,4926470.96240748
809,335,273.547376496151,443921.41172304,4926629.36327801
810,335,547.094752992302,443902.51941007,4926893.75747955
811,339,0,451018.314613904,4926671.44355294
812,339,149.782289706534,451018.123148376,4926821.12329711
813,339,299.564579413067,450990.998464391,4926958.46044487
814,340,0,451012.212422063,4926986.99197544
815,340,18.86979509137,451006.01293722,4926969.44912645
816,340,37.7395901827399,450990.998464391,4926958.46044487
817,341,0,450205.39759512,4927022.33856784
818,341,222.567016189463,450427.913164513,4927017.55337472
819,341,445.134032378927,450599.671685657,4927138.60702923
820,342,0,450990.998464391,4926958.46044487
821,342,231.301768774563,450767.417454906,4926987.03807109
822,342,462.603537549126,450599.671685657,4927138.60702923
823,344,0,445260.465185759,4926899.04047019
824,344,194.750687162626,445098.172944948,4927002.40767956
825,344,389.501374325253,445073.692836441,4927186.77044338
826,345,0,445073.692836441,4927186.77044338
827,345,663.403190907194,444563.813082281,4926890.30926832
828,345,1326.80638181439,443902.51941007,4926893.75747955
829,347,0,443902.51941007,4926893.75747955
830,347,230.120769370585,443793.283981891,4927028.65833184
831,347,460.24153874117,443791.748862287,4927258.11419072
832,348,0,445094.319211107,4927388.1222668
833,348,104.666708609633,445094.018104459,4927283.45599131
834,348,209.333417219265,445073.692836441,4927186.77044338
835,350,0,442159.130978922,4927669.78187062
836,350,9.6311604898581,442157.488890253,4927679.27201272
837,350,19.2623209797162,442155.846801584,4927688.76215483
838,351,0,455928.980060525,4926835.30052645
839,351,774.817961565649,455625.830812239,4927481.83443822
840,351,1549.6359231313,456077.113264126,4927845.67351976
841,353,0,453855.46538256,4927943.11020057
842,353,59.030330597764,453856.042457424,4928002.13771039
843,353,118.060661195528,453860.157555512,4928059.82939882
844,354,0,454285.413873636,4928054.35068235
845,354,214.714004299748,454071.783566832,4928052.60711902
846,354,429.428008599496,453860.157555512,4928059.82939882
847,357,0,447240.990659708,4926488.02649699
848,357,1227.19488706705,447681.174326621,4927350.67492558
849,357,2454.3897741341,447211.025941459,4928133.33909488
850,358,0,443791.748862287,4927258.11419072
851,358,454.82175367142,443748.095409679,4927693.52256496
852,358,909.64350734284,443752.094753196,4928147.50662136
853,360,0,453670.01445653,4928238.43115374
854,360,93.6808644569054,453763.681726376,4928240.0270626
855,360,187.361728913811,453857.348996221,4928241.62297146
856,361,0,453860.157555512,4928059.82939882
857,361,91.6364718068174,453853.537394853,4928150.48210798
858,361,183.272943613635,453857.348996221,4928241.62297146
859,362,0,447408.099297486,4928275.5755954
860,362,159.083971221118,447249.228721143,4928273.70870931
861,362,318.167942442236,447211.025941459,4928133.33909488
862,363,0,454941.148641798,4928317.5132722
863,363,448.562506175987,454696.377848185,4928102.19616434
864,363,897.125012351974,454285.413873636,4928054.35068235
865,364,0,455065.89258105,4928317.92773519
866,364,62.372313889019,455003.520611424,4928317.7205037
867,364,124.744627778038,454941.148641798,4928317.5132722
868,365,0,447211.025941459,4928133.33909488
869,365,671.360373407589,446701.622439462,4928370.20161807
870,365,1342.72074681518,446075.573933994,4928280.10916104
871,366,0,448434.654035443,4928074.71062486
872,366,206.287104127373,448506.61881597,4928268.03791133
873,366,412.574208254746,448528.03824568,4928470.6245364
874,367,0,448840.46853412,4928469.99642137
875,367,156.215459912915,448684.253389901,4928470.31047956
876,367,312.43091982583,448528.03824568,4928470.6245364
877,368,0,453857.348996221,4928241.62297146
878,368,125.352619776411,453851.087905347,4928365.32596486
879,368,250.705239552822,453912.266378101,4928469.55602125
880,370,0,433131.258683605,4928686.4153541
881,370,94.2753900688212,433225.532412222,4928685.85565303
882,370,188.550780137642,433314.503641318,4928699.31646959
883,371,0,433122.930730812,4928287.18594972
884,371,288.950329911815,433182.529547222,4928529.97002893
885,371,577.900659823629,433314.503641318,4928699.31646959
886,373,0,442155.846801584,4927688.76215483
887,373,864.994786296401,442420.131893968,4928457.74324751
888,373,1729.9895725928,442714.25102003,4928987.10446537
889,374,0,443752.094753196,4928147.50662136
890,374,863.925741125448,443128.935480087,4928500.21779743
891,374,1727.8514822509,442714.25102003,4928987.10446537
892,375,0,433314.503641318,4928699.31646959
893,375,384.203042997733,433570.164264383,4928851.62673717
894,375,768.406085995467,433722.164258537,4929099.11509603
895,376,0,453912.266378101,4928469.55602125
896,376,332.23776443837,453980.11923199,4928787.32932754
897,376,664.475528876739,454057.709807548,4929083.84916744
898,378,0,433722.164258537,4929099.11509603
899,378,293.803721573764,434015.967567941,4929099.60722774
900,378,587.607443147528,434258.390455159,4929209.65209904
901,379,0,434260.796987797,4929357.14662812
902,379,73.7570801794518,434259.593721478,4929283.39936358
903,379,147.514160358904,434258.390455159,4929209.65209904
904,380,0,440931.813213016,4929271.37970609
905,380,83.0627104662796,440900.783106684,4929348.42343908
906,380,166.125420932559,440905.403514903,4929429.94859652
907,382,0,436336.846269856,4929707.76173423
908,382,192.898109227165,436444.173359751,4929551.25197241
909,382,385.79621845433,436463.43594625,4929361.67040723
910,383,0,440905.403514903,4929429.94859652
911,383,742.102670108884,440363.42936513,4929592.40052133
912,383,1484.20534021777,439747.059363784,4929670.79734825
913,384,0,449407.776335811,4929271.92391248
914,384,239.937306926094,449409.138546796,4929511.85735249
915,384,479.874613852187,449410.500757781,4929751.7907925
916,386,0,448528.03824568,4928470.6245364
917,386,1342.77873778945,448362.652919878,4929346.93312948
918,386,2685.55747557889,449410.500757781,4929751.7907925
919,387,0,449410.500757781,4929751.7907925
920,387,139.392531997292,449500.831483678,4929825.1621717
921,387,278.785063994585,449542.47904041,4929953.42281017
922,388,0,450599.671685657,4927138.60702923
923,388,2257.82376495449,450996.421942309,4929110.45547578
924,388,4515.64752990899,449542.47904041,4929953.42281017
925,389,0,434258.390455159,4929209.65209904
926,389,656.244677203899,434720.250093245,4929570.13922133
927,389,1312.4893544078,434931.911941831,4930077.26248984
928,390,0,456077.113264126,4927845.67351976
929,390,1321.75107393771,456329.626270476,4929079.7521957
930,390,2643.50214787542,456637.481280432,4930046.71062811
931,391,0,434931.911941831,4930077.26248984
932,391,32.6958987701589,434932.309164986,4930109.95597558
933,391,65.3917975403179,434944.021835005,4930139.45149217
934,393,0,434192.572158876,4930340.62741081
935,393,525.560835482839,434443.325851917,4929953.18284984
936,393,1051.12167096568,434931.911941831,4930077.26248984
937,394,0,442714.25102003,4928987.10446537
938,394,758.140644876751,442566.173202889,4929698.95822816
939,394,1516.2812897535,442355.715119534,4930342.14712727
940,395,0,442355.715119534,4930342.14712727
941,395,1081.15846990978,441765.123576841,4929927.74732658
942,395,2162.31693981956,440905.403514903,4929429.94859652
943,396,0,434143.646693845,4930448.93214168
944,396,71.2061521874239,434142.868088262,4930377.73024646
945,396,142.412304374848,434192.572158876,4930340.62741081
946,397,0,446185.923487631,4927680.79264456
947,397,1929.81497396363,445201.251006702,4929128.12038262
948,397,3859.62994792726,444918.185623326,4930527.63476624
949,398,0,436264.642158951,4930675.39017263
950,398,506.557325163428,436238.278295875,4930175.48090676
951,398,1013.11465032686,436336.846269856,4929707.76173423
952,399,0,436116.209062643,4930737.62406001
953,399,81.7022224240209,436194.539528981,4930714.5685811
954,399,163.404444848042,436264.642158951,4930675.39017263
955,400,0,434944.021835005,4930139.45149217
956,400,754.462606374568,435460.968681569,4930452.33558397
957,400,1508.92521274914,436116.209062643,4930737.62406001
958,401,0,454057.709807548,4929083.84916744
959,401,1149.35605616925,453770.372137678,4929929.02750024
960,401,2298.7121123385,453857.363202202,4930865.005174
961,407,0,437875.038617288,4930957.06997647
962,407,1128.9021587197,436860.808752373,4931252.16626988
963,407,2257.8043174394,436264.642158951,4930675.39017263
964,408,0,449542.47904041,4929953.42281017
965,408,952.81337463298,450116.452878743,4930538.75221045
966,408,1905.62674926596,450540.203992543,4931279.38232645
967,409,0,433630.438855889,4931393.90073322
968,409,1400.78063387024,432884.878917331,4930695.45741347
969,409,2801.56126774047,432028.297169496,4929855.88373643
970,410,0,437891.061222227,4931445.44169472
971,410,245.098268911984,437885.506371435,4931200.69547822
972,410,490.196537823968,437875.038617288,4930957.06997647
973,412,0,438291.404386237,4931474.97156606
974,412,210.08587890931,438081.510939215,4931478.153655
975,412,420.171757818621,437891.061222227,4931445.44169472
976,413,0,439033.442592362,4931534.15971113
977,413,720.221567819321,438735.536661585,4931065.1396666
978,413,1440.44313563864,438291.404386237,4931474.97156606
979,418,0,439739.760437516,4932361.96156782
980,418,152.834402278721,439586.930583297,4932363.14062657
981,418,305.668804557443,439434.100729079,4932364.31968533
982,419,0,439434.100729079,4932364.31968533
983,419,593.771696321327,439167.540815707,4932025.92220997
984,419,1187.54339264265,439033.442592362,4931534.15971113
985,420,0,435742.23138213,4932398.23023687
986,420,1244.8784674447,434664.880643833,4932031.30798257
987,420,2489.7569348894,433630.438855889,4931393.90073322
988,422,0,437368.992760429,4932854.71045781
989,422,921.353344976134,436489.081137028,4932654.69286263
990,422,1842.70668995227,435742.23138213,4932398.23023687
991,424,0,435125.772130287,4932936.28407686
992,424,577.513256717847,435703.254256017,4932930.28773232
993,424,1155.02651343569,435742.23138213,4932398.23023687
994,425,0,433949.01166888,4934555.71608346
995,425,1783.42080787729,433630.269577666,4932983.01667354
996,425,3566.84161575459,433630.438855889,4931393.90073322
997,426,0,433593.011475303,4934720.51437681
998,426,216.334403258212,433739.765338387,4934584.45975614
999,426,432.668806516424,433949.01166888,4934555.71608346
1000,427,0,434077.73391581,4934980.72333827
1001,427,238.515475948222,433946.959605956,4934781.38996176
1002,427,477.030951896443,433949.01166888,4934555.71608346
1003,430,0,453105.12181246,4923555.19877091
1004,430,137.25364150739,453221.663672264,4923581.69327557
1005,430,274.507283014779,453351.33455177,4923536.70410893
