cat,a_cat,b_cat,to_x,to_y
1,1585,1,437958.753462575,4915636.76079332
2,3384,1,449950.851847423,4923621.45043357
3,516,1,434315.582808126,4898784.22150661
4,1799,1,454806.390649945,4910565.28398854
5,1447,1,458193.233857051,4911993.6832729
6,439,1,443115.954199386,4914819.76115549
7,2288,1,443646.940245258,4913596.70108359
8,1527,1,440427.752338758,4915684.2193707
9,1527,1,440427.589690247,4915474.43801265
10,2287,1,441233.818679861,4915819.71458277
11,3026,1,448561.096957888,4918462.61912818
12,700,1,452183.633521624,4923855.63326503
13,3381,1,451903.457566004,4922826.67377289
14,2479,1,444869.922179175,4930088.90313037
15,2827,1,428953.015001934,4911742.22217323
16,3198,1,430482.049206709,4907867.87109151
17,2917,1,427657.211197106,4902923.21804487
18,707,1,453856.349620535,4930860.52217337
19,3200,1,433892.553550542,4906753.34149797
20,696,1,454230.845781885,4919607.52221926
21,2909,1,425084.533084614,4898884.80545073
22,2950,1,454275.73852212,4906162.89969236
23,953,1,437120.156009147,4907778.31553551
24,3234,1,439572.767814072,4907266.52781115
25,1836,1,456505.926613064,4914763.53944023
26,3236,1,440816.653611498,4926075.27010366
27,2101,1,442133.77296781,4925004.96855354
28,1706,1,443661.194690233,4923854.28712595
29,2121,1,442263.914719343,4898725.75827111
30,2202,1,455092.879290708,4907766.6888162
31,3003,1,436874.982727566,4914840.12185467
32,1917,1,455286.661894118,4916381.02941853
33,2254,1,442069.382203182,4917639.16658917
34,2329,1,452827.834647515,4918213.42676766
35,1876,1,436914.29608298,4921308.30515604
36,765,1,437436.177528746,4922878.14926022
37,2624,1,432702.193712545,4930240.92867353
38,2481,1,442158.097444108,4927675.69633847
39,2291,1,447605.294464816,4919710.32959208
40,1363,1,452561.791587855,4912914.36451424
41,2506,1,441956.52394913,4900343.86470395
42,2834,1,430677.149738258,4907100.07847678
43,2204,1,452077.664691515,4917378.24074182
44,1880,1,441263.133503591,4919136.36863676
45,1170,1,443690.2352699,4917866.91460129
46,1273,1,434120.855680677,4929155.51149327
47,2229,1,456556.652039895,4929942.41094633
48,1242,1,434767.48385554,4913765.84201947
49,1836,1,454065.568946864,4914774.39468903
50,3003,1,435415.77957516,4914854.89228809
51,3369,1,454994.535069492,4915693.10820147
52,2204,1,452960.344618822,4918416.4005905
53,1704,1,443597.15071865,4907967.42466189
54,2843,1,443581.485649127,4908134.47959363
55,1695,1,443981.296687577,4912816.02475921
56,2480,1,451576.785099685,4926046.10689277
57,565,1,447244.60076917,4926865.88106603
58,2096,1,440548.59386705,4929701.44878145
59,696,1,453373.008446572,4923530.6988375
60,2224,1,455066.743993216,4923329.0851688
61,1199,1,452579.58187609,4914983.81231477
62,2684,1,451939.763897051,4915867.49342035
63,474,1,440167.358486787,4916443.1997523
64,3462,1,443863.095297846,4916218.13066839
65,2326,1,450175.018868825,4917322.19083486
66,1564,1,456111.074221601,4918223.23027896
67,2843,1,443278.882209384,4904593.24263579
68,2061,1,435885.481142422,4906089.2214223
69,1741,1,448421.330938401,4901773.88562641
70,279,1,452094.183850328,4919605.25604465
71,696,1,454213.853633652,4919607.64677129
72,1876,1,439889.211833994,4921263.92917937
73,3024,1,446781.282444535,4921858.98538307
74,2126,1,448002.850271921,4900020.88694954
75,2072,1,446810.93002591,4901607.59372932
76,679,1,454868.52358574,4904049.73898801
77,2843,1,443607.988135837,4907177.58084839
78,2468,1,441434.795476811,4908650.97147108
79,2469,1,442231.063238645,4907560.88198517
80,547,1,446066.872961962,4911189.9511041
81,2613,1,441470.968714873,4914430.99035679
82,380,1,440090.685145108,4912225.22977571
83,2839,1,439611.895958466,4912813.57321089
84,1836,1,457398.555550654,4914752.20713214
85,1916,1,456593.671445887,4914362.10405205
86,2685,1,457253.521763074,4914508.40074408
87,1526,1,445521.106538758,4915591.03753569
88,1521,1,445524.684639125,4918195.7854638
89,3303,1,450225.063027217,4929239.42844881
90,1091,1,456894.856357525,4905058.06070641
91,2446,1,431947.460623641,4905117.60693028
92,935,1,429585.023976015,4906285.68887005
93,2446,1,427979.604813425,4904514.44988783
94,2088,1,438759.609339576,4910811.08182131
95,2088,1,438759.655422543,4910808.92159612
96,2480,1,436986.120288179,4926127.55424864
97,3240,1,437143.628481446,4924504.9228894
98,585,1,434006.401599577,4934156.48652561
99,2330,1,453408.031924452,4918009.07390396
100,696,1,457308.969611394,4919582.42027002
101,1354,1,442706.09220919,4904184.54327711
102,3549,1,435739.335833275,4930598.33773222
103,1338,1,427672.919003871,4904431.67152012
104,2693,1,450350.866076146,4917841.88309435
105,3025,1,446973.439841048,4922217.34528773
106,2484,1,442939.541664438,4928891.64395335
107,1706,1,443771.651323157,4927620.82351163
108,3236,1,456019.428345993,4926020.62077867
109,2362,1,437958.753462575,4915636.76079332
110,3024,1,449586.992977017,4921204.9332083
111,3303,1,450187.74143535,4923896.15627426
112,2905,1,450187.74143535,4923896.15627426
113,1913,1,450188.348529338,4920923.40824002
114,935,1,433867.333820772,4899029.07617794
115,2005,1,434315.582808126,4898784.22150661
116,1285,1,434315.582808126,4898784.22150661
117,1629,1,434315.582808126,4898784.22150661
118,1996,1,434315.582808126,4898784.22150661
119,1022,1,434315.582808126,4898784.22150661
120,1535,1,434315.582808126,4898784.22150661
121,886,1,434315.582808126,4898784.22150661
122,3011,1,436749.376149035,4897965.0519274
123,1535,1,436963.902184638,4898763.71319273
124,2005,1,436963.902184638,4898763.71319273
125,1022,1,436963.902184638,4898763.71319273
126,1285,1,436963.902184638,4898763.71319273
127,1629,1,436963.902184638,4898763.71319273
128,1996,1,436963.902184638,4898763.71319273
129,3012,1,436749.376149035,4897965.0519274
130,1082,1,455982.167762477,4911511.98553444
131,1799,1,454917.407278882,4910935.31713981
132,3367,1,455982.167762477,4911511.98553444
133,1807,1,455982.167762477,4911511.98553444
134,1804,1,458193.233857051,4911993.6832729
135,2288,1,443643.791034096,4914455.04515431
136,2307,1,442820.085309763,4914927.60761504
137,541,1,443646.940245258,4913596.70108359
138,3223,1,443646.940245258,4913596.70108359
139,332,1,441233.818679861,4915819.71458277
140,2283,1,448561.096957888,4918462.61912818
141,2735,1,435265.991553373,4919591.32201798
142,2371,1,435265.991553373,4919591.32201798
143,2580,1,451903.457566004,4922826.67377289
144,2097,1,445212.358905442,4929118.97135333
145,2853,1,445212.342637806,4929118.95884153
146,936,1,429916.813894749,4911339.45106627
147,2056,1,429916.813894749,4911339.45106627
148,2484,1,442407.494605981,4928883.38351493
149,1422,1,427620.910681018,4903456.36575475
150,2917,1,427620.910681018,4903456.36575475
151,3320,1,429043.296716459,4905829.78199382
152,1691,1,445230.207821899,4906812.74718808
153,3241,1,447005.748227786,4928115.73657438
154,2859,1,447005.748227786,4928115.73657438
155,2114,1,438958.79747694,4931102.671801
156,2755,1,437355.081426389,4931104.8665829
157,1422,1,427657.211197106,4902923.21804487
158,2843,1,443582.190660233,4901920.70949972
159,2281,1,445213.633640253,4921245.07045659
160,3386,1,453843.56781641,4929258.29843495
161,1097,1,453856.349620535,4930860.52217337
162,296,1,453856.349620535,4930860.52217337
163,697,1,453843.56781641,4929258.29843495
164,3035,1,447586.986414894,4922843.13641435
165,2843,1,443597.881056199,4905311.2418639
166,2585,1,450392.025857749,4930884.34271292
167,2905,1,450228.670132777,4930671.67601998
168,1799,1,454978.903740182,4913601.94846445
169,1363,1,454783.733527451,4913162.94003327
170,675,1,454783.713511042,4913162.94038993
171,3369,1,454978.903740182,4913601.94846445
172,2449,1,433892.553550542,4906753.34149797
173,1193,1,454230.888643723,4919618.73063403
174,3076,1,426639.80518302,4898916.07391909
175,1437,1,426218.432357912,4899014.46560698
176,3878,1,425084.533084614,4898884.80545073
177,3013,1,425084.553230578,4898884.8066566
178,3014,1,425084.553230578,4898884.8066566
179,2539,1,425084.553230578,4898884.8066566
180,2540,1,425084.553230578,4898884.8066566
181,2164,1,425419.86077007,4899276.66656914
182,670,1,452461.872442606,4905894.14981593
183,2204,1,451967.208456767,4905990.31753491
184,3361,1,452461.872442606,4905894.14981593
185,1799,1,454275.73852212,4906162.89969236
186,1354,1,440348.031484759,4907608.55463716
187,1693,1,440348.031780848,4907608.53463861
188,380,1,438431.760957314,4910969.70271312
189,380,1,440823.709474693,4912476.23668998
190,1836,1,447087.609847906,4914774.0743461
191,1166,1,446472.983570238,4914681.91528064
192,762,1,446661.709556963,4919613.33843053
193,2480,1,440816.653611498,4926075.27010366
194,3239,1,443661.194690233,4923854.28712595
195,3243,1,448338.472535796,4924438.13274222
196,499,1,436354.346524748,4932518.84634718
197,499,1,435753.885375845,4932522.43203643
198,1728,1,442263.914719343,4898725.75827111
199,1445,1,454928.619932829,4903505.74074173
200,945,1,432290.515556685,4905579.83306224
201,3200,1,433878.038243283,4904668.84973679
202,1799,1,454133.266776255,4907869.97505481
203,2950,1,454133.266776255,4907869.97505481
204,1535,1,438784.773907642,4913294.80677271
205,3208,1,437185.480661127,4914503.11761106
206,2059,1,437185.480661127,4914503.11761106
207,3109,1,437185.480661127,4914503.11761106
208,1340,1,438888.501584122,4913216.9404744
209,3072,1,455286.661894118,4916381.02941853
210,1531,1,447471.886230413,4917192.14982282
211,1531,1,447584.468868513,4917190.67950592
212,1169,1,447471.886230413,4917192.14982282
213,2606,1,442069.382203182,4917639.16658917
214,2841,1,442069.382203182,4917639.16658917
215,2103,1,445220.906528412,4924857.81504263
216,1874,1,436914.275302062,4921308.30535752
217,3029,1,437436.177528746,4922878.14926022
218,1979,1,433298.675072105,4930948.32991292
219,3016,1,432724.315586088,4930246.50739538
220,1259,1,433298.675072105,4930948.32991292
221,90,1,433575.855459311,4932544.11717655
222,2289,1,445288.464687442,4917088.79683713
223,2282,1,445674.646674952,4917399.33896447
224,3245,1,442407.494605981,4928883.38351493
225,2855,1,442158.097444108,4927675.69633847
226,1520,1,446661.709556963,4919613.33843053
227,799,1,453371.462644198,4913723.8342516
228,675,1,452561.772801049,4912914.37153308
229,1206,1,453371.462644198,4913723.8342516
230,3276,1,441603.352680596,4900771.41547036
231,3276,1,441352.297705108,4901393.83757931
232,2069,1,441352.297705108,4901393.83757931
233,2069,1,441603.352680596,4900771.41547036
234,2287,1,441263.133503591,4919136.36863676
235,1520,1,444108.717615009,4919645.60148703
236,762,1,444108.717615009,4919645.60148703
237,2097,1,444967.825656678,4921855.0898583
238,3244,1,448598.330874871,4924215.4739372
239,3243,1,448734.888170981,4924436.86859819
240,3242,1,448338.472535796,4924438.13274222
241,3386,1,456449.445267815,4929242.21090416
242,697,1,456449.445267815,4929242.21090416
243,1363,1,454238.713585066,4913168.12154225
244,675,1,454238.693590765,4913168.12106443
245,527,1,435361.988789066,4913246.06909101
246,1799,1,454994.535069492,4915693.10820147
247,696,1,453426.552560001,4919953.26558263
248,3024,1,453237.685784356,4921216.96720642
249,2580,1,453226.060735974,4922828.27170799
250,3381,1,453226.060735974,4922828.27170799
251,144,1,453237.685784356,4921216.96720642
252,143,1,453097.404896656,4920896.22064229
253,3365,1,454928.619932829,4903505.74074173
254,1081,1,454472.993865669,4905264.24710626
255,3219,1,443581.485649127,4908134.47959363
256,1692,1,445230.207821899,4906812.74718808
257,547,1,444188.282414436,4912640.17274345
258,547,1,443981.296687577,4912816.02475921
259,1695,1,444188.282414436,4912640.17274345
260,3236,1,451576.785099685,4926046.10689277
261,557,1,447683.290101903,4927674.01508486
262,1373,1,447683.310117555,4927674.01531201
263,3552,1,437355.081426389,4931104.8665829
264,2753,1,437355.081426389,4931104.8665829
265,853,1,438958.79747694,4931102.671801
266,2099,1,436238.130083051,4930165.16547602
267,2098,1,436238.130083051,4930165.16547602
268,2204,1,453373.008446572,4923530.6988375
269,3482,1,451879.231679261,4916389.2962456
270,2606,1,442051.651032653,4916683.19974985
271,1364,1,443582.190660233,4901920.70949972
272,3280,1,443582.190660233,4901920.70949972
273,966,1,443278.901255374,4904593.23590886
274,1699,1,443278.901255374,4904593.23590886
275,3024,1,445213.633640253,4921245.07045659
276,3251,1,444967.820005241,4921855.07063909
277,3219,1,443597.881056199,4905311.2418639
278,795,1,452094.183850328,4919605.25604465
279,2204,1,453426.552560001,4919953.26558263
280,283,1,453426.552560001,4919953.26558263
281,183,1,454213.853633652,4919607.64677129
282,1552,1,456584.398725605,4921407.92803539
283,2645,1,446945.550286047,4917934.32213089
284,2281,1,446781.282444535,4921858.98538307
285,3013,1,426639.80518302,4898916.07391909
286,2820,1,426639.80518302,4898916.07391909
287,3014,1,426639.80518302,4898916.07391909
288,658,1,426639.80518302,4898916.07391909
289,2539,1,426639.80518302,4898916.07391909
290,2540,1,426639.80518302,4898916.07391909
291,522,1,426639.80518302,4898916.07391909
292,2072,1,446807.41806243,4900408.89268215
293,2021,1,448757.542455614,4899798.05816583
294,2036,1,448757.542455614,4899798.05816583
295,3177,1,448757.542455614,4899798.05816583
296,3592,1,448757.542455614,4899798.05816583
297,959,1,446807.41806243,4900408.89268215
298,959,1,446810.93002591,4901607.59372932
299,679,1,454573.756304514,4905302.88258037
300,1799,1,454868.52358574,4904049.73898801
301,3219,1,443607.988135837,4907177.58084839
302,1695,1,446066.872961962,4911189.9511041
303,1351,1,440823.709474693,4912476.23668998
304,380,1,441230.756964546,4914020.43677294
305,972,1,440810.009157827,4911891.77989653
306,1702,1,440810.009157827,4911891.77989653
307,1351,1,440090.685145108,4912225.22977571
308,2071,1,439611.895958466,4912813.57321089
309,1915,1,456593.671445887,4914362.10405205
310,1877,1,445281.642856036,4916598.51211997
311,3444,1,445802.784457968,4916401.79056905
312,1836,1,446339.500478406,4914775.39485732
313,3027,1,447339.127784557,4914940.83583185
314,3443,1,445543.719997743,4917608.42265227
315,1877,1,445288.464687442,4917088.79683713
316,1221,1,449745.598461442,4918792.48827059
317,3026,1,448573.522290968,4919650.40511063
318,1528,1,448048.185202126,4919706.91629827
319,2905,1,450225.063027217,4929239.42844881
320,1447,1,436354.346524748,4932518.84634718
321,90,1,436354.346524748,4932518.84634718
322,2404,1,436354.369365076,4932518.84633676
323,495,1,436354.346524748,4932518.84634718
324,3549,1,435770.751867458,4932399.47855588
325,3375,1,436566.444861154,4932665.8333058
326,2404,1,435753.905380762,4932522.43201597
327,1712,1,435753.905380762,4932522.43201597
328,1447,1,435753.885375845,4932522.43203643
329,495,1,435753.885375845,4932522.43203643
330,90,1,435753.885375845,4932522.43203643
331,3375,1,456894.061466652,4905056.9961568
332,1338,1,431947.460623641,4905117.60693028
333,2449,1,433878.038243283,4904668.84973679
334,1674,1,432290.515556685,4905579.83306224
335,1338,1,427979.604813425,4904514.44988783
336,1351,1,438431.760957314,4910969.70271312
337,1872,1,446945.550286047,4917934.32213089
338,1169,1,447584.468868513,4917190.67950592
339,1372,1,436986.147939694,4926127.55405306
340,2101,1,437143.628481446,4924504.9228894
341,3543,1,437192.320183196,4923688.12157785
342,2853,1,445386.148004035,4924998.78814435
343,3482,1,453408.031924452,4918009.07390396
344,554,1,448181.900381497,4929147.64885338
345,2479,1,448181.900381497,4929147.64885338
346,2843,1,442706.079577596,4904184.52635609
347,2446,1,427672.919003871,4904431.67152012
348,1531,1,450350.866076146,4917841.88309435
349,2650,1,447586.986414894,4922843.13641435
350,2293,1,447586.986414894,4922843.13641435
351,3245,1,442939.541664438,4928891.64395335
352,2855,1,443748.251398146,4927698.1683073
353,2854,1,443771.651323157,4927620.82351163
354,2480,1,456019.428345993,4926020.62077867
355,2281,1,449586.992977017,4921204.9332083
356,1626,1,433867.333820772,4899029.07617794
357,3223,1,443643.791034096,4914455.04515431
358,541,1,443643.791034096,4914455.04515431
359,1836,1,443115.934172923,4914819.7615263
360,2104,1,448598.330874871,4924215.4739372
361,3204,1,429585.023976015,4906285.68887005
362,1097,1,450392.025857749,4930884.34271292
363,3303,1,450228.670132777,4930671.67601998
364,3369,1,454230.141798818,4919695.19223199
365,183,1,454230.845781885,4919607.52221926
366,180,1,454230.888643723,4919618.73063403
367,3369,1,454230.872775364,4919619.81110067
368,3013,1,426324.775967633,4898924.80718179
369,3309,1,425419.86077007,4899276.66656914
370,527,1,440463.695680168,4913220.76196242
371,2289,1,445281.642856036,4916598.51211997
372,1712,1,436354.369365076,4932518.84633676
373,3455,1,438784.773907642,4913294.80677271
374,3198,1,438774.214403073,4913714.34375871
375,527,1,438888.501584122,4913216.9404744
376,495,1,433575.855459311,4932544.11717655
377,1447,1,433575.855459311,4932544.11717655
378,1712,1,433575.884511956,4932544.1170012
379,499,1,433575.855459311,4932544.11717655
380,2404,1,433575.884511956,4932544.1170012
381,3242,1,448734.888170981,4924436.86859819
382,1340,1,435361.988789066,4913246.06909101
383,2060,1,435569.422275978,4912851.49627249
384,3524,1,434767.48385554,4913765.84201947
385,3070,1,451921.063403965,4916683.76678198
386,2287,1,441238.937764278,4916859.27922526
387,332,1,441238.937764278,4916859.27922526
388,2841,1,442051.651032653,4916683.19974985
389,2254,1,442051.651032653,4916683.19974985
390,1185,1,456514.117475371,4921196.70657349
391,1904,1,456514.1374797,4921196.70663518
392,112,1,456514.117475371,4921196.70657349
393,1874,1,439889.191826076,4921263.92933874
394,766,1,440122.226728959,4922417.43393619
395,3029,1,439668.002305462,4922866.63590735
396,2841,1,439991.295770081,4921573.58011956
397,1799,1,454573.756304514,4905302.88258037
398,1351,1,441230.756964546,4914020.43677294
399,2283,1,448573.522290968,4919650.40511063
400,1803,1,436566.444861154,4932665.8333058
401,3541,1,437192.340181483,4923688.12050917
402,3542,1,437192.340181483,4923688.12050917
403,848,1,437192.320183196,4923688.12157785
404,2097,1,445386.148118913,4924998.80850004
405,2481,1,443748.251398146,4927698.1683073
406,1193,1,454230.140783601,4919695.1314257
407,180,1,454230.140783601,4919695.1314257
408,522,1,426324.775967633,4898924.80718179
409,658,1,426324.775967633,4898924.80718179
410,3014,1,426324.775967633,4898924.80718179
411,2539,1,426324.775967633,4898924.80718179
412,2540,1,426324.775967633,4898924.80718179
413,1340,1,440463.695680168,4913220.76196242
414,3198,1,437026.033963125,4912064.1573169
415,1549,1,451879.231679261,4916389.2962456
416,765,1,439668.002305462,4922866.63590735
417,2841,1,439868.900587155,4922832.6872672
418,555,1,439991.295770081,4921573.58011956
419,941,1,437166.985291238,4911866.9891249
420,555,1,439868.900587155,4922832.6872672
421,1681,1,437166.985291238,4911866.9891249
