cat,lcat,along,x,y
1,1,0,469322.486343527,4908750.8471824
2,1,803.115378017751,469276.261241558,4908014.90013585
3,1,1606.2307560355,469804.137138071,4907463.65747468
4,1,0,469808.976793957,4907465.11151488
5,1,439.388624487648,470142.616052081,4907270.49762325
6,1,878.777248975297,470092.572989351,4906857.78128384
7,1,0,470094.295656594,4906862.92136815
8,1,508.451135156348,470292.610797974,4906672.01032712
9,1,1016.9022703127,470736.780889726,4906623.59133891
10,1,0,471686.161675245,4907463.78936822
11,1,564.504373486954,471383.335343476,4907131.71923402
12,1,1129.00874697391,471072.934688387,4906713.90698359
13,1,0,471071.22588241,4906717.33835747
14,1,234.282621710114,470931.753940309,4906552.1651888
15,1,468.565243420228,470731.651796727,4906632.17131019
16,2,0,467434.579098226,4908697.07800015
17,2,69.7851923237347,467502.71304951,4908686.78239279
18,2,139.570384647469,467569.452314065,4908670.51904613
19,2,0,465583.542326386,4908785.64614164
20,2,593.114877386657,466129.535713298,4908677.00140734
21,2,1186.22975477331,466652.804193328,4908915.87829641
22,2,0,466649.46073824,4908914.213421
23,2,468.29165284651,467106.964780028,4908974.1284643
24,2,936.583305693019,467434.579098226,4908697.07800015
25,2,0,464879.523533009,4909334.67340074
26,2,615.836880382043,465291.305669607,4909178.20558296
27,2,1231.67376076409,465590.221240442,4908783.96486301
28,3,0,480216.345207868,4918971.0890048
29,3,613.921012436965,480756.707169313,4919095.60224889
30,3,1227.84202487393,480750.863662991,4919709.13434522
31,3,0,480216.345207868,4918971.0890048
32,3,625.51570550364,480754.737627005,4919111.976769
33,3,1251.03141100728,480747.587721733,4919737.27580477
34,3,0,480203.217927776,4918974.28018585
35,3,6.81548595078519,480209.625908478,4918972.22999755
36,3,13.6309719015704,480216.345207868,4918971.0890048
37,3,0,480203.217927776,4918974.28018585
38,3,6.75479679766546,480209.781567822,4918972.68459533
39,3,13.5095935953309,480216.345207868,4918971.0890048
40,3,0,480198.769645155,4918976.66188957
41,3,2.55455367318501,480200.892907043,4918975.24150109
42,3,5.10910734637001,480203.217927776,4918974.28018585
43,3,0,480198.769645155,4918976.66188957
44,3,2.52288182667912,480200.993786465,4918975.47103771
45,3,5.04576365335825,480203.217927776,4918974.28018585
46,3,0,480187.129799402,4918984.44924477
47,3,7.08329667572302,480192.525134097,4918980.00541666
48,3,14.166593351446,480198.769645155,4918976.66188957
49,3,0,480187.129799402,4918984.44924477
50,3,7.00230159000172,480192.949722279,4918980.55556717
51,3,14.0046031800034,480198.769645155,4918976.66188957
52,3,0,480179.08393101,4918993.12386178
53,3,5.94413729937789,480182.94495027,4918988.60442614
54,3,11.8882745987558,480187.129799402,4918984.44924477
55,3,0,480179.08393101,4918993.12386178
56,3,5.91576238790852,480183.106865206,4918988.78655328
57,3,11.831524775817,480187.129799402,4918984.44924477
58,3,0,480153.140546912,4919021.07251398
59,3,19.0669217412774,480166.117667538,4919007.10325792
60,3,38.1338434825549,480179.08393101,4918993.12386178
61,3,0,480153.140546912,4919021.07251398
62,3,19.1070990572861,480166.672803916,4919007.65125517
63,3,38.2141981145722,480179.08393101,4918993.12386178
64,3,0,480129.066452431,4919042.20649472
65,3,16.0172342120344,480141.103499672,4919031.63950435
66,3,32.0344684240689,480153.140546912,4919021.07251398
67,3,0,480002.708019892,4919180.14148963
68,3,93.9817786075893,480066.61231615,4919111.28181696
69,3,187.963557215179,480131.767364652,4919043.55151086
70,3,0,480002.708019892,4919180.14148963
71,3,109.481175149808,480077.826640313,4919100.52810871
72,3,218.962350299616,480153.140546912,4919021.07251398
73,3,0,480000.246623281,4919183.04683069
74,3,1.91113836723417,480001.428628701,4919181.56121074
75,3,3.82227673446835,480002.708019892,4919180.14148963
76,3,0,480000.246623281,4919183.04683069
77,3,1.90390913598166,480001.477321586,4919181.59416016
78,3,3.80781827196332,480002.708019892,4919180.14148963
79,3,0,479986.656267041,4919335.86454365
80,3,78.4536259344405,479984.183060999,4919257.49265108
81,3,156.907251868881,480000.246623281,4919183.04683069
82,3,0,479986.656267041,4919335.86454365
83,3,77.8022000292549,479986.358735882,4919258.06291254
84,3,155.60440005851,480000.246623281,4919183.04683069
85,3,0,479986.684964515,4919362.9548884
86,3,13.5478244256112,479986.70802568,4919349.41226921
87,3,27.0956488512223,479986.656267041,4919335.86454365
88,3,0,479986.684964515,4919362.9548884
89,3,13.6660527699336,479987.372398805,4919349.51182007
90,3,27.3321055398673,479986.656267041,4919335.86454365
91,3,0,479766.48373019,4919477.92063068
92,3,132.184021994687,479893.492042853,4919441.56869152
93,3,264.368043989375,479986.684964515,4919362.9548884
94,3,0,479766.48373019,4919477.92063068
95,3,133.197658224169,479895.36732416,4919444.52971811
96,3,266.395316448337,479986.684964515,4919362.9548884
97,3,0,479718.416144207,4919492.3336179
98,3,25.0909696044904,479742.449937198,4919485.12712429
99,3,50.1819392089809,479766.48373019,4919477.92063068
100,3,0,479718.416144207,4919492.3336179
101,3,25.1018327909175,479742.472529857,4919485.23939205
102,3,50.2036655818351,479766.48373019,4919477.92063068
103,3,0,479677.709142591,4919495.81038546
104,3,2.7880097744466,479680.49675465,4919495.85747592
105,3,5.57601954889321,479683.284366709,4919495.90456639
106,3,0,479677.709142591,4919495.81038546
107,3,2.84456094883012,479680.45438515,4919496.192197
108,3,5.68912189766025,479683.284366709,4919495.90456639
109,3,0,479683.284366709,4919495.90456639
110,3,17.6563973057563,479700.850255458,4919494.11909214
111,3,35.3127946115127,479718.416144207,4919492.3336179
112,3,0,479683.284366709,4919495.90456639
113,3,17.8566227023847,479701.138442598,4919496.20614305
114,3,35.7132454047693,479718.416144207,4919492.3336179
115,3,0,479313.777095827,4919508.40967133
116,3,218.67030059468,479472.453604349,4919425.13277057
117,3,437.34060118936,479677.709142591,4919495.81038546
118,3,0,479313.777095827,4919508.40967133
119,3,212.275176458162,479477.448973434,4919430.4274768
120,3,424.550352916323,479677.709142591,4919495.81038546
121,3,0,479308.762660966,4919510.42485832
122,3,2.70210730627263,479311.269878397,4919509.41726482
123,3,5.40421461254526,479313.777095827,4919508.40967133
124,3,0,479308.762660966,4919510.42485832
125,3,2.97890308990436,479311.741560255,4919510.4200991
126,3,5.95780617980872,479313.777095827,4919508.40967133
127,3,0,479219.036639373,4919512.88278208
128,3,44.8897086297954,479263.881994334,4919510.88776849
129,3,89.7794172595907,479308.762660966,4919510.42485832
130,3,0,479219.036639373,4919512.88278208
131,3,44.9359237629775,479263.963193274,4919511.96517706
132,3,89.8718475259549,479308.762660966,4919510.42485832
133,3,0,479178.526714726,4919514.68495622
134,3,20.2749958479545,479198.781677049,4919513.78386915
135,3,40.5499916959089,479219.036639373,4919512.88278208
136,3,0,477970.409918344,4919530.83549671
137,3,890.935346641698,478538.000597233,4919237.71943352
138,3,1781.8706932834,479219.036639373,4919512.88278208
139,3,0,480749.505668835,4919703.73901027
140,3,16.795796398953,480748.546695284,4919720.50740752
141,3,33.591592797906,480747.587721733,4919737.27580477
142,3,0,480747.587721733,4919737.27580477
143,3,27.2836975170735,480746.029798589,4919764.51498658
144,3,54.5673950341469,480748.197634543,4919791.6050131
145,3,0,480747.587721733,4919737.27580477
146,3,27.1933894995178,480746.860018971,4919764.44454151
147,3,54.3867789990355,480748.197634543,4919791.6050131
148,3,0,480748.197634543,4919791.6050131
149,3,37.0390159727979,480759.924064295,4919825.91594985
150,3,74.0780319455959,480778.544221353,4919857.93435792
151,3,0,480748.197634543,4919791.6050131
152,3,36.7361862683765,480761.609292074,4919825.33455197
153,3,73.4723725367529,480778.544221353,4919857.93435792
154,3,0,480778.544221353,4919857.93435792
155,3,19.2461236300872,480787.47448686,4919874.98321808
156,3,38.4922472601744,480797.769460636,4919891.22952375
157,3,0,480778.544221353,4919857.93435792
158,3,19.22441455687,480788.208551182,4919874.55298734
159,3,38.4488291137401,480797.769460636,4919891.22952375
160,3,0,480797.769460636,4919891.22952375
161,3,43.3576000024853,480820.106826235,4919928.2942882
162,3,86.7152000049706,480852.934468678,4919956.60356194
163,3,0,480797.769460636,4919891.22952375
164,3,43.0353536666545,480822.416311499,4919926.47374202
165,3,86.070707333309,480852.934468678,4919956.60356194
166,3,0,480852.934468678,4919956.60356194
167,3,3.43655898959981,480855.537350768,4919958.84153195
168,3,6.87311797919963,480858.399826622,4919960.74315485
169,3,0,480852.934468678,4919956.60356194
170,3,3.42805947153062,480855.66714765,4919958.67335839
171,3,6.85611894306125,480858.399826622,4919960.74315485
172,3,0,480858.399826622,4919960.74315485
173,3,111.69628085543,480962.237645882,4919992.32022369
174,3,223.392561710859,481073.046399919,4920006.37295245
175,3,0,480858.399826622,4919960.74315485
176,3,111.146598265653,480963.063514254,4919991.00798451
177,3,222.293196531305,481073.046399919,4920006.37295245
178,3,0,481073.046399919,4920006.37295245
179,3,11.6338237938341,481084.521766359,4920008.26337715
180,3,23.2676475876682,481096.109500925,4920009.29791265
181,3,0,481073.046399919,4920006.37295245
182,3,11.6239195215741,481084.577950422,4920007.83543255
183,3,23.2478390431482,481096.109500925,4920009.29791265
184,3,0,481096.109500925,4920009.29791265
185,3,28.2522864156623,481123.034702495,4920017.38238117
186,3,56.5045728313246,481145.757274649,4920034.12501623
187,3,0,481096.109500925,4920009.29791265
188,3,28.6569144371744,481123.113426172,4920016.68953184
189,3,57.3138288743489,481145.757274649,4920034.12501623
190,3,0,481145.757274649,4920034.12501623
191,3,4.36870395704624,481149.103538983,4920036.93359047
192,3,8.73740791409249,481152.449803318,4920039.74216471
193,3,0,481145.757274649,4920034.12501623
194,3,4.37015876318079,481149.135835488,4920036.89332199
195,3,8.74031752636158,481152.449803318,4920039.74216471
196,3,0,481152.449803318,4920039.74216471
197,3,227.10850548399,481321.718197542,4920190.76523925
198,3,454.217010967979,481403.688505121,4920394.49382564
199,3,0,481152.449803318,4920039.74216471
200,3,227.885201391115,481323.151090357,4920190.33139352
201,3,455.77040278223,481403.688505121,4920394.49382564
202,3,0,481403.688505121,4920394.49382564
203,3,0.285599749517558,481403.715602471,4920394.778137
204,3,0.571199499035116,481403.792964232,4920395.04921309
205,3,0,481403.688505121,4920394.49382564
206,3,0.282562793960513,481403.740734677,4920394.77151937
207,3,0.565125587921026,481403.792964232,4920395.04921309
208,3,0,481403.792964232,4920395.04921309
209,3,2.98658733078022,481405.010425353,4920397.77638971
210,3,5.97317466156044,481406.227886473,4920400.50356633
211,3,0,481403.792964232,4920395.04921309
212,3,75.2128602740188,481434.798785137,4920462.55066415
213,3,150.425720548038,481475.808311624,4920524.3178848
214,3,0,481406.227886473,4920400.50356633
215,3,71.48761381187,481437.173821079,4920464.71228108
216,3,142.97522762374,481475.808311624,4920524.3178848
217,3,0,481475.808311624,4920524.3178848
218,3,11.2332974142768,481484.034496301,4920531.87768678
219,3,22.4665948285536,481493.315694648,4920538.20590359
220,3,0,481475.808311624,4920524.3178848
221,3,11.1734677491818,481484.562003136,4920531.2618942
222,3,22.3469354983635,481493.315694648,4920538.20590359
223,3,0,481493.315694648,4920538.20590359
224,3,174.833910587708,481544.333888592,4920698.77116617
225,3,349.667821175417,481582.38585374,4920864.84663909
226,3,0,481493.315694648,4920538.20590359
227,3,174.649280672826,481544.294884985,4920696.51427062
228,3,349.298561345651,481582.38585374,4920864.84663909
229,3,0,481582.38585374,4920864.84663909
230,3,37.7978119508724,481614.040166358,4920884.09176007
231,3,75.5956239017447,481635.044217488,4920914.83832907
232,3,0,481582.38585374,4920864.84663909
233,3,39.0765082137776,481615.930823483,4920881.76522428
234,3,78.1530164275551,481635.044217488,4920914.83832907
235,3,0,481635.044217488,4920914.83832907
236,3,66.8085472453459,481648.834535918,4920980.17799379
237,3,133.617094490692,481675.702937436,4921041.25620936
238,3,0,481635.044217488,4920914.83832907
239,3,66.7814409832119,481650.32017577,4920979.54188712
240,3,133.562881966424,481675.702937436,4921041.25620936
241,3,0,481675.702937436,4921041.25620936
242,3,3.3694683051657,481677.111700101,4921044.3170433
243,3,6.73893661033141,481679.181796882,4921046.9506559
244,3,0,481675.702937436,4921041.25620936
245,3,3.33650956922602,481677.442367159,4921044.10343263
246,3,6.67301913845203,481679.181796882,4921046.9506559
247,3,0,481679.181796882,4921046.9506559
248,3,37.1255979716297,481694.673021221,4921080.27025017
249,3,74.2511959432594,481714.315139016,4921109.6014681
250,3,0,481679.181796882,4921046.9506559
251,3,37.1872122422002,481696.148668363,4921078.19104637
252,3,74.3744244844005,481714.315139016,4921109.6014681
253,3,0,481714.315139016,4921109.6014681
254,3,11.7123078376815,481723.377648118,4921117.02097506
255,3,23.424615675363,481732.544249003,4921124.31104671
256,3,0,481732.544249003,4921124.31104671
257,3,122.038350598271,481828.344465712,4921199.9019117
258,3,244.076701196542,481874.233405722,4921311.44109987
259,3,0,481732.544249003,4921124.31104671
260,3,123.059343656256,481830.788082968,4921197.94654775
261,3,246.118687312511,481874.233405722,4921311.44109987
262,3,0,481874.233405722,4921311.44109987
263,3,7.28397457301652,481876.768394042,4921318.2694184
264,3,14.567949146033,481879.337110227,4921325.0854277
265,3,0,481874.233405722,4921311.44109987
266,3,7.28465114321168,481876.802261495,4921318.25777958
267,3,14.5693022864234,481879.337110227,4921325.0854277
268,3,0,481879.337110227,4921325.0854277
269,3,91.8499154295343,481909.262198993,4921411.49827549
270,3,183.699830859069,481994.900450202,4921437.69246412
271,4,0,459686.231676106,4930336.26182525
272,4,649.727098112997,459939.137807719,4929866.1078719
273,4,1299.45419622599,459932.080046177,4929216.42072955
274,4,0,458741.409120446,4930588.55281854
275,4,722.030196294165,458961.209449071,4931094.90260481
276,4,1444.06039258833,459675.094965386,4931033.43219805
277,4,0,459675.094965386,4931033.43219805
278,4,383.202097786327,459677.455909763,4930681.00377624
279,4,766.404195572655,459687.748947575,4930334.73958326
280,4,0,459675.094965386,4931033.43219805
281,4,400.421071696626,459987.944470464,4930985.82521963
282,4,800.842143393252,460093.575728844,4931309.70375136
283,5,0,466551.460647993,4919517.85882222
284,5,648.382115575056,466022.494249208,4919575.57422246
285,5,1296.76423115011,465568.54578462,4919978.51854133
286,5,0,465869.443800422,4919669.06217162
287,5,236.095085209095,465676.882309996,4919533.38114203
288,5,472.19017041819,465442.324201657,4919523.65145415
289,6,0,473484.503063074,4889745.04273215
290,6,93.3751755897885,473464.95871119,4889658.20599261
291,6,186.750351179577,473461.084649409,4889565.06364764
292,6,0,473484.503063074,4889745.04273215
293,6,70.3336929637635,473414.404374102,4889747.89382583
294,6,140.667385927527,473344.075001017,4889748.27538685
295,6,0,474694.262704309,4891874.22412401
296,6,2019.50384653921,473481.853971731,4890984.55206251
297,6,4039.00769307841,473484.503063074,4889745.04273215
298,6,0,474694.262704309,4891874.22412401
299,6,2054.99163860984,475029.723873869,4889975.06522137
300,6,4109.98327721968,476682.446904603,4889333.12252207
301,6,0,480969.026469283,4897508.61959078
302,6,5692.05218517961,477330.456969872,4895557.32189927
303,6,11384.1043703592,474694.262704309,4891874.22412401
304,7,0,461327.871460262,4902967.2402677
305,7,1218.55017087222,461815.068893233,4903773.71307463
306,7,2437.10034174443,461926.008492973,4904783.2729417
307,8,0,493770.651001948,4915041.09231567
308,8,3724.89815625736,490564.669199457,4914523.60770113
309,8,7449.79631251472,487641.778714898,4913616.56550017
310,9,0,484362.819630555,4909294.84101194
311,9,2752.66577149923,483739.041216366,4907727.63431821
312,9,5505.33154299845,481566.339641256,4907730.3259317
313,10,0,471008.447327177,4905821.95568302
314,10,587.878645894332,471408.896887057,4905405.08260416
315,10,1175.75729178866,471769.332879729,4905054.84513796
316,11,0,482538.426822637,4911572.51264101
317,11,411.763866103966,482942.778170164,4911610.25968903
318,11,823.527732207931,483353.08999957,4911636.5282179
319,11,0,483479.84762737,4911631.25017426
320,11,264.29815979724,483678.788055732,4911462.66384073
321,11,528.596319594479,483931.023318069,4911424.3161479
322,11,0,483479.84762737,4911631.25017426
323,11,121.392845632935,483601.013899469,4911637.22566903
324,11,242.785691265869,483722.165015632,4911644.33378771
325,11,0,483478.391156587,4911633.02746108
326,11,1.14891857408015,483479.119391978,4911632.13881767
327,11,2.29783714816029,483479.84762737,4911631.25017426
328,11,0,483353.08999957,4911636.5282179
329,11,64.850457034842,483417.185200745,4911646.3825105
330,11,129.700914069684,483478.391156587,4911633.02746108
331,11,0,483353.08999957,4911636.5282179
332,11,437.007337436634,483710.296109326,4911887.78106344
333,11,874.014674873267,483467.47733922,4912227.56493578
334,12,0,491573.70221267,4914465.04528026
335,12,891.702443949936,490754.096140399,4914632.84631664
336,12,1783.40488789987,489987.190603069,4914228.29523542
337,13,0,462936.039797263,4903293.4910274
338,13,919.669266922602,463382.206617612,4902601.38968204
339,13,1839.3385338452,463444.996521608,4901815.7287015
340,14,0,461478.078360546,4929154.15903524
341,14,109.376421413685,461585.999377187,4929138.08832221
342,14,218.75284282737,461687.668037631,4929168.77395463
343,14,0,461687.668037631,4929168.77395463
344,14,270.477743294553,461891.788138431,4929074.3764407
345,14,540.955486589106,461888.324184922,4928804.08566562
346,14,0,461484.241990706,4929197.12301929
347,14,238.365504415756,461618.938373587,4929377.45651203
348,14,476.731008831512,461687.668037631,4929168.77395463
349,15,0,460671.047144012,4917937.37325174
350,15,1614.89514749248,461469.795289945,4918906.76802311
351,15,3229.79029498496,461907.870709105,4920153.65658548
352,15,0,460289.833657882,4918548.84437084
353,15,266.48513033732,460504.55616046,4918672.81869928
354,15,532.97026067464,460693.530446394,4918571.90016197
355,15,0,461818.695502218,4919521.13094875
356,15,565.997767841693,462320.964459885,4919274.71180515
357,15,1131.99553568339,462434.525451194,4918782.78832688
358,16,0,485530.61946487,4898868.55856379
359,16,496.145947826049,485367.77504277,4898474.33969184
360,16,992.291895652097,484985.195743253,4898287.24754164
361,16,0,485520.142632361,4899428.99209865
362,16,328.507146145362,485658.825701313,4899168.47473114
363,16,657.014292290724,485530.615363329,4898866.02850025
364,16,0,485455.287258972,4900000.89953811
365,16,373.483458432213,485277.078356868,4899672.84943444
366,16,746.966916864426,485520.144583576,4899430.257231
367,16,0,491185.467542984,4900478.64122916
368,16,441.023848080482,490803.973036691,4900491.53585378
369,16,882.047696160963,490482.612488463,4900793.51524279
370,16,0,485458.687203851,4900537.27499847
371,16,269.455960898589,485457.61774645,4900267.8211599
372,16,538.911921797178,485456.548289048,4899998.36732132
373,16,0,490476.293397513,4900797.3206146
374,16,519.702584047113,490040.308510232,4901054.6543992
375,16,1039.40516809423,489534.443070675,4901173.30511001
376,16,0,492110.78462723,4900827.55534684
377,16,494.412315429922,491651.591277694,4900652.04030308
378,16,988.824630859845,491190.529822921,4900479.8980364
379,16,0,485465.906975291,4901088.82518199
380,16,276.424630215128,485462.92858049,4900812.41659791
381,16,552.849260430256,485459.950185689,4900536.00801382
382,16,0,489535.706147828,4901172.03802295
383,16,50.8884500530814,489485.498612597,4901177.79578077
384,16,101.776900106163,489437.065423933,4901192.43901291
385,16,0,489437.065423933,4901192.43901291
386,16,865.883566056668,488600.308476434,4901337.07964514
387,16,1731.76713211334,487867.328294966,4900969.87955839
388,16,0,489437.065423933,4901192.43901291
389,16,477.02214250521,489174.842711724,4901567.29138631
390,16,954.04428501042,488738.413614543,4901759.05061492
391,16,0,492964.191806642,4901298.03036163
392,16,532.752471906066,492610.793145856,4900998.40808267
393,16,1065.50494381213,492109.52145298,4900828.82243493
394,16,0,493608.103570006,4901299.51303779
395,16,324.699898778089,493284.379527421,4901305.80823595
396,16,649.399797556178,492960.398670524,4901299.30156541
397,16,0,486182.385159586,4901372.29924587
398,16,329.869455048817,485852.516138618,4901372.83439077
399,16,659.738910097634,485524.083970052,4901375.62963721
400,16,0,485524.083970052,4901375.62963721
401,16,155.200905133658,485464.242851883,4901244.0175412
402,16,310.401810267316,485464.64194172,4901088.8272337
403,16,0,485524.083970052,4901375.62963721
404,16,259.628116614152,485264.502106303,4901380.19663886
405,16,519.256233228305,485059.225453241,4901442.73136649
406,16,0,487019.034794212,4901650.51773587
407,16,527.336740461403,486647.233615113,4901458.10004757
408,16,1054.67348092281,486182.385159586,4901372.29924587
409,16,0,488739.680701905,4901760.3136932
410,16,18.0019610763716,488722.611804664,4901766.03412584
411,16,36.0039221527432,488705.542907423,4901771.75455848
412,16,0,487986.990457381,4901769.12623431
413,16,494.319732718219,487492.748123653,4901766.87965161
414,16,988.639465436438,487017.767707757,4901649.25475567
415,16,0,488705.544861887,4901773.01959141
416,16,359.288239990978,488346.27048018,4901769.96566399
417,16,718.576479981957,487986.988403487,4901767.86120126
418,17,0,469172.933460534,4897496.60770301
419,17,228.189944104451,469393.486788045,4897548.87125832
420,17,456.379888208901,469462.86518487,4897733.11994703
421,17,0,469462.863782903,4897732.31110394
422,17,306.845325384727,469702.544537766,4897805.74012499
423,17,613.690650769455,469891.995062001,4898021.9799818
424,17,0,469891.186318804,4898021.98128405
425,17,138.222678141727,470009.790055528,4898092.96482009
426,17,276.445356283454,470128.393792252,4898163.94835612
427,17,0,471375.461556024,4898099.66181259
428,17,106.125978632309,471464.436952133,4898046.54734575
429,17,212.251957264618,471489.250799863,4897943.37990243
430,17,0,470800.390276565,4898126.48913273
431,17,311.232683176021,471103.272448013,4898171.35985092
432,17,622.465366352042,471377.080543966,4898100.46804836
433,17,0,470128.397700006,4898166.37478544
434,17,340.338721814915,470460.072480811,4898128.16175759
435,17,680.677443629829,470800.390276565,4898126.48913273
436,18,0,470094.492039056,4903404.96935447
437,18,376.281208138732,470248.16123801,4903646.0607753
438,18,752.562416277463,470600.155804815,4903742.06035545
439,19,0,460397.926862374,4899969.46347457
440,19,25.4550121008113,460389.809129841,4899945.61524544
441,19,50.9100242016226,460375.885620949,4899925.76053797
442,19,0,460437.190990978,4900066.31233267
443,19,52.3717916680914,460413.777832955,4900019.46546944
444,19,104.743583336183,460397.927307402,4899969.67838162
445,19,0,460447.233319068,4900164.49736254
446,19,53.0875636542166,460459.453742528,4900113.94017172
447,19,106.175127308433,460437.190400743,4900065.88251809
448,19,0,460420.976895481,4900263.2820596
449,19,51.6734002765428,460428.586963367,4900212.1721079
450,19,103.346800553086,460447.232873987,4900164.28245549
451,19,0,460382.372241741,4900319.1018379
452,19,34.3211080916716,460400.292067327,4900289.8303789
453,19,68.6422161833433,460420.976895481,4900263.2820596
454,19,0,460344.365748894,4900470.09284428
455,19,80.7212312583954,460344.236003457,4900389.37171729
456,19,161.442462516791,460382.305963869,4900319.03567277
457,19,0,460344.212629653,4900604.95945979
458,19,166.751759822809,460496.523086268,4900630.29497634
459,19,333.503519645617,460534.370211512,4900495.20975467
460,19,0,460138.229395078,4900718.26579737
461,19,221.345664257707,460272.395535608,4900627.264817
462,19,442.691328515414,460344.712341562,4900469.74513648
463,19,0,460139.526501764,4900861.24145607
464,19,71.66429142213,460138.877719679,4900789.58010145
465,19,143.32858284426,460138.228937594,4900717.91874682
466,20,0,460289.833657882,4918548.84437084
467,20,294.869624237956,460108.752715969,4918340.08594461
468,20,589.739248475912,459813.891420228,4918342.30215132
469,20,0,460867.722291403,4918573.66134194
470,20,608.394513960972,461086.486969577,4918062.84568526
471,20,1216.78902792194,461399.278042784,4917551.56125878
472,21,0,459679.433717383,4930825.60672045
473,21,90.0768359079674,459738.733782228,4930893.4103979
474,21,180.153671815935,459798.033847074,4930961.21407536
475,22,0,462740.37971407,4901223.52157407
476,22,134.444752478639,462835.636682994,4901145.13190646
477,22,268.889504957279,462967.84226098,4901142.31076363
478,23,0,466558.068389002,4927272.13971385
479,23,224.758013854832,466349.865918666,4927356.80314242
480,23,449.516027709663,466238.671469223,4927193.71972414
481,24,0,465954.871150461,4927309.85938007
482,24,133.153274500022,466048.569727211,4927215.25297846
483,24,266.306549000045,466146.624988486,4927232.60122876
484,25,0,466092.248404843,4927114.47155631
485,25,33.1089111542914,466091.758711252,4927147.57684589
486,25,66.2178223085829,466091.269017662,4927180.68213546
487,26,0,466385.85616126,4926883.73571972
488,26,77.9620387632994,466463.255751042,4926874.38783281
489,26,155.924077526599,466540.81340116,4926868.68459279
490,27,0,466563.500597294,4926085.28914498
491,27,276.44626475116,466477.191615137,4926320.66116474
492,27,552.89252950232,466513.129216105,4926570.26247501
493,28,0,466283.237855965,4927824.98430062
494,28,1273.70609148947,466539.242655368,4926890.19827127
495,28,2547.41218297894,466226.809757992,4925976.98389757
496,29,0,474996.006270202,4917916.98676233
497,29,45.6991676876833,474950.342371591,4917917.93865866
498,29,91.3983353753666,474904.643977968,4917917.67267436
499,30,0,475407.447627367,4917917.49057661
500,30,2553.47655617868,475945.215158583,4916894.20494467
501,30,5106.95311235736,477728.955518436,4917688.7628074
502,31,0,475768.905606573,4916769.16671732
503,31,24.0687574616196,475776.190895951,4916792.10641315
504,31,48.1375149232393,475783.476185328,4916815.04610897
505,32,0,475059.980499861,4916463.60473956
506,32,333.806249283958,475335.25390472,4916597.49429732
507,32,667.612498567915,475512.568611173,4916813.47900265
508,33,0,474762.503557676,4917558.60335016
509,33,39.606934739866,474802.110440081,4917558.5389637
510,33,79.2138694797321,474841.717322487,4917558.47457724
511,34,0,475755.932985101,4917497.48402367
512,34,386.745605185863,475733.099764686,4917156.67031015
513,34,773.491210371726,475945.681950889,4916899.03797739
514,35,0,476188.063612042,4917944.63912109
515,35,396.791144401464,476009.560006052,4917723.21231628
516,35,793.582288802928,475755.932985101,4917497.48402367
517,36,0,475852.121760074,4917917.43933742
518,36,218.446462286864,475784.09894387,4917709.85380478
519,36,436.892924573729,475755.932985101,4917497.48402367
520,37,0,471967.122848774,4924680.04064439
521,37,186.325349039031,471881.35317599,4924514.62994665
522,37,372.650698078063,471832.063677793,4924339.77109996
523,38,0,471396.609408718,4924149.87059523
524,38,323.792312349447,471073.219596413,4924139.68202057
525,38,647.584624698894,470767.676539839,4924108.55399672
526,39,0,471413.313858205,4924546.90301797
527,39,1277.89911195068,471522.100394086,4923463.50638482
528,39,2555.79822390136,472108.101549767,4922734.62236722
529,40,0,471404.248316374,4924533.99795298
530,40,121.250848487387,471286.208983016,4924508.61546301
531,40,242.501696974774,471167.034892094,4924486.36053526
532,41,0,475403.069714644,4924335.18783773
533,41,3211.0439956345,473343.101977981,4925048.74284172
534,41,6422.08799126901,470868.402140342,4925138.77678775
535,42,0,473950.44285129,4925181.91251756
536,42,457.270872334988,473938.976520768,4925567.53746364
537,42,914.541744669975,473591.639076372,4925546.59969017
538,43,0,472764.222102365,4924611.94908002
539,43,139.570404653618,472790.06796943,4924474.96170171
540,43,279.140809307236,472820.255821243,4924338.90536187
541,44,0,472083.372063674,4922932.64294398
542,44,142.911424574023,472226.283298596,4922932.41012064
543,44,285.822849148045,472369.194533519,4922932.1772973
544,45,0,493522.978586384,4908199.20608827
545,45,209.09341017928,493612.219198688,4908348.85844273
546,45,418.186820358559,493723.303479611,4908526.00340234
547,46,0,492824.15947101,4908306.418621
548,46,41.8914110261319,492782.278003812,4908305.50592003
549,46,83.7828220522638,492740.396536613,4908304.59321906
550,47,0,494918.215858553,4908324.15029386
551,47,199.58394563789,494999.594997917,4908165.20642218
552,47,399.167891275781,495173.150607978,4908087.33523514
553,48,0,494826.22430382,4908498.61576421
554,48,289.392241752427,494591.294956722,4908387.3613037
555,48,578.784483504854,494366.378632551,4908569.001466
556,49,0,494268.940107925,4908165.57943849
557,49,548.483629177076,494043.16885943,4907701.47638147
558,49,1096.96725835415,493513.370176525,4907707.06057288
559,50,0,494366.378632551,4908569.001466
560,50,287.418338026332,494096.937326327,4908643.00286142
561,50,574.836676052665,493851.647250477,4908788.70568382
562,51,0,492866.38175871,4908810.12348974
563,51,91.4104024560814,492858.746212576,4908719.03254556
564,51,182.820804912163,492851.110666442,4908627.94160138
565,52,0,495139.811925581,4908848.84510969
566,52,180.096753287071,495140.105237236,4909028.94162413
567,52,360.193506574142,495140.398548891,4909209.03813857
568,53,0,495760.261034539,4908649.95563733
569,53,45.6997941810701,495756.660942403,4908604.39786604
570,53,91.3995883621402,495753.060850267,4908558.84009475
571,54,0,495139.514183456,4908666.02458068
572,54,19.803239753235,495119.710969883,4908666.0567819
573,54,39.60647950647,495099.90775631,4908666.08898312
574,55,0,493741.961579961,4909023.11702815
575,55,121.880509861182,493725.708861076,4909143.55544226
576,55,243.761019722365,493713.476990719,4909264.82060639
577,56,0,493408.171403605,4908837.73944087
578,56,121.866076807287,493371.77058059,4908721.43672912
579,56,243.732153614574,493335.369757574,4908605.13401738
580,57,0,492391.248917884,4908951.9439124
581,57,191.939112356687,492401.357534241,4909143.61665101
582,57,383.878224713375,492411.466150598,4909335.28938963
583,58,0,492613.099824647,4908953.47769955
584,58,164.519257826825,492579.851103367,4908792.35318642
585,58,329.03851565365,492546.602382088,4908631.2286733
586,59,0,495139.416105556,4908605.80195388
587,59,30.1113533315106,495139.465144506,4908635.91326728
588,59,60.2227066630213,495139.514183456,4908666.02458068
589,60,0,495139.514183456,4908666.02458068
590,60,91.4103857342084,495139.663054519,4908757.43484518
591,60,182.820771468417,495139.811925581,4908848.84510969
592,61,0,492799.75834315,4908947.84275021
593,61,247.16004495366,492553.305763696,4908953.06430767
594,61,494.32008990732,492306.149652679,4908951.84201682
595,62,0,493498.349366283,4908808.10450969
596,62,357.113344763529,493149.123858906,4908873.85844506
597,62,714.226689527058,492799.75834315,4908947.84275021
598,63,0,493851.647250477,4908788.70568382
599,63,177.790001060688,493673.920560287,4908792.57297547
600,63,355.580002121375,493498.349366283,4908808.10450969
601,64,0,494366.378632551,4908569.001466
602,64,137.115538413548,494351.518877313,4908437.79362027
603,64,274.231076827096,494324.760920703,4908304.24749333
604,65,0,494324.760920703,4908304.24749333
605,65,76.1752655622334,494305.09844941,4908230.65361923
606,65,152.350531124467,494268.940107925,4908165.57943849
607,66,0,494918.513676097,4908506.97080161
608,66,91.4103751618027,494918.364767325,4908415.56054773
609,66,182.820750323605,494918.215858553,4908324.15029386
610,67,0,493723.303479611,4908526.00340234
611,67,150.428961998269,493803.221339936,4908653.44753994
612,67,300.857923996538,493869.015473593,4908787.79899641
613,68,0,494918.563295962,4908537.44080433
614,68,15.235021563651,494918.538486029,4908522.20580297
615,68,30.470043127302,494918.513676097,4908506.97080161
616,69,0,496283.662120865,4908578.90448682
617,69,109.776473432297,496174.35785309,4908580.7504703
618,69,219.552946864595,496099.978586421,4908655.95065955
619,70,0,495933.175226722,4908672.90877188
620,70,15.2350954264611,495919.379683004,4908666.44416778
621,70,30.4701908529221,495905.20839756,4908660.85909356
622,71,0,495877.293131278,4908648.8005348
623,71,281.199660936699,495622.97173444,4908697.71624562
624,71,562.399321873398,495355.802872916,4908785.41141273
625,72,0,495183.891839551,4908791.86725832
626,72,117.655992908482,495181.348771339,4908674.54555924
627,72,235.311985816964,495139.735504252,4908589.31664625
628,73,0,495139.735504252,4908589.31664625
629,73,182.820706326858,494994.237598366,4908539.15072832
630,73,365.641412653717,494826.22430382,4908498.61576421
631,74,0,496099.978586421,4908655.95065955
632,74,91.410310713192,496022.017058013,4908684.42198166
633,74,182.820621426384,495933.175226722,4908672.90877188
634,75,0,492828.204043493,4908354.6689427
635,75,72.3264225357652,492824.244769149,4908282.51189328
636,75,144.65284507153,492824.50282496,4908210.18593111
637,76,0,492851.110666442,4908627.94160138
638,76,137.115516405672,492839.657354967,4908491.30527204
639,76,274.231032811345,492828.204043493,4908354.6689427
640,77,0,492876.56262464,4908931.57808878
641,77,60.9402774385221,492871.472191675,4908870.85078926
642,77,121.880554877044,492866.38175871,4908810.12348974
643,78,0,493815.17252258,4908790.60984931
644,78,121.880505341474,493778.567051271,4908906.86343873
645,78,243.761010682949,493741.961579961,4909023.11702815
646,79,0,493713.476990719,4909264.82060639
647,79,99.0650251363308,493703.534890842,4909363.38547769
648,79,198.130050272662,493693.592790966,4909461.950349
649,80,0,495905.20839756,4908660.85909356
650,80,15.2350124043692,495891.000310134,4908655.36037965
651,80,30.4700248087383,495877.293131278,4908648.8005348
652,81,0,495355.802872916,4908785.41141273
653,81,91.4103136635493,495267.579263904,4908807.3606292
654,81,182.820627327099,495183.891839551,4908791.86725832
655,82,0,469315.251341284,4916742.15363214
656,82,274.816017205665,469085.299297446,4916883.01637518
657,82,549.632034411331,468847.23047152,4916984.47982618
658,83,0,467833.332296892,4918395.21985705
659,83,440.758218748334,467770.383713311,4918781.65585057
660,83,881.516437496668,467534.294387431,4918811.9939953
661,84,0,469713.854415444,4916334.55443127
662,84,220.299972955993,469632.983007744,4916539.4736678
663,84,440.599945911987,469547.217900885,4916742.31609613
664,85,0,469547.217900885,4916742.31609613
665,85,335.006649869116,469316.291737254,4916952.40061601
666,85,670.013299738232,469041.355905937,4917110.76708828
667,86,0,468862.494718528,4917526.65897861
668,86,258.999817024993,469054.192922332,4917376.85560133
669,86,517.999634049986,469042.331982203,4917197.17039728
670,87,0,467953.88954382,4918421.96771888
671,87,61.6839125264305,467893.529873107,4918409.25548933
672,87,123.367825052861,467833.669597557,4918394.63246029
673,88,0,467660.796443754,4918978.47785422
674,88,533.235464889904,468120.75076807,4919162.69260195
675,88,1066.47092977981,468451.552230417,4919298.15727795
676,89,0,467534.294387431,4918811.9939953
677,89,106.647136041119,467584.264321307,4918905.28308362
678,89,213.294272082238,467660.796443754,4918978.47785422
679,90,0,467833.331563098,4918245.03457863
680,90,45.705935130084,467839.954474535,4918289.86849396
681,90,91.4118702601681,467841.918982532,4918335.52646344
682,91,0,467841.918982532,4918335.52646344
683,91,30.4705821521494,467841.679991951,4918365.94249654
684,91,60.9411643042989,467833.332296892,4918395.21985705
685,92,0,467573.429475915,4918131.90976934
686,92,228.529449539951,467648.585712207,4918329.04525257
687,92,457.058899079901,467833.331563098,4918245.03457863
688,93,0,467632.014112032,4917960.25984257
689,93,91.4117469805679,467596.197907521,4918044.30227788
690,93,182.823493961136,467573.429475915,4918131.90976934
691,94,0,467662.95891432,4917812.24683214
692,94,76.1765548806151,467653.965706228,4917887.88972693
693,94,152.35310976123,467632.014112032,4917960.25984257
694,95,0,467657.783421513,4917334.12751049
695,95,259.000132084409,467689.267319504,4917554.87765534
696,95,518.000264168818,467662.95891432,4917812.24683214
697,96,0,468051.159858147,4917031.66601664
698,96,258.999968274444,467832.497983576,4917169.52324696
699,96,517.999936548888,467657.783421513,4917334.12751049
700,97,0,468211.26018849,4916945.41320614
701,97,91.4117776866769,468130.197841797,4916985.74473741
702,97,182.823555373354,468051.159858147,4917031.66601664
703,98,0,468695.580389869,4916983.07631417
704,98,243.764559909034,468453.825659042,4916951.83920426
705,98,487.529119818068,468211.26018849,4916945.41320614
706,99,0,469042.331982203,4917197.17039728
707,99,258.999792443137,468927.657491803,4917052.13776587
708,99,517.999584886275,468695.580389869,4916983.07631417
709,100,0,468721.8310085,4918019.93662342
710,100,197.225645511172,468716.89902538,4917822.79852102
711,100,394.451291022344,468761.02133721,4917632.47527552
712,101,0,468761.02133721,4917632.47527552
713,101,76.1764739149626,468801.132294671,4917569.99390806
714,101,152.352947829925,468862.494718528,4917526.65897861
715,102,0,471947.348770087,4930758.55251841
716,102,186.71474450815,472100.530164464,4930715.18809688
717,102,373.429489016301,472191.601455871,4930596.00787472
718,102,0,471877.594517429,4930902.52501659
719,102,84.1303257653482,471924.102502587,4930839.3419096
720,102,168.260651530696,471947.350170134,4930758.55291595
721,102,0,471877.594517429,4930902.52501659
722,102,68.9776032932907,471936.151098832,4930930.45898289
723,102,137.955206586581,471983.579000295,4930980.54290611
724,102,0,469546.913433489,4931461.65828153
725,102,1547.48748281228,470776.587367049,4931135.29131187
726,102,3094.97496562456,471877.594517429,4930902.52501659
727,103,0,470758.552739016,4931346.55441133
728,103,568.547902290636,470656.808199372,4931865.68939952
729,103,1137.09580458127,470423.878813033,4932356.43417388
730,104,0,461345.188546391,4923415.29258569
731,104,689.420311997398,461230.060715508,4924073.16795103
732,104,1378.8406239948,461641.772655059,4924549.69586072
733,104,0,461641.772655059,4924549.69586072
734,104,586.774123660511,462217.582490247,4924621.9703261
735,104,1173.54824732102,462746.375848832,4924774.59211312
736,104,0,461641.772655059,4924549.69586072
737,104,345.994600144915,461384.28357759,4924779.82187298
738,104,691.989200289829,461321.51003838,4925104.04748305
739,104,0,461641.772655059,4924549.69586072
740,104,467.891095932135,461641.209256521,4925017.46560902
741,104,935.782191864269,461686.570293338,4925459.01404079
742,104,0,462746.375848832,4924774.59211312
743,104,769.636901292591,463046.323297889,4924351.71984112
744,104,1539.27380258518,463367.680771447,4923753.34979874
745,104,0,462746.375848832,4924774.59211312
746,104,389.947356965062,462756.527850401,4925162.89930739
747,104,779.894713930124,463143.122854178,4925178.03498987
748,104,0,461686.570293338,4925459.01404079
749,104,1616.32965030558,461610.082351818,4926772.43408487
750,104,3232.65930061116,461289.936575885,4928180.11133531
751,104,0,461686.570293338,4925459.01404079
752,104,2058.52816951496,462559.206560454,4926869.91352698
753,104,4117.05633902992,462952.861761383,4928792.12419917
754,104,0,463202.952099983,4928712.75333751
755,104,164.375888872998,463201.790208533,4928548.38396604
756,104,328.751777745995,463261.81987507,4928400.15582733
757,104,0,463202.952099983,4928712.75333751
758,104,121.965861580298,463324.905122209,4928714.52301567
759,104,243.931723160597,463446.030870398,4928721.63265502
760,104,0,462952.878054438,4928792.12417255
761,104,264.580565824364,463067.623986647,4928924.15603748
762,104,529.161131648727,463202.952099983,4928712.75333751
763,105,0,462242.628109481,4925587.54887604
764,105,256.981592336078,462499.600218307,4925585.47999305
765,105,513.963184672157,462756.581614234,4925585.53982141
766,106,0,461162.762636803,4927733.3563632
767,106,925.998648673329,460493.769989516,4928160.49312773
768,106,1851.99729734666,460448.887681227,4929054.13179535
769,107,0,462936.678035997,4928708.85271588
770,107,79.2145278876039,462860.083287648,4928729.05632828
771,107,158.429055775208,462783.488539299,4928749.25994067
772,108,0,462882.374641561,4928447.23244645
773,108,57.8874959581767,462832.083625478,4928475.89908018
774,108,115.774991916353,462781.792609396,4928504.56571392
775,109,0,461321.51003838,4925104.04748305
776,109,306.091905969659,461221.16009843,4925358.34087449
777,109,612.183811939318,461036.028402578,4925582.54389133
778,110,0,462512.699114763,4927116.86033879
779,110,76.1678820378076,462436.618911633,4927120.5139597
780,110,152.335764075615,462360.538708503,4927124.16758061
781,111,0,487900.045381669,4893721.78267879
782,111,1799.18697191906,486441.829383537,4894362.59281377
783,111,3598.37394383812,485442.086216617,4895353.87215513
784,112,0,487898.714381556,4894615.23977744
785,112,910.469604889299,488442.929625223,4895115.94770639
786,112,1820.9392097786,488909.873002459,4895826.53406035
787,113,0,488666.451250407,4895230.27700852
788,113,430.758427798936,489036.132684878,4895267.39783575
789,113,861.516855597873,489456.403539826,4895325.27099004
790,114,0,488641.551965827,4895223.93557151
791,114,640.551982864349,488832.926353706,4894694.49309528
792,114,1281.1039657287,489007.803140297,4894109.1119884
793,115,0,488036.720319463,4895053.98907618
794,115,272.309406306729,487828.485540139,4895229.46183602
795,115,544.618812613458,487810.961856902,4895491.42685779
796,116,0,488120.547134345,4895089.20842413
797,116,541.514239750052,487897.204926135,4895489.23885942
798,116,1083.0284795001,487400.258486854,4895334.32722514
799,117,0,488826.369853775,4894737.27687405
800,117,231.811224314271,489021.364729326,4894656.31738203
801,117,463.622448628541,489173.337537726,4894528.17987501
802,118,0,488142.804462456,4894202.98545134
803,118,341.607362228941,487994.292538017,4894460.21153243
804,118,683.214724457883,487759.797494654,4894579.2091383
805,118,0,487759.797494654,4894579.2091383
806,118,72.8751351852469,487720.020443487,4894519.13249664
807,118,145.750270370494,487675.27619498,4894467.2695421
808,118,0,487759.797494654,4894579.2091383
809,118,255.126184880013,487537.706499517,4894690.48773044
810,118,510.252369760026,487303.259503219,4894641.15199278
811,119,0,488021.597711854,4894907.52623259
812,119,205.281544282412,488084.224937179,4895077.19865467
813,119,410.563088564824,488274.010976192,4895027.02891512
814,120,0,488135.363424313,4894918.69833338
815,120,197.498186044691,488003.473468166,4894782.66458821
816,120,394.996372089381,487898.714381556,4894615.23977744
817,121,0,485779.094060577,4895199.48382292
818,121,147.523356087315,485919.714653542,4895217.98163696
819,121,295.046712174629,485985.673893478,4895343.13016557
820,122,0,485817.00922805,4894643.04615398
821,122,55.168592443368,485822.744469283,4894588.17648476
822,122,110.337184886736,485808.866711604,4894535.0099315
823,123,0,486643.277467135,4894173.91562441
824,123,24.8532827875809,486643.218705587,4894149.06241109
825,123,49.7065655751618,486643.159944038,4894124.20919777
826,124,0,486765.243824759,4894228.55540127
827,124,62.4996186417584,486798.666005862,4894175.74290142
828,124,124.999237283517,486832.088186966,4894122.93040156
829,125,0,486891.737737202,4894233.4112418
830,125,261.930511560357,486932.333999905,4894476.09231836
831,125,523.861023120714,486919.602449385,4894672.28060574
832,126,0,486998.657121275,4894578.13519279
833,126,27.8051268878557,487022.432995973,4894592.55160231
834,126,55.6102537757114,487046.20887067,4894606.96801184
835,127,0,486535.008081405,4894693.86592775
836,127,56.2871147287566,486583.729868881,4894665.68035154
837,127,112.574229457513,486639.406319702,4894662.53337645
838,128,0,485742.375718696,4894789.3141441
839,128,482.142037861091,486189.65966228,4894773.09883493
840,128,964.284075722182,486640.076640705,4894731.50795943
841,129,0,487435.827919149,4893873.54978045
842,129,124.249532491638,487534.510870978,4893922.24810468
843,129,248.499064983276,487583.777878541,4894036.31259648
844,130,0,488909.873002459,4895826.53406035
845,130,154.537855667618,488939.838486003,4895973.15439121
846,130,309.075711335235,488965.36331909,4896124.85535316
847,131,0,457056.518692435,4903436.33221581
848,131,94.1805075335909,457029.497514621,4903526.5531887
849,131,188.361015067182,457002.476336806,4903616.77416159
850,132,0,457563.429920902,4903638.89664548
851,132,280.697669460648,457282.977757474,4903627.19756474
852,132,561.395338921296,457002.476336806,4903616.77416159
853,133,0,455380.861570118,4902965.60272941
854,133,721.924087732965,454926.205039417,4903466.30110916
855,133,1443.84817546593,455052.600565183,4904116.90919067
856,134,0,455094.197508912,4904135.05287739
857,134,22.6908522055748,455073.399037047,4904125.98103403
858,134,45.3817044111496,455052.600565183,4904116.90919067
859,135,0,457002.476336806,4903616.77416159
860,135,331.683235212448,456884.081123111,4903835.86383741
861,135,663.366470424897,456780.706474328,4904146.25276826
862,136,0,457012.563600722,4904643.15271598
863,136,355.706415746667,457010.76424938,4904287.48151622
864,136,711.412831493335,456780.706474328,4904146.25276826
865,137,0,456780.706474328,4904146.25276826
866,137,484.219538163425,456524.789840573,4904556.95785132
867,137,968.43907632685,456212.238390569,4904925.78567235
868,138,0,456901.592625986,4905190.80651774
869,138,431.992014601211,456602.684682084,4905051.9420451
870,138,863.984029202423,456212.238390569,4904925.78567235
871,139,0,455052.600565183,4904116.90919067
872,139,1497.04471834337,454371.877996389,4904758.54199643
873,139,2994.08943668675,454863.54427026,4905934.60992583
874,140,0,456212.238390569,4904925.78567235
875,140,847.298416381422,455569.865653264,4905467.2615617
876,140,1694.59683276284,454863.54427026,4905934.60992583
877,141,0,454863.54427026,4905934.60992583
878,141,3421.49923989787,452054.506729456,4905954.22755575
879,141,6842.99847979574,449754.894301675,4905260.8707439
880,142,0,456660.556968216,4912323.59815082
881,142,2049.07621545177,455635.007408644,4911306.44608812
882,142,4098.15243090354,454541.752270354,4909970.51522108
883,143,0,458194.304490284,4911993.69131944
884,143,879.331729121412,457489.461363337,4912255.65810555
885,143,1758.66345824282,456660.556968216,4912323.59815082
886,144,0,457047.996827048,4913154.13109093
887,144,473.351527918211,456891.959036421,4912728.38212925
888,144,946.703055836422,456660.556968216,4912323.59815082
889,145,0,466549.688317065,4926597.40242932
890,145,238.462680138353,466785.91085574,4926593.65253227
891,145,476.925360276706,466848.769713251,4926768.28535347
892,146,0,470423.878813033,4932356.43417388
893,146,437.457972548744,470049.444795523,4932534.45204414
894,146,874.915945097487,469749.624594612,4932759.63451553
895,147,0,453354.261084062,4923534.522061
896,147,511.566983122401,453804.490659761,4923620.1002137
897,147,1023.1339662448,454261.336524844,4923425.18105318
898,148,0,454261.336524844,4923425.18105318
899,148,919.484528667267,455070.272015353,4923329.72871573
900,148,1838.96905733453,455533.23077754,4923996.90765499
901,149,0,455902.140382259,4923972.27516637
902,149,186.762364399248,455718.484348306,4923981.59899141
903,149,373.524728798497,455533.23077754,4923996.90765499
904,150,0,454265.88082276,4924183.19144588
905,150,379.012020057187,454263.567897105,4923804.18650404
906,150,758.024040114374,454261.336524844,4923425.18105318
907,151,0,455533.23077754,4923996.90765499
908,151,398.247205205033,455450.218930532,4924386.40716682
909,151,796.494410410066,455382.698729972,4924773.6487312
910,152,0,455039.001611802,4924803.16371749
911,152,172.692587589213,455210.221005196,4924781.07969291
912,152,345.385175178426,455382.698729972,4924773.6487312
913,153,0,455382.698729972,4924773.6487312
914,153,1360.85145971168,456154.226288616,4925571.54299132
915,153,2721.70291942336,455928.980065807,4926835.30054111
916,154,0,456179.422037217,4926626.84703342
917,154,228.045119293016,456156.224902925,4926834.54706404
918,154,456.090238586032,455928.980065807,4926835.30054111
919,155,0,455928.980065807,4926835.30054111
920,155,774.817960148629,455625.830817576,4927481.83445715
921,155,1549.63592029726,456077.113258669,4927845.67355082
922,156,0,455740.519184569,4928046.39658922
923,156,146.798357717857,455776.62279264,4927917.11841319
924,156,293.596715435715,455891.616874774,4927825.87084389
925,157,0,456077.113258669,4927845.67355082
926,157,1321.75106566358,456329.626261559,4929079.7522246
927,157,2643.50213132715,456637.481272945,4930046.710639
928,158,0,456199.326313954,4913952.79264794
929,158,184.053267675505,456191.509163611,4914135.42627621
930,158,368.106535351011,456156.621663678,4914299.43535617
931,159,0,455770.899794099,4914302.68569528
932,159,1438.56109171289,454708.280647322,4913619.59806269
933,159,2877.12218342579,454535.492747009,4912347.39518073
934,160,0,456156.621663678,4914299.43535617
935,160,193.007143929231,455963.62863758,4914299.97619785
936,160,386.014287858461,455770.899794099,4914302.68569528
937,161,0,457389.753733226,4914532.77228641
938,161,668.544178456303,456758.225174219,4914424.69856412
939,161,1337.08835691261,456156.621663678,4914299.43535617
940,162,0,457534.828796072,4914457.41163753
941,162,98.0117679996366,457438.032386615,4914472.79870296
942,162,196.023535999273,457389.753733226,4914532.77228641
943,163,0,455896.028946313,4914738.65769221
944,163,265.991664465648,455789.987371955,4914561.53108015
945,163,531.983328931297,455770.899794099,4914302.68569528
946,164,0,455940.268020057,4914776.67026005
947,164,41.130807326384,455899.137266627,4914776.7368451
948,164,82.2616146527679,455896.028946313,4914738.65769221
949,165,0,456506.97415745,4914808.316565
950,165,338.69287701226,456234.719853915,4914737.50268292
951,165,677.385754024521,455896.028946313,4914738.65769221
952,166,0,457893.015725808,4915550.74294631
953,166,631.806111970091,457591.000121878,4915035.13627345
954,166,1263.61222394018,457389.753733226,4914532.77228641
955,167,0,456114.354978163,4917909.95191297
956,167,79.6587170149297,456129.090604172,4917988.22430849
957,167,159.317434029859,456160.656841849,4918059.29392587
958,168,0,457748.171117303,4917163.0861055
959,168,927.632995476933,457025.094013118,4917371.84970421
960,168,1855.26599095387,457290.863602289,4918202.6399139
961,169,0,457375.596321424,4918186.68163063
962,169,43.1111948828283,457333.229961856,4918194.66077226
963,169,86.2223897656565,457290.863602289,4918202.6399139
964,170,0,456160.656841849,4918059.29392587
965,170,578.956376277003,456724.562554595,4918069.26310776
966,170,1157.91275255401,457255.050740131,4918301.0337737
967,171,0,457290.863602289,4918202.6399139
968,171,52.3851118008678,457272.231367254,4918251.59948657
969,171,104.770223601736,457255.050740131,4918301.0337737
970,172,0,457255.050740131,4918301.0337737
971,172,208.155015115285,457223.84655256,4918506.79666732
972,172,416.310030230569,457187.381313338,4918711.70670368
973,173,0,457462.668883089,4918606.58953554
974,173,147.337083839623,457325.025098213,4918659.14811961
975,173,294.674167679245,457187.381313338,4918711.70670368
976,174,0,455995.733719807,4918785.71757175
977,174,378.553954073468,456032.677042114,4918414.88807016
978,174,757.107908146937,456160.656841849,4918059.29392587
979,175,0,457187.381313338,4918711.70670368
980,175,481.921004568808,457222.379815268,4919187.66004429
981,175,963.842009137616,457351.82186494,4919638.35025572
982,176,0,471198.886598787,4898195.03373002
983,176,204.63300076311,471109.235561691,4898378.98306149
984,176,409.26600152622,470954.30429029,4898489.00007102
985,177,0,470758.824110901,4898127.4695908
986,177,275.528124090524,470564.99569834,4897940.71838952
987,177,551.056248181047,470348.897087289,4897792.1418695
988,178,0,470512.361351508,4897916.17543644
989,178,63.6386993719391,470510.125709728,4897852.57601849
990,178,127.277398743878,470507.890067948,4897788.97660054
991,179,0,469333.207471433,4897529.14237756
992,179,75.2753497844356,469363.341385742,4897460.16176077
993,179,150.550699568871,469393.475300051,4897391.18114397
994,180,0,468402.883312137,4897390.6593087
995,180,410.144435026215,468767.131409386,4897482.18124095
996,180,820.288870052429,469172.933460534,4897496.60770301
997,181,0,468872.711707654,4897473.47528075
998,181,84.4839040015501,468885.509038582,4897389.97003544
999,181,168.9678080031,468931.725997596,4897332.68338498
1000,182,0,469051.457791472,4897475.29052388
1001,182,41.3340208392128,469048.765318684,4897434.04428928
1002,182,82.6680416784255,469046.072845896,4897392.79805468
1003,183,0,469133.104691843,4897494.5397354
1004,183,675.259902525684,469213.939478303,4898144.41764853
1005,183,1350.51980505137,469745.579563526,4898481.19175712
1006,184,0,469651.876353291,4898430.5648072
1007,184,51.7276512405616,469694.183863556,4898405.5970999
1008,184,103.455302481123,469745.446680039,4898398.6780285
1009,185,0,469111.42554971,4897849.07646551
1010,185,128.807652023465,469227.35286951,4897905.22152534
1011,185,257.61530404693,469343.28018931,4897961.36658517
1012,186,0,469258.348062037,4897920.23289104
1013,186,73.0578760038033,469284.089493744,4897988.6056337
1014,186,146.115752007607,469338.606640194,4898015.32556725
1015,187,0,469216.139626386,4898150.57925528
1016,187,237.169566258972,469153.318239894,4898379.27747687
1017,187,474.339132517945,469087.244915936,4898599.67575311
1018,188,0,469298.29245406,4898600.92273136
1019,188,184.076108210926,469400.689137953,4898515.64817886
1020,188,368.152216421851,469426.975843649,4898333.45865469
