cat,lcat,along,x,y
1,1,0,441270.0272,4874140.0275
2,1,984.509217035155,442028.69643524,4874383.26187664
3,1,1969.01843407031,442298.7492,4875129.3787
4,2,0,440847.3034,4873701.7801
5,2,59.4806740297342,440892.5271,4873740.41645
6,2,118.961348059468,440937.7508,4873779.0528
7,3,0,440993.0785,4874611.9445
8,3,290.417575607326,441055.936516088,4874336.26090002
9,3,580.835151214653,441270.0272,4874140.0275
10,4,0,440848.1475,4874298.3625
11,4,98.089293214257,440942.151,4874326.3777
12,4,196.178586428514,441036.1545,4874354.3929
13,5,0,441365.596,4874678.9347
14,5,264.280130859241,441352.058981488,4874416.15307599
15,5,528.560261718481,441215.334,4874190.1587
16,6,0,441684.4509,4873824.5342
17,6,337.991025712182,441433.433827143,4873773.47106189
18,6,675.982051424365,441503.4239,4874086.2811
19,7,0,442273.2459,4873362.0112
20,7,429.70719553789,441991.840537852,4873685.8220657
21,7,859.41439107578,441873.2469,4874077.9628
22,8,0,441921.7117,4873359.5516
23,8,145.898669072034,441998.665556087,4873483.50532391
24,8,291.797338144069,442075.8277,4873605.8285
25,9,0,442499.3234,4874224.9322
26,9,147.985856420523,442401.2027,4874335.7119
27,9,295.971712841046,442303.082,4874446.4916
28,10,0,442499.6039,4874556.3137
29,10,83.4773466592053,442416.12685,4874556.53625
30,10,166.954693318411,442332.6498,4874556.7588
31,11,0,446259.3433,4880718.4895
32,11,282.792033618772,446014.579005306,4880858.20658976
33,11,565.584067237544,445760.0022,4880981.3406
34,12,0,446222.0257,4880666.0076
35,12,32.1984203698436,446240.6845,4880692.24855
36,12,64.3968407396872,446259.3433,4880718.4895
37,13,0,445218.8919,4882233.1352
38,13,207.637671670533,445219.49355,4882025.4984
39,13,415.275343341067,445220.0952,4881817.8616
40,14,0,445354.364,4879791.1173
41,14,1095.68006667511,444442.190945183,4880216.20943126
42,14,2191.36013335023,444103.6481,4881016.0371
43,15,0,444946.2066,4879664.1806
44,15,283.515855500846,444914.071741745,4879930.43230142
45,15,567.031711001692,444915.4307,4880213.9449
46,16,0,444773.4174,4880182.2461
47,16,16.1869860075413,444773.495,4880198.4329
48,16,32.3739720150827,444773.5726,4880214.6197
49,17,0,444543.4968,4880177.4455
50,17,19.1420199662822,444543.588522522,4880196.58730021
51,17,38.2840399325643,444543.6803,4880215.7291
52,18,0,444250.1064,4880177.1431
53,18,19.9963799622857,444250.2023,4880197.13925
54,18,39.9927599245715,444250.2982,4880217.1354
55,19,0,444410.0992,4881021.6172
56,19,46.2846384182907,444363.83405,4881020.2742
57,19,92.5692768365813,444317.5689,4881018.9312
58,20,0,446705.0697,4882968.6649
59,20,2887.55700083083,444522.43901948,4882710.41492625
60,20,5775.11400166167,442538.4252,4883399.7049
61,21,0,445382.5254,4883771.3038
62,21,151.881341118211,445377.385133631,4883619.51610694
63,21,303.762682236422,445366.5585,4883469.3113
64,22,0,449771.2899,4883277.0446
65,22,2006.01446254418,447972.429614567,4882999.20197551
66,22,4012.02892508836,446723.0302,4882985.9761
67,23,0,448975.9744,4882526.0803
68,23,367.369975569948,448644.518981465,4882624.41116177
69,23,734.739951139896,448663.0918,4882985.1933
70,24,0,449187.3722,4882998.5048
71,24,76.2060102421598,449153.5159,4883066.7771
72,24,152.41202048432,449119.6596,4883135.0494
73,25,0,448079.7702,4883026.5987
74,25,29.6524348963034,448076.4207,4882997.13605
75,25,59.3048697926068,448073.0712,4882967.6734
76,26,0,447148.9666,4884379.1771
77,26,524.698186970382,447331.487451425,4883911.65874671
78,26,1049.39637394076,447547.5368,4883474.2386
79,27,0,448225.0134,4883862.7114
80,27,883.944676149775,447737.405995726,4883780.11486775
81,27,1767.88935229955,447688.8556,4883113.0883
82,28,0,446630.8861,4882211.1138
83,28,247.464366063216,446854.939934393,4882316.17802686
84,28,494.928732126432,447037.1264,4882471.4894
85,29,0,445983.372,4882892.1534
86,29,66.3253205225057,445980.5722,4882958.4196
87,29,132.650641045011,445977.7724,4883024.6858
88,30,0,446341.1107,4884248.8946
89,30,720.211457004878,446027.961241965,4883796.80652275
90,30,1440.42291400976,445389.6544,4883757.8901
91,31,0,445369.5198,4884780.3111
92,31,760.528424645879,445030.878720904,4884292.76208168
93,31,1521.05684929176,445387.3214,4883671.316
94,32,0,444939.9488,4883500.5216
95,32,55.6371894192571,444989.0873,4883474.42745
96,32,111.274378838514,445038.2258,4883448.3333
97,33,0,444412.6079,4883441.0661
98,33,442.876130975472,444254.73828866,4883048.75630272
99,33,885.752261950943,444375.819,4882622.7531
100,34,0,444127.1623,4882662.7343
101,34,91.715792572154,444215.897590657,4882639.54303442
102,34,183.431585144308,444275.0425,4882618.1812
103,35,0,449746.2249,4884612.7227
104,35,3902.80487061858,447365.413928474,4886271.52621077
105,35,7805.60974123716,448735.3501,4888235.8625
106,36,0,448956.0786,4887249.3598
107,36,213.33619619895,448759.802683181,4887204.24179946
108,36,426.6723923979,448562.6865,4887285.8125
109,37,0,451841.7711,4884482.0406
110,37,2083.92376207684,450927.812484015,4885031.84047717
111,37,4167.84752415368,449105.6765,4884828.7518
112,38,0,446969.9711,4887445.8158
113,38,302.394042858275,447228.455957428,4887582.79131958
114,38,604.78808571655,447511.4217,4887621.1767
115,39,0,446808.9807,4885959.2031
116,39,239.087447947952,447020.73380823,4886043.15563592
117,39,478.174895895905,447258.4714,4886068.5258
118,40,0,446661.2897,4887496.1633
119,40,464.262715890423,447100.393407679,4887484.8973059
120,40,928.525431780846,447517.2141,4887654.866
121,41,0,453798.0689,4882846.9699
122,41,2926.04728747642,452993.42651848,4880857.33721089
123,41,5852.09457495284,452690.9333,4878627.4272
124,42,0,452170.9851,4881307.9025
125,42,309.932314896575,452480.897096761,4881304.51807164
126,42,619.864629793149,452785.8982,4881287.4642
127,43,0,452984.6749,4881352.1223
128,43,100.564007047419,452884.111435025,4881351.79210979
129,43,201.128014094838,452786.0924,4881340.4269
130,44,0,453565.9198,4882335.9304
131,44,216.316210863605,453485.681041707,4882530.68140507
132,44,432.63242172721,453318.6183,4882668.0959
133,45,0,452244.3567,4880155.3788
134,45,279.007339632807,452523.329986664,4880151.50703514
135,45,558.014679265614,452797.0354,4880133.4178
136,46,0,452163.7259,4880279.7368
137,46,84.4629921987451,452187.32453334,4880217.67911314
138,46,168.92598439749,452244.3567,4880155.3788
139,47,0,457045.2833,4882016.3475
140,47,1763.00185118216,456258.552762915,4880968.54598075
141,47,3526.00370236431,455225.3897,4879857.6135
142,48,0,454790.7938,4882050.8854
143,48,1679.91212906533,453971.428708483,4880979.91195172
144,48,3359.82425813067,454958.6336,4880137.3516
145,49,0,455415.68,4880972.6536
146,49,547.300495039897,454908.735050069,4880929.92656973
147,49,1094.60099007979,454897.1003,4880409.1983
148,50,0,455995.4723,4880953.6641
149,50,84.070655341502,456009.625000375,4880889.99374993
150,50,168.141310683004,455946.1626,4880838.1094
151,51,0,457275.5564,4881321.7538
152,51,95.9709184482607,457231.95755,4881407.24975
153,51,191.941836896521,457188.3587,4881492.7457
154,52,0,457044.9258,4880211.4914
155,52,1088.76598978097,456218.168424318,4879770.82466659
156,52,2177.53197956194,455225.6747,4879378.0341
157,53,0,456285.9618,4879568.3109
158,53,105.799360264351,456238.754511885,4879662.1784882
159,53,211.598720528702,456217.5948,4879765.8403
160,54,0,461001.4944,4877693.2189
161,54,371.911143956455,460710.534656625,4877529.0227426
162,54,743.82228791291,460342.4915,4877558.521
163,55,0,459935.1952,4877702.0199
164,55,327.526022446218,459938.24883362,4878029.5290527
165,55,655.052044892436,459942.811,4878357.0233
166,56,0,459556.2518,4877891.3916
167,56,190.608081679692,459746.8588494,4877890.76428795
168,56,381.216163359383,459936.2482,4877882.5881
169,57,0,460161.8707,4877690.8109
170,57,1927.84163411116,459879.718404826,4875898.29237296
171,57,3855.68326822231,458611.4811,4874829.2182
172,58,0,458595.0189,4875463.7563
173,58,144.636882638863,458720.748154847,4875397.56813884
174,58,289.273765277727,458746.0153,4875296.834
175,59,0,459337.3206,4876157.3683
176,59,235.809643128562,459389.567964604,4875979.65580399
177,59,471.619286257123,459389.4321,4875743.8462
178,60,0,461013.2418,4876489.3844
179,60,510.703627102624,460636.532360675,4876756.14196512
180,60,1021.40725420525,460165.1658,4876620.8126
181,61,0,459935.1952,4877702.0199
182,61,456.8225972416,459954.169730581,4877245.67548594
183,61,913.645194483201,460165.4998,4876891.9024
184,62,0,459776.4129,4876883.6563
185,62,132.221702639047,459895.79425,4876940.4953
186,62,264.443405278094,460015.1756,4876997.3343
187,63,0,458983.5688,4877427.8318
188,63,525.968705290975,459448.437349167,4877306.89560836
189,63,1051.93741058195,459946.5539,4877342.6007
190,64,0,458960.9763,4877612.6922
191,64,329.267841073403,459265.390539546,4877737.06390212
192,64,658.535682146806,459556.2518,4877891.3916
193,65,0,460342.4915,4877558.521
194,65,91.9770232214259,460251.808744205,4877573.89664965
195,65,183.954046442852,460162.8155,4877555.453
196,66,0,462623.4711,4878304.4837
197,66,959.19093530406,461837.539407633,4877872.2317781
198,66,1918.38187060812,461001.4944,4877693.2189
199,67,0,459865.2359,4878741.6337
200,67,280.394407884718,460007.292075458,4878625.51948427
201,67,560.788815769437,459942.811,4878357.0233
202,68,0,460265.1237,4878180.4519
203,68,171.749897463804,460100.801167981,4878170.07239092
204,68,343.499794927608,459940.4615,4878108.5886
205,69,0,460669.4072,4878667.1997
206,69,479.88366463575,460360.152809113,4878302.28848546
207,69,959.767329271499,459940.523,4878192.7779
208,70,0,459430.3271,4882883.5615
209,70,1554.87294168947,460750.487867323,4883135.27714936
210,70,3109.74588337894,461560.9259,4884004.6835
211,71,0,458194.7591,4884404.613
212,71,1582.80684964422,458025.971221297,4883115.24246534
213,71,3165.61369928843,459430.3271,4882883.5615
214,72,0,458344.8342,4883376.7053
215,72,81.7724358025626,458342.9295,4883294.95505
216,72,163.544871605125,458341.0248,4883213.2048
217,73,0,457738.9253,4883384.5156
218,73,86.3208093499653,457825.24585,4883384.7272
219,73,172.641618699931,457911.5664,4883384.9388
220,74,0,454934.9656,4870698.9426
221,74,270.39530526486,454685.693532079,4870752.34924985
222,74,540.790610529721,454488.2782,4870921.4989
223,75,0,454450.1973,4871012.5705
224,75,1098.08238733323,454015.11644594,4871539.09106397
225,75,2196.16477466647,453603.3434,4872290.3303
226,76,0,454874.7105,4868607.0691
227,76,1320.28062116173,454881.36962694,4869448.87397135
228,76,2640.56124232345,454841.2667,4870698.9507
229,77,0,456680.3391,4870451.1176
230,77,993.497516620463,455791.698891762,4870694.3013142
231,77,1986.99503324093,454934.9656,4870698.9427
232,78,0,456098.8268,4870454.9456
233,78,120.215678770638,456085.48425,4870574.41855
234,78,240.431357541276,456072.1417,4870693.8915
235,79,0,455357.7022,4868844.7861
236,79,136.799062153902,455220.99255,4868849.7313
237,79,273.598124307804,455084.2829,4868854.6765
238,80,0,454559.5159,4870261.3825
239,80,404.275595541279,454337.234034494,4870591.95287868
240,80,808.551191082559,454530.7942,4870872.5373
241,81,0,454488.2782,4870921.4989
242,81,48.7473384791802,454469.4727,4870966.47285
243,81,97.4946769583604,454450.6672,4871011.4468
244,82,0,454556.9019,4871317.7152
245,82,75.0779897178916,454483.8646,4871300.32965
246,82,150.155979435783,454410.8273,4871282.9441
247,83,0,454146.6365,4871686.5628
248,83,14.2595712788213,454146.5336,4871672.3036
249,83,28.5191425576426,454146.4307,4871658.0444
250,84,0,453283.0466,4871249.2367
251,84,280.157965702631,453451.862886842,4871472.70097924
252,84,560.315931405263,453637.3577,4871676.8788
253,85,0,440170.0181,4887775.115
254,85,2290.37825206001,441210.547082376,4886448.22357937
255,85,4580.75650412002,442190.7739,4884589.8228
256,86,0,440147.842,4885073.042
257,86,854.514244278106,440870.125758585,4885329.10994534
258,86,1709.02848855621,441651.6776,4885220.6174
259,87,0,440159.8158,4885418.5033
260,87,263.682095557027,440393.1312,4885295.6531
261,87,527.364191114055,440626.4466,4885172.8029
262,88,0,440461.5093,4886249.0761
263,88,202.988149565944,440461.30825,4886452.06415
264,88,405.976299131889,440461.1072,4886655.0522
265,89,0,440836.0911,4887063.1166
266,89,205.568530840486,440836.4309,4886857.54835
267,89,411.137061680972,440836.7707,4886651.9801
268,90,0,441142.2483,4886968.7089
269,90,210.566884025437,441167.6895,4886759.6846
270,90,421.133768050873,441193.1307,4886550.6603
271,91,0,438946.2264,4887064.1789
272,91,857.117989643916,439356.333049162,4887269.35671296
273,91,1714.23597928783,440164.3438,4887072.2134
274,92,0,438998.7422,4887887.9627
275,92,641.703623531498,439528.322803876,4887778.38415675
276,92,1283.407247063,440170.0181,4887775.115
277,93,0,439413.4805,4887888.3725
278,93,340.872961806449,439754.345991021,4887886.11570557
279,93,681.745923612898,439984.043,4887776.2409
280,94,0,439617.779,4888408.0628
281,94,384.801086000608,439970.60754379,4888476.31771161
282,94,769.602172001217,440332.9656,4888347.0001
283,95,0,440854.5642,4888250.6369
284,95,307.74187387157,440595.631366997,4888290.26865416
285,95,615.48374774314,440332.9656,4888347.0001
286,96,0,440211.8853,4889084.7759
287,96,370.21865860185,440233.310722476,4888728.27996233
288,96,740.437317203699,440137.0844,4888419.8062
289,97,0,439320.6563,4884239.64
290,97,1675.25551921803,438897.182627912,4885758.17635697
291,97,3350.51103843606,440158.3772,4886656.8236
292,98,0,439329.7301,4884236.634
293,98,1544.30685887921,438926.080448796,4885606.95884386
294,98,3088.61371775842,439964.6395,4886457.8307
295,99,0,439345.0954,4884987.3879
296,99,105.401964543706,439239.92805,4884980.3592
297,99,210.803929087413,439134.7607,4884973.3305
298,100,0,439342.5094,4884260.7234
299,100,15.2337574838411,439327.27565,4884260.7083
300,100,30.4675149676822,439312.0419,4884260.6932
301,101,0,440026.8724,4886521.5143
302,101,116.171012385166,440050.684045892,4886622.69017973
303,101,232.342024770331,440159.5477,4886659.2855
304,102,0,447443.9625,4874229.0184
305,102,1921.86286424316,447377.088683674,4872780.0502586
306,102,3843.72572848633,446506.6568,4871189.6853
307,103,0,447323.9208,4872416.676
308,103,49.5943159361826,447274.4191,4872413.6465
309,103,99.1886318723651,447224.9174,4872410.617
310,104,0,447316.715,4872958.885
311,104,145.028777538193,447461.741260852,4872958.03061281
312,104,290.057555076387,447598.9585,4872965.2286
313,105,0,448151.6517,4873055.8386
314,105,281.385041780763,447876.949029246,4873000.16076837
315,105,562.770083561527,447600.944,4873045.2743
316,106,0,447833.8539,4872908.5259
317,106,46.4910375331478,447832.063492701,4872954.98244973
318,106,92.9820750662955,447827.9545,4872999.4657
319,107,0,447962.0232,4874085.0814
320,107,276.532678714504,447718.159197589,4874001.4018285
321,107,553.065357429008,447441.987,4873987.2866
322,108,0,446475.5052,4874004.95
323,108,306.346868078292,446768.819875148,4874073.69083305
324,108,612.693736156583,447057.8634,4874116.5439
325,109,0,446984.0914,4873977.2293
326,109,78.8207868477384,447020.9774,4874046.8866
327,109,157.641573695477,447057.8634,4874116.5439
328,110,0,447057.8634,4874116.5439
329,110,193.346024929809,447250.3003,4874097.81625
330,110,386.692049859617,447442.7372,4874079.0886
331,111,0,447074.8287,4874303.1059
332,111,197.154105246602,447247.436366902,4874226.73845615
333,111,394.308210493204,447443.7998,4874209.0992
334,112,0,439352.1786,4883825.7001
335,112,1924.62918597899,439539.714773783,4882170.06916774
336,112,3849.25837195797,439819.8323,4880355.1717
337,113,0,439670.9121,4883094.5131
338,113,24.9342253897542,439647.9577,4883084.776
339,113,49.8684507795084,439625.0033,4883075.0389
340,114,0,439615.8967,4882796.0157
341,114,12.7780263280706,439627.6568,4882791.0179
342,114,25.5560526561413,439639.4169,4882786.0201
343,115,0,439727.9914,4882426.1126
344,115,29.9177760973019,439698.34425,4882422.09765
345,115,59.8355521946039,439668.6971,4882418.0827
346,116,0,439735.329,4882339.9452
347,116,64.1449489237056,439673.3244,4882323.5134
348,116,128.289897847411,439611.3198,4882307.0816
349,117,0,439701.7554,4881337.1153
350,117,35.6858751317927,439737.4002,4881335.4036
351,117,71.3717502635855,439773.045,4881333.6919
352,118,0,439915.24,4881040.2205
353,118,26.2741577451909,439888.96905,4881039.80995
354,118,52.5483154903817,439862.6981,4881039.3994
355,119,0,439638.5017,4881043.7133
356,119,183.768709595186,439692.081399127,4880868.97309279
357,119,367.537419190373,439848.0523,4880773.6587
358,120,0,439694.6621,4880679.0172
359,120,74.8142180459629,439767.3903,4880661.47365
360,120,149.628436091926,439840.1185,4880643.9301
361,121,0,463651.8273,4885703.8044
362,121,599.738036427906,464251.559035955,4885706.53465228
363,121,1199.47607285581,464851.2886,4885709.3616
364,122,0,465394.5041,4887706.5198
365,122,240.636042487954,465634.637116515,4887691.77197075
366,122,481.272084975909,465875.1529,4887690.4013
367,123,0,464249.7544,4888304.0837
368,123,804.661019624947,464678.372256664,4887654.45628813
369,123,1609.32203924989,465394.5041,4887706.5198
370,124,0,464248.8186,4887036.8131
371,124,470.404660861623,464503.76398116,4887429.06039794
372,124,940.809321723247,464899.7052,4887580.1624
373,125,0,439376.7097,4889505.5007
374,125,144.904242211864,439521.60155,4889507.39575
375,125,289.808484423729,439666.4934,4889509.2908
376,126,0,438955.7792,4889499.4877
377,126,210.486722858635,439166.24445,4889502.4942
378,126,420.97344571727,439376.7097,4889505.5007
379,127,0,438966.2188,4889924.2813
380,127,255.677548875954,438845.521856986,4889709.36784836
381,127,511.355097751909,438955.7792,4889499.4877
382,128,0,439709.6602,4889283.8413
383,128,114.77243753676,439688.0768,4889396.56605
384,128,229.544875073519,439666.4934,4889509.2908
385,129,0,439803.875,4889258
386,129,48.84721415992,439756.7676,4889270.92065
387,129,97.6944283198401,439709.6602,4889283.8413
388,130,0,465717.3532,4888457.0979
389,130,62.0679422451796,465716.55815,4888395.03505
390,130,124.135884490359,465715.7631,4888332.9722
391,131,0,465591.6381,4888364.8002
392,131,64.0703465126104,465653.7006,4888348.8862
393,131,128.140693025221,465715.7631,4888332.9722
394,132,0,443343.8385,4886652.4222
395,132,67.6366997444369,443276.2096,4886653.44935
396,132,135.273399488874,443208.5807,4886654.4765
397,133,0,442292.7812,4886646.9062
398,133,143.524661786071,442240.03725,4886513.42435
399,133,287.049323572142,442187.2933,4886379.9425
400,134,0,465103.567,4885710.6147
401,134,473.178237280438,465576.739617181,4885712.05763669
402,134,946.356474560876,466049.8681,4885706.197
403,135,0,466726.1965,4884085.8502
404,135,365.869330029916,467092.0544,4884082.9582
405,135,731.738660059832,467457.9123,4884080.0662
406,136,0,465675.8599,4884087.2957
407,136,525.168797333271,466201.0282,4884086.57295
408,136,1050.33759466654,466726.1965,4884085.8502
409,137,0,465462.5937,4883349.1875
410,137,21.9812203824819,465462.1406,4883371.16405
411,137,43.9624407649638,465461.6875,4883393.1406
412,138,0,450368.3125,4881924.6563
413,138,583.321284893922,449995.435327826,4881506.41462693
414,138,1166.64256978784,449486.3125,4881287.9219
415,139,0,449522.0937,4881826.9844
416,139,270.124357093032,449504.2031,4881557.45315
417,139,540.248714186065,449486.3125,4881287.9219
418,140,0,467201.1563,4880840.1562
419,140,447.04192423599,467225.135457223,4881281.44445081
420,140,894.083848471981,467455.3925,4881664.6261
421,141,0,440811.4964,4881043.2769
422,141,630.437692734153,440346.461651088,4880688.68341687
423,141,1260.87538546831,439819.8323,4880355.1717
424,142,0,460082.3125,4880252.4688
425,142,69.7963328163866,460013.9219,4880266.4063
426,142,139.592665632773,459945.5313,4880280.3438
427,143,0,439819.8323,4880355.1717
428,143,688.450136697336,439159.992499617,4880359.29751291
429,143,1376.90027339467,438478.6254,4880405.6272
430,144,0,459945.5313,4880280.3438
431,144,40.9322602896952,459955.6719,4880240.68755
432,144,81.8645205793905,459965.8125,4880201.0313
433,146,0,449486.3125,4881287.9219
434,146,703.443875546651,449052.920528654,4880788.94898449
435,146,1406.8877510933,449097.9688,4880112.0469
436,147,0,459965.8125,4880201.0313
437,147,57.1797771831819,459978.631301068,4880145.3162198
438,147,114.359554366364,459990.6875,4880089.4219
439,148,0,459944.375,4880090.1094
440,148,23.1588013101931,459967.53125,4880089.76565
441,148,46.3176026203861,459990.6875,4880089.4219
442,149,0,459990.6875,4880089.4219
443,149,13.9719585101706,459993.64065,4880075.7656
444,149,27.9439170203412,459996.5938,4880062.1093
445,150,0,460091.6563,4880061.9218
446,150,47.5313424555314,460044.12505,4880062.01555
447,150,95.0626849110628,459996.5938,4880062.1093
448,151,0,460883.9688,4879607.0468
449,151,464.07779082946,460811.247764555,4880059.28934852
450,151,928.15558165892,460964.25,4880454.625
451,152,0,459996.5938,4880062.1093
452,152,623.382467733085,460353.705750863,4879621.25273098
453,152,1246.76493546617,460883.9688,4879607.0468
454,153,0,459068.5,4879322.7187
455,153,48.1381367492045,459092.42185,4879364.4922
456,153,96.276273498409,459116.3437,4879406.2657
457,154,0,458899.25,4879298.0313
458,154,129.114277922091,458990.144927693,4879378.98261675
459,154,258.228555844182,459116.3437,4879406.2657
460,155,0,459116.3437,4879406.2657
461,155,772.063067722069,459751.699339859,4879130.5713355
462,155,1544.12613544414,459948.9687,4878415.7656
463,156,0,467450.5938,4877653.7188
464,156,221.281174549251,467451.37375,4877874.9986
465,156,442.562349098501,467452.1537,4878096.2784
466,158,0,466314.697,4876061.1147
467,158,1091.52496317116,466611.945103178,4877073.34144213
468,158,2183.04992634233,467450.4898,4877643.3293
469,159,0,467037.189,4876145.0282
470,159,933.07205899894,467416.124893573,4876726.88600801
471,159,1866.14411799788,467450.5938,4877653.7188
472,160,0,465866.375,4875515.7813
473,160,421.39306249478,465942.103165659,4875886.06716982
474,160,842.786124989561,466314.697,4876061.1147
475,161,0,465802.3437,4875483.5782
476,161,35.8365980157919,465834.35935,4875499.67975
477,161,71.6731960315837,465866.375,4875515.7813
478,162,0,465805.6563,4875383.4843
479,162,84.6872387475339,465866.611671,4875431.09439196
480,162,169.374477495068,465866.375,4875515.7813
481,163,0,467266.7812,4875028.1719
482,163,654.999255659028,466944.80569376,4875511.5073044
483,163,1309.99851131806,467037.189,4876145.0282
484,164,0,445576.0962,4874701.6339
485,164,211.261168364079,445440.936306471,4874835.90585078
486,164,422.522336728158,445427.8679,4875028.4198
487,165,0,445842.0938,4874524.5156
488,165,164.699365334326,445700.330345866,4874602.53749579
489,165,329.398730668651,445576.0962,4874701.6339
490,166,0,467397.8125,4874492.9688
491,166,293.093431690605,467380.441486399,4874775.61699247
492,166,586.18686338121,467266.7812,4875028.1719
493,167,0,446037.1875,4874492.4062
494,167,120.444241501706,445951.819259271,4874548.12156523
495,167,240.888483003412,445842.0938,4874524.5156
496,168,0,446108.0625,4874470.0469
497,168,37.1591305113334,446072.625,4874481.22655
498,168,74.3182610226667,446037.1875,4874492.4062
499,169,0,446111.6875,4874328.8282
500,169,89.8721481938608,446074.4375,4874410.6172
501,169,179.744296387722,446037.1875,4874492.4062
502,170,0,445698.7813,4873965.8594
503,170,309.473994107526,445804.770449882,4874237.69490429
504,170,618.947988215052,445842.0938,4874524.5156
505,171,0,446106.6563,4873896.0625
506,171,239.460390549031,445899.036264225,4873885.42579726
507,171,478.920781098062,445698.7813,4873965.8594
508,172,0,445531.125,4873709.9062
509,172,157.737186957364,445616.506162926,4873842.53755816
510,172,315.474373914728,445698.7813,4873965.8594
511,173,0,452945.3701,4873611.6305
512,173,148.830653493502,452802.933933614,4873635.90902452
513,173,297.661306987005,452654.6589,4873647.7904
514,174,0,464602.75,4873441.5625
515,174,228.28417399747,464742.421982051,4873622.13215838
516,174,456.56834799494,464846.75,4873818.8125
517,175,0,445600.1875,4873420.4375
518,175,148.796637382578,445565.65625,4873565.17185
519,175,297.593274765157,445531.125,4873709.9062
520,176,0,444739,4873274.1406
521,176,533.203221796885,445052.043991703,4873607.99210274
522,176,1066.40644359377,445531.125,4873709.9062
523,177,0,445831.4375,4873268.9375
524,177,138.228807145978,445715.8125,4873344.6875
525,177,276.457614291956,445600.1875,4873420.4375
526,178,0,463010.1562,4873829.3438
527,178,551.838999229835,462544.340703425,4873622.65074325
528,178,1103.67799845967,462674.7072,4873149.8399
529,179,0,446530.2812,4873123.8125
530,179,365.079601549946,446166.410725685,4873153.50077024
531,179,730.159203099891,445831.4375,4873268.9375
532,180,0,467288.25,4873237.8282
533,180,70.2884037628992,467282.10815,4873167.80865
534,180,140.576807525798,467275.9663,4873097.7891
535,181,0,445528.3437,4872970.8282
536,181,236.691172979536,445625.778005286,4873186.53463829
537,181,473.382345959071,445600.1875,4873420.4375
538,182,0,445252.9375,4872967.8437
539,182,137.711185310724,445390.6406,4872969.33595
540,182,275.422370621448,445528.3437,4872970.8282
541,183,0,445693.5625,4872965.7657
542,183,170.716849033218,445792.166858554,4873102.7988252
543,183,341.433698066437,445831.4375,4873268.9375
544,184,0,445655,4872964.7344
545,184,19.2881439357051,445674.28125,4872965.25005
546,184,38.5762878714101,445693.5625,4872965.7657
547,185,0,445252.7188,4872920.7656
548,185,23.5393039896053,445252.82815,4872944.30465
549,185,47.0786079792106,445252.9375,4872967.8437
550,186,0,444857.9375,4872917.75
551,186,291.405008202591,445032.940922962,4873096.76669567
552,186,582.810016405182,445252.9375,4872967.8437
553,187,0,445522.5625,4872912.1718
554,187,29.4703051149027,445525.4531,4872941.5
555,187,58.9406102298053,445528.3437,4872970.8282
556,188,0,445690.2187,4872905.2656
557,188,30.2962171666236,445691.8906,4872935.51565
558,188,60.5924343332472,445693.5625,4872965.7657
559,189,0,467013.2188,4872093.125
560,189,56.3175545006537,467067.8438,4872079.42185
561,189,112.635109001307,467122.4688,4872065.7187
562,190,0,467414.7034,4872228.2134
563,190,155.970247180536,467281.526459128,4872173.89735362
564,190,311.940494361072,467247.9063,4872021.5937
565,191,0,467122.4688,4872065.7187
566,191,66.496243623915,467185.560217327,4872044.71337982
567,191,132.99248724783,467247.9063,4872021.5937
568,192,0,467064.379,4871916.4912
569,192,80.0675833593804,467093.4239,4871991.10495
570,192,160.135166718761,467122.4688,4872065.7187
571,193,0,467064.379,4871916.4912
572,193,123.485839237044,466945.59575,4871882.7378
573,193,246.971678474088,466826.8125,4871848.9844
574,194,0,467063.2813,4872208.2031
575,194,245.934339863456,466860.961361647,4872079.5494619
576,194,491.868679726912,466826.8125,4871848.9844
577,195,0,467247.9063,4872021.5937
578,195,133.64495430271,467286.031785227,4871910.7359476
579,195,267.28990860542,467410.4151,4871878.0987
580,196,0,464613.6875,4872301.2812
581,196,328.457939496829,464357.321507516,4872127.78270111
582,196,656.915878993657,464332.1875,4871818.3438
583,197,0,464201.5938,4871893.0156
584,197,83.0840689606152,464283.469316328,4871878.89602702
585,197,166.16813792123,464332.1875,4871818.3438
586,198,0,466826.8125,4871848.9844
587,198,170.870505089216,466716.283062296,4871718.67717491
588,198,341.741010178432,466551.4687,4871688.3437
589,199,0,466437.2187,4872022.625
590,199,176.973167802186,466499.61962229,4871857.55119174
591,199,353.946335604371,466551.4687,4871688.3437
592,200,0,466205,4872134.9843
593,200,464.025465006437,466043.418244801,4871892.04237877
594,200,928.050930012875,465893.375,4871466.2031
595,201,0,466551.4687,4871688.3437
596,201,207.881500451794,466361.633308381,4871628.27038291
597,201,415.763000903589,466248.8067,4871453.6712
598,202,0,466248.8067,4871453.6712
599,202,178.702360973166,466071.690497356,4871476.88879527
600,202,357.404721946333,465893.375,4871466.2031
601,203,0,465893.375,4871466.2031
602,203,110.195676035747,465783.716282499,4871455.36181017
603,203,220.391352071494,465673.875,4871446.5312
604,204,0,465673.875,4871446.5312
605,204,94.8372885834232,465579.1875,4871441.2031
606,204,189.674577166846,465484.5,4871435.875
607,205,0,465386.2813,4872313.6719
608,205,495.011340628207,465391.608093937,4871855.99759626
609,205,990.022681256414,465484.5,4871435.875
610,206,0,465187.6562,4872026.5469
611,206,349.601546050445,465089.370025599,4871711.41660882
612,206,699.203092100889,465119.9063,4871419.75
613,207,0,465484.5,4871435.875
614,207,182.494865628527,465302.247645841,4871426.5536827
615,207,364.989731257055,465119.9063,4871419.75
616,208,0,465119.9063,4871419.75
617,208,45.4782498097575,465074.42985,4871419.3454
618,208,90.9564996195151,465028.9534,4871418.9408
619,209,0,466697.9756,4871391.9159
620,209,227.038134825168,466472.968594978,4871417.80571309
621,209,454.076269650336,466248.8067,4871453.6712
622,210,0,464030.6875,4871611.2969
623,210,141.779921633391,464035.558696052,4871484.33950043
624,210,283.559843266782,463995.6875,4871348.2813
625,211,0,463791.6562,4871388.0781
626,211,104.656302678246,463896.006147177,4871380.07621182
627,211,209.312605356492,463995.6875,4871348.2813
628,212,0,467390.3501,4871390.0787
629,212,346.188914655248,467044.163325708,4871391.26779135
630,212,692.377829310495,466697.9756,4871391.9159
631,213,0,464332.1875,4871818.3438
632,213,316.98441768177,464472.884167137,4871549.74878466
633,213,633.96883536354,464613.1105,4871314.2515
634,214,0,463995.6875,4871348.2813
635,214,39.9364305940596,464025.0198,4871321.179
636,214,79.8728611881192,464054.3521,4871294.0767
637,215,0,465072.3195,4871143.7044
638,215,157.514106246499,465085.109177891,4871272.69957669
639,215,315.028212492999,465028.9534,4871418.9408
640,216,0,466805.9375,4871060.2969
641,216,176.040333888046,466767.664976795,4871230.25703103
642,216,352.080667776092,466697.9756,4871391.9159
643,217,0,465987.5,4871070.5156
644,217,115.9195851619,465872.21875,4871058.3672
645,217,231.839170323801,465756.9375,4871046.2188
646,218,0,465756.9375,4871046.2188
647,218,204.419628174134,465715.568799155,4871246.40874723
648,218,408.839256348268,465673.875,4871446.5312
649,219,0,464996.5071,4870994.1533
650,219,102.522666348557,464992.917909574,4871094.27333565
651,219,205.045332697114,465072.3195,4871143.7044
652,220,0,464389.4062,4871029.5625
653,220,67.689314862628,464332.567693922,4870992.8034525
654,220,135.378629725256,464267.3125,4870975.125
655,221,0,464267.3125,4870975.125
656,221,179.2438766307,464098.455728508,4871017.47194239
657,221,358.487753261401,463983.6875,4871154.9219
658,222,0,464287.9687,4870895.2188
659,222,41.2664494376129,464277.6406,4870935.1719
660,222,82.5328988752258,464267.3125,4870975.125
661,223,0,467374.8437,4870873.5312
662,223,14.92285220897,467389.7431,4870874.3675
663,223,29.8457044179401,467404.6425,4870875.2038
664,224,0,465172.4375,4870866.2656
665,224,111.711084621098,465088.786996427,4870935.81726693
666,224,223.422169242196,464996.5071,4870994.1533
667,225,0,466685.0313,4870853.75
668,225,121.599174765689,466756.250382237,4870949.31244329
669,225,243.198349531377,466805.9375,4871060.2969
670,226,0,464988.125,4870837.7812
671,226,43.0932836405544,464945.07815,4870835.78125
672,226,86.1865672811087,464902.0313,4870833.7813
673,227,0,464902.0313,4870833.7813
674,227,126.042191636166,464884.364758194,4870936.61436321
675,227,252.084383272331,464996.5071,4870994.1533
676,228,0,465172.4375,4870866.2656
677,228,43.6525669135822,465208.252823857,4870841.52550009
678,228,87.3051338271645,465235.875,4870814.625
679,229,0,466998.6875,4870984.125
680,229,130.445101568246,467075.688847922,4870900.7714049
681,229,260.890203136491,467071.5937,4870770.3906
682,230,0,467071.5937,4870770.3906
683,230,204.054826991203,466905.188492813,4870882.00609024
684,230,408.109653982406,466805.9375,4871060.2969
685,231,0,466352.875,4870765.9687
686,231,195.0948392728,466502.106168922,4870837.20948734
687,231,390.1896785456,466685.0313,4870853.75
688,232,0,466663.8125,4870758.3594
689,232,48.8610377543183,466674.4219,4870806.0547
690,232,97.7220755086365,466685.0313,4870853.75
691,233,0,466823.2813,4870693.375
692,233,86.1006248769832,466743.5469,4870725.8672
693,233,172.201249753966,466663.8125,4870758.3594
694,234,0,467135.5938,4870692.4687
695,234,50.4178423270577,467103.59375,4870731.42965
696,234,100.835684654115,467071.5937,4870770.3906
697,235,0,467050.0625,4870686.625
698,235,42.865347628812,467092.82815,4870689.54685
699,235,85.7306952576239,467135.5938,4870692.4687
700,236,0,467021.5937,4870720.9062
701,236,22.2804468470514,467035.8281,4870703.7656
702,236,44.5608936941028,467050.0625,4870686.625
703,237,0,467378.25,4870686.5468
704,237,12.6544737643374,467390.904,4870686.6563
705,237,25.3089475286747,467403.558,4870686.7658
706,238,0,466024.6875,4870665.25
707,238,303.360099319883,465750.899688029,4870780.21001345
708,238,606.720198639765,465756.9375,4871046.2188
709,239,0,466016.8438,4870769.8906
710,239,74.667926731472,466068.00005,4870715.5
711,239,149.335853462944,466119.1563,4870661.1094
712,240,0,466119.1563,4870661.1094
713,240,47.2797492108948,466071.9219,4870663.1797
714,240,94.5594984217897,466024.6875,4870665.25
715,241,0,466946.1563,4870653.7343
716,241,59.0372539638906,467004.108304899,4870649.56276439
717,241,118.074507927781,467050.0625,4870686.625
718,242,0,464238.625,4870620.3125
719,242,139.732954512548,464259.384534378,4870758.49477205
720,242,279.465909025097,464287.9687,4870895.2188
721,243,0,465805.6875,4870589.3594
722,243,340.347593650633,465536.650593406,4870769.02960057
723,243,680.695187301265,465235.875,4870814.625
724,244,0,465177.1875,4870557.0781
725,244,170.212945976591,465120.093836904,4870704.30082632
726,244,340.425891953183,465172.4375,4870866.2656
727,245,0,464187.2812,4870514.6719
728,245,65.115949818323,464224.023046748,4870556.85487727
729,245,130.231899636646,464238.625,4870620.3125
730,246,0,465491.841,4870345.2653
731,246,303.966369755136,465384.330853931,4870603.1679041
732,246,607.932739510272,465235.875,4870814.625
733,247,0,464577.2188,4870494.1562
734,247,292.506013130427,464501.417401361,4870695.22025099
735,247,585.012026260853,464287.9687,4870895.2188
736,248,0,466227.5938,4870478.2657
737,248,137.96203737475,466126.14065,4870571.75785
738,248,275.924074749499,466024.6875,4870665.25
739,249,0,467099.2813,4870477.1407
740,249,113.27169388506,467097.739524519,4870585.70948277
741,249,226.54338777012,467135.5938,4870692.4687
742,250,0,459563.0632,4870462.9883
743,250,811.958464545789,459289.503884151,4871159.95294021
744,250,1623.91692909158,458863.888,4871531.6423
745,251,0,464478.5938,4870451.9844
746,251,157.585977673905,464343.591770442,4870516.73855137
747,251,315.171955347809,464238.625,4870620.3125
748,252,0,462276.993,4870434.7469
749,252,131.295973448716,462201.451863895,4870529.07559912
750,252,262.591946897433,462103.9469,4870612.1503
751,253,0,466979.4375,4870465.4062
752,253,74.641871898793,467044.587678259,4870428.98006497
753,253,149.283743797586,467099.2813,4870477.1407
754,254,0,464592,4870449.8281
755,254,38.102922065278,464555.71875,4870438.1875
756,254,76.205844130556,464519.4375,4870426.5469
757,255,0,464519.4375,4870426.5469
758,255,24.0586483200269,464499.01565,4870439.26565
759,255,48.1172966400539,464478.5938,4870451.9844
760,256,0,459918.1772,4870436.6573
761,256,182.584344262609,459735.603231767,4870438.60380801
762,256,365.168688525217,459563.0632,4870462.9883
763,257,0,459498.6563,4870418.1563
764,257,53.7679388865643,459509.341339217,4870460.76278294
765,257,107.535877773129,459563.0632,4870462.9883
766,258,0,462178.0625,4870404.9375
767,258,51.6619883438202,462227.52775,4870419.8422
768,258,103.32397668764,462276.993,4870434.7469
769,259,0,464558.1875,4870388.9375
770,259,27.0001364273953,464538.8125,4870407.7422
771,259,54.0002728547906,464519.4375,4870426.5469
772,260,0,467138.875,4870348.5
773,260,67.298014042084,467119.07815,4870412.82035
774,260,134.596028084168,467099.2813,4870477.1407
775,261,0,466369.375,4870337.9843
776,261,214.505209309558,466274.281546296,4870512.95865656
777,261,429.010418619116,466119.1563,4870661.1094
778,262,0,464972.625,4870119.8438
779,262,451.091884617703,465010.236191615,4870493.75587724
780,262,902.183769235406,464902.0313,4870833.7813
781,263,0,464180.5937,4870137.3438
782,263,361.933126216124,464438.176370899,4870121.7351124
783,263,723.866252432249,464478.5938,4870451.9844
784,264,0,466037.3681,4870039.1064
785,264,326.469681216221,465780.524906649,4870232.62759416
786,264,652.939362432442,465491.841,4870345.2653
787,265,0,460210.1037,4869824.8505
788,265,338.942709733776,460064.14045,4870130.7539
789,265,677.885419467551,459918.1772,4870436.6573
790,266,0,466066.547,4869940.4925
791,266,47.2163512572599,466056.28235,4869986.5796
792,266,94.4327025145198,466046.0177,4870032.6667
793,267,0,466590.1563,4870057.7343
794,267,83.6228769535824,466544.96295,4869987.3756
795,267,167.245753907165,466499.7696,4869917.0169
796,268,0,466499.7696,4869917.0169
797,268,244.978117929021,466271.007835834,4869981.89710121
798,268,489.956235858041,466037.3681,4870039.1064
799,269,0,465423.0435,4869873.5554
800,269,239.749737061764,465448.295024539,4870111.82083289
801,269,479.499474123528,465491.841,4870345.2653
802,270,0,466633.5131,4869847.5402
803,270,76.4472280220399,466571.909380442,4869891.71807097
804,270,152.89445604408,466499.7696,4869917.0169
805,271,0,463459.9688,4869826.3281
806,271,29.2818894740817,463458.0469,4869797.10935
807,271,58.5637789481634,463456.125,4869767.8906
808,272,0,463456.125,4869767.8906
809,272,0.0568947495101209,463456.10935,4869767.8359
810,272,0.113789499020242,463456.0937,4869767.7812
811,273,0,463456.125,4869767.8906
812,273,0.0568947495101209,463456.10935,4869767.8359
813,273,0.113789499020242,463456.0937,4869767.7812
814,274,0,463717.4688,4870006.9531
815,274,125.82440861195,463761.995592755,4869890.7382179
816,274,251.6488172239,463767.7813,4869765.0469
817,275,0,463767.7813,4869765.0469
818,275,155.834636682063,463611.95315,4869766.46875
819,275,311.669273364126,463456.125,4869767.8906
820,276,0,459634.625,4869722.0625
821,276,363.393518605316,459596.351276668,4870078.84996346
822,276,726.787037210633,459584.1652,4870442.0391
823,277,0,465407.1001,4869718.1712
824,277,78.1007943664738,465415.220785769,4869795.84736166
825,277,156.201588732948,465423.0435,4869873.5554
826,278,0,465009.75,4869635.7813
827,278,675.401714551673,464417.247505147,4869714.11023695
828,278,1350.80342910335,463767.7813,4869765.0469
829,279,0,462840.9375,4869606.875
830,279,555.965955328045,462711.242895964,4870122.80341444
831,279,1111.93191065609,462276.993,4870434.7469
832,280,0,463456.0937,4869767.7812
833,280,299.626136411993,463172.29864678,4869825.99336662
834,280,599.252272823987,463008.6562,4869604
835,281,0,463008.6562,4869604
836,281,84.0604996394654,462924.595791419,4869604.12372855
837,281,168.120999278931,462840.9375,4869606.875
838,282,0,462756.0313,4869601.625
839,282,42.5341783112547,462798.4844,4869604.25
840,282,85.0683566225093,462840.9375,4869606.875
841,283,0,462562.5938,4869600.8438
842,283,96.7195387185142,462659.31255,4869601.2344
843,283,193.439077437028,462756.0313,4869601.625
844,284,0,462182.6562,4869810.4844
845,284,234.973572092337,462378.853653527,4869716.34489999
846,284,469.947144184673,462562.5938,4869600.8438
847,285,0,460314.9952,4869611.3431
848,285,122.973430254552,460277.710594337,4869722.57858731
849,285,245.946860509104,460210.1037,4869824.8505
850,286,0,467231.9375,4869553.4219
851,286,186.367154937798,467130.324566768,4869709.65098897
852,286,372.734309875596,466949.0739,4869749.8936
853,287,0,465772.5937,4869547.5156
854,287,256.813012744497,465626.884123956,4869758.68487367
855,287,513.626025488995,465423.0435,4869873.5554
856,288,0,461001,4869558.9688
857,288,326.452485284685,460679.255341122,4869589.81193525
858,288,652.904970569371,460366.6621,4869534.5068
859,289,0,460361.848,4869577.1683
860,289,29.4264585210676,460338.853655747,4869594.81700425
861,289,58.8529170421352,460314.9952,4869611.3431
862,290,0,465794.875,4869534.75
863,290,12.8395567781311,465783.73435,4869541.1328
864,290,25.6791135562622,465772.5937,4869547.5156
865,291,0,467391.4691,4869530.2547
866,291,105.197121241244,467314.37209236,4869601.82624274
867,291,210.394242482488,467231.9375,4869553.4219
868,292,0,462270.9062,4869419.2344
869,292,208.875333618459,462389.099490614,4869555.53668094
870,292,417.750667236917,462562.5938,4869600.8438
871,293,0,465066.6865,4869255.9731
872,293,327.091150220162,465245.277203658,4869464.11842898
873,293,654.182300440325,465407.1469,4869718.7785
874,294,0,464984.4845,4869247.2577
875,294,41.3313652117764,465025.5855,4869251.6154
876,294,82.6627304235528,465066.6865,4869255.9731
877,295,0,466186.5938,4869386.5469
878,295,367.361298434511,465878.173531747,4869248.68902853
879,295,734.722596869022,465772.5937,4869547.5156
880,296,0,460368.23,4869230.7227
881,296,173.71259374457,460367.333498417,4869404.43298038
882,296,347.42518748914,460361.848,4869577.1683
883,297,0,462753.1563,4869179.0156
884,297,211.309589579909,462754.5938,4869390.3203
885,297,422.619179159817,462756.0313,4869601.625
886,298,0,460620.8438,4869176.0938
887,298,156.369536597554,460524.569030526,4869236.58922441
888,298,312.739073195109,460368.1995,4869236.6328
889,299,0,467390.5072,4869340.7903
890,299,132.62404295281,467311.22235,4869447.1061
891,299,265.248085905621,467231.9375,4869553.4219
892,300,0,459330,4869610.2969
893,300,787.837833903864,459700.371411843,4869298.73876577
894,300,1575.67566780773,460321.2824,4869604.2325
895,301,0,465862.4688,4869151.375
896,301,426.976516527771,465529.868749598,4869379.68381039
897,301,853.953033055542,465407.1001,4869718.1712
898,302,0,466492.125,4869079.1875
899,302,363.287430752296,466680.804370236,4869389.63532587
900,302,726.574861504592,466643.825,4869718.7887
901,303,0,466220.3438,4868965.5
902,303,194.77421661559,466353.827584104,4869050.70659879
903,303,389.54843323118,466492.125,4869079.1875
904,304,0,466120.2187,4869165.2344
905,304,111.712651693424,466170.28125,4869065.3672
906,304,223.425303386848,466220.3438,4868965.5
907,305,0,466144.0313,4868963.7032
908,305,38.1668250791579,466182.18755,4868964.6016
909,305,76.3336501583157,466220.3438,4868965.5
910,306,0,466579.9375,4868926.1875
911,306,88.2043581069694,466536.03125,4869002.6875
912,306,176.408716213939,466492.125,4869079.1875
913,307,0,465185.7824,4868919.3258
914,307,180.249314944699,465119.374605273,4869083.59624801
915,307,360.498629889398,465066.6865,4869255.9731
916,308,0,465637.6793,4868908.3351
917,308,226.968189781836,465410.713746479,4868907.29405535
918,308,453.936379563671,465185.7466,4868919.3264
919,309,0,465755.0296,4868905.3792
920,309,58.6937608586167,465696.35445,4868906.85715
921,309,117.387521717233,465637.6793,4868908.3351
922,310,0,465081.875,4868857.6875
923,310,60.4070107719322,465133.8287,4868888.50665
924,310,120.814021543864,465185.7824,4868919.3258
925,311,0,465518.3125,4868768.25
926,311,94.3833574097344,465586.428953048,4868833.58274049
927,311,188.766714819469,465637.6793,4868908.3351
928,312,0,464169.5625,4868895.8437
929,312,158.033537852039,464316.318432536,4868854.02449045
930,312,316.067075704078,464448.9375,4868768.0781
931,313,0,464940.5938,4868767.0781
932,313,83.9202610248275,465011.2344,4868812.3828
933,313,167.840522049655,465081.875,4868857.6875
934,314,0,464799.5937,4868763.1875
935,314,70.5268831161544,464870.09375,4868765.1328
936,314,141.053766232309,464940.5938,4868767.0781
937,315,0,464448.9375,4868768.0781
938,315,257.923863518583,464631.059803257,4868950.7148598
939,315,515.847727037165,464799.5937,4868763.1875
940,316,0,465086.8125,4868758.625
941,316,49.5927358907028,465084.34375,4868808.15625
942,316,99.1854717814056,465081.875,4868857.6875
943,317,0,464913.9688,4868750.0157
944,317,15.8115157303609,464927.2813,4868758.5469
945,317,31.6230314607217,464940.5938,4868767.0781
946,318,0,464768.1562,4868749.2969
947,318,17.1847692346904,464783.87495,4868756.2422
948,318,34.3695384693807,464799.5937,4868763.1875
949,319,0,464425.7812,4868743
950,319,17.066966113481,464437.35935,4868755.53905
951,319,34.1339322269621,464448.9375,4868768.0781
952,320,0,466038.125,4868670.6719
953,320,188.928436194642,465903.009612291,4868802.7241094
954,320,377.856872389284,465755.0296,4868905.3792
955,321,0,465796.2187,4868630.7657
956,321,136.164021418621,465798.2812,4868766.9141
957,321,272.328042837242,465800.3437,4868903.0625
958,322,0,465761.75,4868618.1719
959,322,18.3486721461681,465778.98435,4868624.4688
960,322,36.6973442923362,465796.2187,4868630.7657
961,323,0,466179.75,4868546.2813
962,323,94.2478938667262,466108.9375,4868608.4766
963,323,188.495787733452,466038.125,4868670.6719
964,324,0,463659.7187,4868370.1875
965,324,757.119932757477,463383.757074724,4869029.75490024
966,324,1514.23986551495,463008.6562,4869604
967,325,0,465987.0312,4868346.9844
968,325,163.847622850227,466012.5781,4868508.82815
969,325,327.695245700455,466038.125,4868670.6719
970,326,0,465877.5313,4868334.3906
971,326,164.688606182782,465806.709930626,4868470.98147963
972,326,329.377212365565,465796.2187,4868630.7657
973,327,0,459693.375,4868450.3906
974,327,696.49826145817,460149.431426508,4868610.77226938
975,327,1392.99652291634,460368.23,4869230.7227
976,328,0,463364.1875,4868156.2812
977,328,202.381640537192,463547.665460171,4868241.68709299
978,328,404.763281074383,463659.7187,4868370.1875
979,329,0,463787.0625,4868060.4687
980,329,188.091647673371,463786.454476542,4868248.55936492
981,329,376.183295346741,463659.7187,4868370.1875
982,330,0,464191.5625,4868010.8907
983,330,204.161822832364,463990.811203608,4868048.05206299
984,330,408.323645664728,463787.0625,4868060.4687
985,331,0,461638.2589,4868406.7646
986,331,372.798167748949,461426.034850357,4868117.51145581
987,331,745.596335497899,461090.0528,4868006.2697
988,332,0,461245.4294,4868804.6555
989,332,456.171664659038,460982.107565132,4868433.77121318
990,332,912.343329318075,461090.0528,4868006.2697
991,333,0,463785.3437,4867937.75
992,333,61.365368089261,463786.2031,4867999.10935
993,333,122.730736178522,463787.0625,4868060.4687
994,334,0,463746.3438,4867939.3125
995,334,19.515593805168,463765.84375,4867938.53125
996,334,39.031187610336,463785.3437,4867937.75
997,335,0,461090.0528,4868006.2697
998,335,216.01313296452,460946.821200053,4867865.24843543
999,335,432.026265929041,460732.5737,4867837.6861
1000,336,0,464968.0625,4867832.5313
1001,336,163.962150701859,465131.507275936,4867828.82492491
1002,336,327.924301403718,465279.8437,4867758.9687
1003,337,0,460732.5737,4867837.6861
1004,337,565.818995446913,460276.221958484,4867991.5176687
1005,337,1131.63799089383,459874.9983,4867612.9042
1006,338,0,459807.1219,4867821.6032
1007,338,115.676760012171,459837.925504889,4867720.78538695
1008,338,231.353520024342,459874.9983,4867612.9042
1009,339,0,464012.0313,4867599.3437
1010,339,110.127049390338,463901.9063,4867598.67185
1011,339,220.254098780676,463791.7813,4867598
1012,340,0,463791.7813,4867598
1013,340,169.905492255075,463788.5625,4867767.875
1014,340,339.810984510151,463785.3437,4867937.75
1015,341,0,463789.4375,4867551.0156
1016,341,23.5214117446178,463790.6094,4867574.5078
1017,341,47.0428234892355,463791.7813,4867598
1018,342,0,464189.5313,4867547.9844
1019,342,112.734424168665,464124.764915587,4867599.77067691
1020,342,225.468848337329,464012.0313,4867599.3437
1021,343,0,464011.1875,4867538.8906
1022,343,30.2294942812425,464011.6094,4867569.11715
1023,343,60.458988562485,464012.0313,4867599.3437
1024,344,0,461769.6414,4867604.1576
1025,344,715.324230229525,461099.553358936,4867400.44764137
1026,344,1430.64846045905,460732.5737,4867837.6861
1027,345,0,465279.8437,4867758.9687
1028,345,1040.7541184465,466166.439824938,4867625.08828582
1029,345,2081.50823689299,466415.0625,4866697.3125
1030,346,0,459874.9983,4867612.9042
1031,346,630.643779780937,459740.984293473,4867053.49074115
1032,346,1261.28755956187,459907.5533,4866484.966
1033,347,0,459907.5533,4866484.966
1034,347,107.851798229884,459917.57045,4866377.5804
1035,347,215.703596459769,459927.5876,4866270.1948
1036,348,0,441498.6562,4864646.5625
1037,348,350.992080283585,441787.429081768,4864844.60981836
1038,348,701.98416056717,442031.875,4865032.0157
1039,349,0,441410.5625,4864593.4063
1040,349,51.444342687158,441454.60935,4864619.9844
1041,349,102.888685374316,441498.6562,4864646.5625
1042,350,0,441205.4375,4865333.5156
1043,350,449.921073877129,441159.368283879,4864937.68193883
1044,350,899.842147754259,441410.5625,4864593.4063
1045,351,0,441489.9062,4864586.2188
1046,351,30.4873934175581,441494.2812,4864616.39065
1047,351,60.9747868351161,441498.6562,4864646.5625
1048,352,0,441615.625,4864483.0938
1049,352,81.3018792808915,441552.7656,4864534.6563
1050,352,162.603758561783,441489.9062,4864586.2188
1051,353,0,459316.8632,4864394.4441
1052,353,407.268293405977,458909.59960841,4864395.10986428
1053,353,814.536586811954,458576.6521,4864547.8099
1054,354,0,440975.8437,4864081.375
1055,354,375.502450920575,441255.106223379,4864266.95335876
1056,354,751.004901841149,441410.5625,4864593.4063
1057,355,0,440754.6562,4864085.6094
1058,355,110.614013917331,440865.24995,4864083.4922
1059,355,221.228027834661,440975.8437,4864081.375
1060,356,0,441603.9375,4864069.1093
1061,356,287.494702959311,441454.358027609,4864314.62749824
1062,356,574.989405918623,441489.9062,4864586.2188
1063,357,0,459769.375,4864008.0156
1064,357,60.5965707043512,459756.5625,4863948.78905
1065,357,121.193141408702,459743.75,4863889.5625
1066,358,0,459743.75,4863889.5625
1067,358,453.469480009948,459572.201028842,4864194.07742403
1068,358,906.938960019896,459316.8632,4864394.4441
1069,359,0,442408.875,4863942.6562
1070,359,85.0514301501814,442341.2656,4863891.0547
1071,359,170.102860300363,442273.6562,4863839.4532
1072,360,0,442337.7188,4864103.6563
1073,360,135.929480585623,442305.6875,4863971.55475
1074,360,271.858961171246,442273.6562,4863839.4532
1075,361,0,440860.2187,4863802.5781
1076,361,154.002750048689,440932.56907985,4863933.5773198
1077,361,308.005500097379,440975.8437,4864081.375
1078,362,0,442273.6562,4863839.4532
1079,362,119.874324316483,442173.4687,4863773.63285
1080,362,239.748648632967,442073.2812,4863707.8125
1081,363,0,442073.2812,4863707.8125
1082,363,414.303693560363,441936.342686352,4864016.95561893
1083,363,828.607387120725,441603.9375,4864069.1093
1084,364,0,441460.9062,4863705.7813
1085,364,197.266629020007,441555.95672773,4863877.7667579
1086,364,394.533258040013,441603.9375,4864069.1093
1087,365,0,461049.2667,4863588.3002
1088,365,815.185046877953,461296.725329249,4864333.21896514
1089,365,1630.37009375591,461003.6591,4865022.3949
1090,366,0,460330,4863497
1091,366,60.9391414846287,460294.04685,4863447.79685
1092,366,121.878282969257,460258.0937,4863398.5937
1093,367,0,460258.0937,4863398.5937
1094,367,46.4344201525137,460211.68745,4863396.9765
1095,367,92.8688403050274,460165.2812,4863395.3593
1096,368,0,461657.2188,4863337.6719
1097,368,366.536820295267,461369.148673298,4863485.48535421
1098,368,733.073640590535,461049.2667,4863588.3002
1099,369,0,460165.2812,4863395.3593
1100,369,134.591580080735,460049.321536106,4863344.12244306
1101,369,269.18316016147,459914.9687,4863336.1094
1102,370,0,459914.9687,4863336.1094
1103,370,339.156485328865,459899.634801835,4863674.91907092
1104,370,678.312970657731,459743.75,4863889.5625
1105,371,0,458166.8125,4863337.4375
1106,371,115.032076858806,458052.218605862,4863327.40664098
1107,371,230.064153717612,457939.4687,4863339.8594
1108,372,0,461774.6875,4863251.1406
1109,372,73.6158686359549,461712.223980605,4863290.09704824
1110,372,147.23173727191,461657.2188,4863337.6719
1111,373,0,459626.75,4863220.125
1112,373,156.231234386969,459767.9935901,4863286.89660215
1113,373,312.462468773937,459914.9687,4863336.1094
1114,374,0,461890.0938,4863179.3281
1115,374,67.96258021132,461832.39065,4863215.23435
1116,374,135.92516042264,461774.6875,4863251.1406
1117,375,0,462145.5938,4863174.9531
1118,375,127.768727223253,462017.8438,4863177.1406
1119,375,255.537454446506,461890.0938,4863179.3281
1120,376,0,459655,4863171.8907
1121,376,27.9491064103453,459640.875,4863196.00785
1122,376,55.8982128206905,459626.75,4863220.125
1123,377,0,460324.8437,4863155.7344
1124,377,125.932722212967,460291.4687,4863277.16405
1125,377,251.865444425934,460258.0937,4863398.5937
1126,378,0,460165.5312,4863152.2812
1127,378,121.539114280455,460165.4062,4863273.82025
1128,378,243.07822856091,460165.2812,4863395.3593
1129,379,0,461775.8125,4863145.4843
1130,379,52.8311445893311,461775.25,4863198.31245
1131,379,105.662289178662,461774.6875,4863251.1406
1132,380,0,461657.3438,4863141.0312
1133,380,98.3203698655438,461657.2813,4863239.35155
1134,380,196.640739731088,461657.2188,4863337.6719
1135,381,0,442312.3437,4863129.1719
1136,381,376.329262532159,442258.582903167,4863491.67732126
1137,381,752.658525064317,442073.2812,4863707.8125
1138,382,0,462547,4863100.4531
1139,382,71.9707107309981,462475.03125,4863100.98435
1140,382,143.941421461996,462403.0625,4863101.5156
1141,383,0,441994.5625,4863084.625
1142,383,160.444162696202,442153.4531,4863106.89845
1143,383,320.888325392405,442312.3437,4863129.1719
1144,384,0,459307.75,4863065.2032
1145,384,177.314525713084,459467.25,4863142.6641
1146,384,354.629051426168,459626.75,4863220.125
1147,385,0,459309,4863182.9688
1148,385,58.8861168776203,459308.375,4863124.086
1149,385,117.772233755241,459307.75,4863065.2032
1150,386,0,462143.3437,4863030.2812
1151,386,146.927269635211,462016.71875,4863104.80465
1152,386,293.854539270422,461890.0938,4863179.3281
1153,387,0,462403.0625,4863101.5156
1154,387,151.259183648595,462280.56872432,4863012.77656937
1155,387,302.51836729719,462143.3437,4863030.2812
1156,388,0,462531.0313,4862994.5937
1157,388,83.3791138012374,462467.0469,4863048.05465
1158,388,166.758227602475,462403.0625,4863101.5156
1159,389,0,439168.4375,4863354.75
1160,389,239.89832060917,439087.211091897,4863148.31359548
1161,389,479.796641218341,439118.5033,4862910.4649
1162,390,0,440001.2187,4863599.2813
1163,390,374.576551833698,439924.926475594,4863255.37731934
1164,390,749.153103667397,439980.875,4862906.2188
1165,391,0,439591.875,4863334.1407
1166,391,214.601636404368,439591.75,4863119.5391
1167,391,429.203272808737,439591.625,4862904.9375
1168,392,0,439118.5033,4862910.4649
1169,392,236.576993366677,439355.06415,4862907.7012
1170,392,473.153986733354,439591.625,4862904.9375
1171,393,0,439591.625,4862904.9375
1172,393,194.6260544157,439786.25,4862905.57815
1173,393,389.2521088314,439980.875,4862906.2188
1174,394,0,462139.9375,4862889.2969
1175,394,70.5127205626272,462141.6406,4862959.78905
1176,394,141.025441125254,462143.3437,4863030.2812
1177,395,0,442318.875,4862889.0312
1178,395,120.114751047476,442315.60935,4863009.10155
1179,395,240.229502094952,442312.3437,4863129.1719
1180,396,0,439980.875,4862906.2188
1181,396,180.03123234127,440160.899216235,4862904.6294016
1182,396,360.062464682539,440230.9637,4862787.0854
1183,397,0,462521.1875,4862762.1562
1184,397,116.322925303536,462526.1094,4862878.37495
1185,397,232.645850607073,462531.0313,4862994.5937
1186,398,0,460943.0556,4862628.5553
1187,398,501.529627545264,460949.801084091,4863130.03956271
1188,398,1003.05925509053,461049.2667,4863588.3002
1189,399,0,438937.3125,4862532.8438
1190,399,209.420510677214,439027.9079,4862721.65435
1191,399,418.841021354428,439118.5033,4862910.4649
1192,400,0,441648.0625,4862493.8125
1193,400,856.47503753303,441009.960815506,4862904.54837429
1194,400,1712.95007506606,440230.9637,4862787.0854
1195,401,0,442910.7813,4862422.9062
1196,401,108.411337365726,442807.1307,4862454.67995
1197,401,216.822674731452,442703.4801,4862486.4537
1198,402,0,443169.7187,4862502.4531
1199,402,168.032257870502,443078.81014069,4862421.83457437
1200,402,336.064515741004,442910.7813,4862422.9062
1201,403,0,462697.4375,4862381.7031
1202,403,333.549173385564,462697.959809032,4862715.25186444
1203,403,667.098346771127,462531.0313,4862994.5937
1204,404,0,462701,4862352.3125
1205,404,14.8028609953036,462699.21875,4862367.0078
1206,404,29.6057219906072,462697.4375,4862381.7031
1207,405,0,458670.375,4862348.25
1208,405,602.744466872834,458384.049824911,4862784.45704468
1209,405,1205.48893374567,458166.8125,4863337.4375
1210,406,0,462528.75,4862341.8437
1211,406,104.07585517283,462593.368605015,4862380.49946941
1212,406,208.151710345659,462697.4375,4862381.7031
1213,407,0,459296.375,4862287.2657
1214,407,449.449123001444,459186.150263104,4862698.88520362
1215,407,898.898246002888,459307.75,4863065.2032
1216,408,0,458947.9375,4862269.0625
1217,408,801.486738795538,458689.611143598,4862955.55382157
1218,408,1602.97347759108,458166.8125,4863337.4375
1219,409,0,459000.8125,4862262.4375
1220,409,26.6442125516968,458974.375,4862265.75
1221,409,53.2884251033937,458947.9375,4862269.0625
1222,410,0,442910.5,4862130.3593
1223,410,146.273517620636,442910.64065,4862276.63275
1224,410,292.547035241271,442910.7813,4862422.9062
1225,411,0,461229.75,4862025.9844
1226,411,358.881304933022,460976.441543286,4862277.33406821
1227,411,717.762609866045,460943.0556,4862628.5553
1228,412,0,442703.4801,4862486.4537
1229,412,806.94743737838,442094.504011035,4862275.46356987
1230,412,1613.89487475676,441452.4801,4861974.3586
1231,413,0,441431.3125,4862101.5781
1232,413,64.4842392952234,441441.8963,4862037.96835
1233,413,128.968478590447,441452.4801,4861974.3586
1234,414,0,461994.6875,4861973.7813
1235,414,399.444907243761,461595.295554688,4861967.27684437
1236,414,798.889814487522,461229.75,4862025.9844
1237,415,0,440230.9637,4862787.0854
1238,415,480.626579117936,440213.29392237,4862306.78373697
1239,415,961.253158235872,440041.0271,4861885.1212
1240,416,0,462002.1875,4861905.2031
1241,416,34.4935483656514,461998.4375,4861939.4922
1242,416,68.9870967313028,461994.6875,4861973.7813
1243,417,0,462370.0313,4861889.2656
1244,417,193.235912763668,462185.25623089,4861941.78635058
1245,417,386.471825527336,461994.6875,4861973.7813
1246,418,0,462370.0313,4861889.2656
1247,418,184.094449335543,462186.1094,4861897.23435
1248,418,368.188898671086,462002.1875,4861905.2031
1249,419,0,462547.5625,4861881.5625
1250,419,88.8491203151073,462458.7969,4861885.41405
1251,419,177.698240630215,462370.0313,4861889.2656
1252,420,0,441452.4801,4861974.3586
1253,420,116.08794710183,441346.423848367,4861927.15178956
1254,420,232.17589420366,441243.9405,4861874.0773
1255,421,0,441137.8438,4862092.1093
1256,421,121.23784761315,441190.89215,4861983.0933
1257,421,242.4756952263,441243.9405,4861874.0773
1258,422,0,462543.125,4861849.3125
1259,422,90.3181167823733,462453.096494302,4861856.53955894
1260,422,180.636233564747,462370.0313,4861889.2656
1261,423,0,440041.0271,4861885.1212
1262,423,165.779139107011,439876.91776448,4861866.30466538
1263,423,331.558278214022,439726.6777,4861800.4066
1264,424,0,441243.9405,4861874.0773
1265,424,104.616384607719,441177.438577784,4861793.47187114
1266,424,209.232769215437,441126.457,4861702.4779
1267,425,0,440331.0238,4861673.9386
1268,425,246.080687536628,440084.948377689,4861674.59454607
1269,425,492.161375073256,440041.0271,4861885.1212
1270,426,0,443219.25,4861646.7344
1271,426,286.888308580262,443064.875,4861888.54685
1272,426,573.776617160524,442910.5,4862130.3593
1273,427,0,441126.457,4861702.4779
1274,427,487.341819284724,440755.63663832,4861505.70119613
1275,427,974.683638569447,440331.0238,4861673.9386
1276,428,0,441588.0625,4861490.4844
1277,428,253.97877946399,441357.25975,4861596.48115
1278,428,507.957558927979,441126.457,4861702.4779
1279,429,0,438635.5938,4861741.1719
1280,429,172.856609247489,438634.32465,4861568.31995
1281,429,345.713218494978,438633.0555,4861395.468
1282,430,0,438868.6935,4861391.2761
1283,430,117.837641555804,438750.8745,4861393.37205
1284,430,235.675283111607,438633.0555,4861395.468
1285,431,0,439726.6777,4861800.4066
1286,431,409.673114563839,439461.400414893,4861539.69081533
1287,431,819.346229127679,439093.6181,4861386.319
1288,432,0,439093.6181,4861386.319
1289,432,112.489608992759,438981.1558,4861388.79755
1290,432,224.979217985518,438868.6935,4861391.2761
1291,433,0,461059.7187,4861396.25
1292,433,378.783834539789,460989.860449753,4861743.27612879
1293,433,757.567669079578,461229.75,4862025.9844
1294,434,0,438647.3125,4861032.9844
1295,434,230.969585781047,438825.50173677,4861179.93862912
1296,434,461.939171562094,438868.6935,4861391.2761
1297,435,0,459476.8125,4860976.0156
1298,435,852.656895333777,459077.597564289,4861547.84692377
1299,435,1705.31379066755,458947.9375,4862269.0625
1300,436,0,459788.5,4860927.25
1301,436,158.639569877192,459630.787863955,4860937.83051881
1302,436,317.279139754384,459476.8125,4860976.0156
1303,437,0,460186.8437,4861170.1718
1304,437,129.068253646476,460164.2656,4861043.0937
1305,437,258.136507292952,460141.6875,4860916.0156
1306,438,0,460141.6875,4860916.0156
1307,438,176.688068400849,459965.074304497,4860921.1588178
1308,438,353.376136801698,459788.5,4860927.25
1309,439,0,438648.1875,4860900.8906
1310,439,66.0483490021961,438647.75,4860966.9375
1311,439,132.096698004392,438647.3125,4861032.9844
1312,440,0,439026,4860900.4532
1313,440,248.534811725705,439086.9956604,4861137.87243445
1314,440,497.069623451409,439093.6181,4861386.319
1315,441,0,438517.875,4860895.1875
1316,441,126.570589176963,438521.249847646,4861021.71308812
1317,441,253.141178353926,438647.3125,4861032.9844
1318,442,0,440862.3812,4860882.3611
1319,442,564.213144346259,440390.865526071,4861135.87893191
1320,442,1128.42628869252,440331.0238,4861673.9386
1321,443,0,460291.125,4861524.8594
1322,443,430.920535467824,460346.002233775,4861109.12522773
1323,443,861.841070935648,460141.6875,4860916.0156
1324,444,0,443804.375,4860865.0156
1325,444,842.052706028964,443266.525740151,4861394.2088223
1326,444,1684.10541205793,442910.5,4862130.3593
1327,445,0,459770.75,4860806.7812
1328,445,60.8847153923789,459779.625,4860867.0156
1329,445,121.769430784758,459788.5,4860927.25
1330,446,0,459684.5937,4860797.0156
1331,446,43.3539933945741,459727.67185,4860801.8984
1332,446,86.7079867891482,459770.75,4860806.7812
1333,447,0,459456.4375,4860757.9218
1334,447,109.521740105557,459466.625,4860866.9687
1335,447,219.043480211114,459476.8125,4860976.0156
1336,448,0,461315.625,4860725.0625
1337,448,800.221249490092,461827.492348864,4861268.4834896
1338,448,1600.44249898018,462002.1875,4861905.2031
1339,449,0,442753.4687,4861046.5625
1340,449,573.756901138277,442212.388513143,4860915.7561851
1341,449,1147.51380227655,441729.75,4860714.7031
1342,450,0,459786.4375,4860711.2343
1343,450,51.2844050992682,459763.12726172,4860756.91496328
1344,450,102.568810198536,459770.75,4860806.7812
1345,451,0,441729.75,4860714.7031
1346,451,77.3880184518483,441652.40625,4860712.0859
1347,451,154.776036903697,441575.0625,4860709.4687
1348,452,0,441731.5313,4860891.7968
1349,452,127.058655645645,441638.240600331,4860805.53703342
1350,452,254.11731129129,441575.0625,4860709.4687
1351,453,0,441575.0625,4860709.4687
1352,453,18.3818347352436,441559.14295,4860700.2785
1353,453,36.7636694704873,441543.2234,4860691.0883
1354,454,0,441543.2234,4860691.0883
1355,454,386.545584366824,441248.904143168,4860878.17925478
1356,454,773.091168733647,440862.3812,4860882.3611
1357,455,0,447074.8639,4861051.2514
1358,455,369.096167224272,446776.225796583,4860837.39807307
1359,455,738.192334448543,446511.3981,4860581.2406
1360,456,0,445967.429,4860519.1426
1361,456,972.65621857691,445178.196663559,4860737.41496028
1362,456,1945.31243715382,445076.8563,4861617.0003
1363,457,0,446511.3981,4860581.2406
1364,457,278.28893773441,446244.853948751,4860527.62570586
1365,457,556.577875468819,445967.429,4860519.1426
1366,458,0,441934,4860453.5938
1367,458,165.752925348112,441831.875,4860584.14845
1368,458,331.505850696224,441729.75,4860714.7031
1369,459,0,460952.5,4860616.6406
1370,459,142.21631571064,460951.66255,4860474.42675
1371,459,284.43263142128,460950.8251,4860332.2129
1372,460,0,460950.8251,4860332.2129
1373,460,40.6493027435164,460950.53255,4860291.56465
1374,460,81.2986054870328,460950.24,4860250.9164
1375,461,0,440801.938,4860094.7451
1376,461,398.699107738827,440862.181979366,4860488.41817008
1377,461,797.398215477654,440862.3812,4860882.3611
1378,462,0,443178.125,4860231.5937
1379,462,757.044543774082,442468.082467716,4860088.24012885
1380,462,1514.08908754816,441934,4860453.5938
1381,463,0,460950.24,4860250.9164
1382,463,499.107536399247,460553.909099628,4860126.4631639
1383,463,998.215072798495,460178.9455,4860032.704
1384,464,0,463427.7278,4859848.4633
1385,464,600.585913379863,463640.159288019,4860299.62024066
1386,464,1201.17182675973,463881.9311,4860689.0873
1387,465,0,463309.375,4859854.75
1388,465,59.2598259042912,463368.5514,4859851.60665
1389,465,118.519651808582,463427.7278,4859848.4633
1390,466,0,438633.0555,4861395.468
1391,466,151.469192636874,438481.707114464,4861396.76379694
1392,466,302.938385273748,438333.3406,4861366.9137
1393,467,0,464105,4859409.8437
1394,467,213.369214231974,463921.432684013,4859334.71915456
1395,467,426.738428463947,463708.0682,4859333.2984
1396,468,0,463708.0682,4859333.2984
1397,468,353.560466986134,463534.154198491,4859542.9683254
1398,468,707.120933972268,463427.7278,4859848.4633
1399,469,0,459927.8125,4859325.6719
1400,469,206.490169512991,459930.921046981,4859532.11932544
1401,469,412.980339025981,459984.25,4859720.5781
1402,470,0,449613.7187,4859431.7813
1403,470,465.700584610953,449156.732709065,4859351.27692977
1404,470,931.401169221907,448711.5754,4859214.4851
1405,471,0,444802.8125,4859206.9843
1406,471,20.3021579804384,444783.78125,4859199.914
1407,471,40.6043159608767,444764.75,4859192.8437
1408,472,0,444784.3438,4859240.2187
1409,472,25.6335113837174,444774.5469,4859216.5312
1410,472,51.2670227674347,444764.75,4859192.8437
1411,473,0,447998.3305,4859189.4163
1412,473,1267.27506028213,447342.152944104,4859950.6588505
1413,473,2534.55012056425,446511.3981,4860581.2406
1414,474,0,448711.5754,4859214.4851
1415,474,364.535893828365,448349.530578686,4859228.68650447
1416,474,729.071787656729,447998.3305,4859189.4163
1417,475,0,460515.8438,4859020.7344
1418,475,336.692355145139,460243.728631798,4859209.22989863
1419,475,673.384710290278,459927.8125,4859325.6719
1420,476,0,444764.75,4859192.8437
1421,476,268.207625277635,444525.005753443,4859073.81151898
1422,476,536.415250555271,444301.1744,4858926.0453
1423,477,0,444775.4687,4859849.7812
1424,477,569.187939476676,444432.637123887,4859460.83755199
1425,477,1138.37587895335,444301.1744,4858926.0453
1426,478,0,463706.0749,4858887.2635
1427,478,223.019676969983,463707.07155,4859110.28095
1428,478,446.039353939965,463708.0682,4859333.2984
1429,479,0,446381.0885,4858722.2723
1430,479,1045.48379002493,445980.400712683,4859477.37958281
1431,479,2090.96758004985,445967.429,4860519.1426
1432,480,0,446920.9062,4858690.7031
1433,480,292.22392405508,446649.559110547,4858614.54718941
1434,480,584.44784811016,446381.0885,4858722.2723
1435,481,0,438337.4375,4858690.0938
1436,481,12.6567807068051,438324.8643,4858691.54595
1437,481,25.3135614136103,438312.2911,4858692.9981
1438,482,0,438338.1563,4858495.625
1439,482,13.5415928548347,438324.62355,4858496.1143
1440,482,27.0831857096694,438311.0908,4858496.6036
1441,483,0,441696.375,4858468.1719
1442,483,978.217268334321,441313.996149875,4859278.7568166
1443,483,1956.43453666864,440801.938,4860094.7451
1444,484,0,444301.1744,4858926.0453
1445,484,236.99252987808,444296.376440489,4858689.10488403
1446,484,473.98505975616,444293.8426,4858452.1259
1447,485,0,445587.5423,4858410.6325
1448,485,656.902866491845,444950.676845792,4858444.04668119
1449,485,1313.80573298369,444293.8426,4858452.1259
1450,486,0,461550.8395,4858372.2591
1451,486,1736.12885426521,462207.152666331,4859509.8204414
1452,486,3472.25770853042,460950.24,4860250.9164
1453,487,0,461355.1184,4858367.0634
1454,487,98.39540313122,461453.513680553,4858367.21871351
1455,487,196.79080626244,461550.8395,4858372.2591
1456,488,0,461300.0937,4858431.4219
1457,488,42.3371412956345,461327.60605,4858399.24265
1458,488,84.6742825912691,461355.1184,4858367.0634
1459,489,0,464130.7187,4858300.4531
1460,489,378.278744542579,463914.780940646,4858571.76928901
1461,489,756.557489085158,463706.0749,4858887.2635
1462,490,0,438440.162,4858296.606
1463,490,78.7860047820345,438383.226500541,4858350.2337906
1464,490,157.572009564069,438322.7439,4858400.7223
1465,491,0,444293.8426,4858452.1259
1466,491,172.388684627143,444175.381521713,4858394.20916481
1467,491,344.777369254286,444172.2404,4858221.8491
1468,492,0,445780.125,4858208.3593
1469,492,158.690000821864,445728.858613271,4858338.43682171
1470,492,317.380001643727,445587.5423,4858410.6325
1471,493,0,449283.2955,4858184.706
1472,493,638.565984751183,448852.977327831,4858631.13909844
1473,493,1277.13196950237,448711.5754,4859214.4851
1474,494,0,449614.6563,4858422
1475,494,122.797794671877,449615.12505,4858299.2031
1476,494,245.595589343754,449615.5938,4858176.4062
1477,495,0,450407.4688,4858399.1719
1478,495,138.5997338088,450310.03758769,4858306.56234128
1479,495,277.199467617599,450278.1875,4858171.6718
1480,496,0,460240.4597,4857882.6003
1481,496,860.077712755477,460088.277345672,4858602.47520839
1482,496,1720.15542551095,459927.8125,4859325.6719
1483,497,0,461386.6562,4858098.3594
1484,497,134.398899170708,461384.0026,4858232.7321
1485,497,268.797798341415,461381.349,4858367.1048
1486,498,0,461582.9426,4858100.5272
1487,498,139.22050342583,461550.683028369,4858233.0386845
1488,498,278.441006851661,461550.8395,4858372.2591
1489,499,0,463041.2422,4856512.5833
1490,499,1426.87164317085,462474.529500552,4857496.88950602
1491,499,2853.74328634169,461656.1904,4858016.5499
1492,500,0,463583.3253,4857900.544
1493,500,578.203179017048,463502.311179409,4858413.83091319
1494,500,1156.4063580341,463707.2348,4858934.2026
1495,501,0,450278.1875,4858171.6718
1496,501,51.2240337280271,450273.75215,4858120.64015
1497,501,102.448067456054,450269.3168,4858069.6085
1498,502,0,449574.4115,4858008.1963
1499,502,171.394746819764,449430.917729712,4858099.79203531
1500,502,342.789493639529,449283.2955,4858184.706
1501,503,0,449615.5938,4858176.4062
1502,503,84.931778263699,449609.8776,4858091.667
1503,503,169.863556527398,449604.1614,4858006.9278
1504,504,0,449604.1614,4858006.9278
1505,504,14.8884656883718,449589.28645,4858007.56205
1506,504,29.7769313767436,449574.4115,4858008.1963
1507,505,0,450269.3168,4858069.6085
1508,505,334.92467938182,449935.441537969,4858047.2223942
1509,505,669.84935876364,449604.1614,4858006.9278
1510,506,0,461656.1904,4858016.5499
1511,506,69.2446894768464,461592.718983689,4858033.02788389
1512,506,138.489378953693,461582.9426,4858100.5272
1513,507,0,460480.4062,4857999.9531
1514,507,119.963286880302,460360.484,4858003.09255
1515,507,239.926573760603,460240.5618,4858006.232
1516,508,0,461689.2504,4857931.9111
1517,508,45.4331653795032,461672.7204,4857974.2305
1518,508,90.8663307590064,461656.1904,4858016.5499
1519,509,0,463713.5,4857901
1520,509,65.0877493392082,463648.41265,4857900.772
1521,509,130.175498678416,463583.3253,4857900.544
1522,510,0,450658.2303,4857898.2258
1523,510,269.590194806472,450401.252151008,4857922.97160834
1524,510,539.180389612945,450269.3168,4858069.6085
1525,511,0,461469.25,4857849.9375
1526,511,147.531681664567,461393.998557473,4857951.01053885
1527,511,295.063363329134,461386.6562,4858098.3594
1528,512,0,460079.5642,4857770.9581
1529,512,97.9174942753937,460160.01195,4857826.7792
1530,512,195.834988550787,460240.4597,4857882.6003
1531,513,0,445908.8437,4857708.8125
1532,513,266.045047834536,445827.864989378,4857959.63819247
1533,513,532.090095669072,445780.125,4858208.3593
1534,514,0,438487.4688,4857670.0938
1535,514,269.34916897714,438474.563083304,4857938.45728786
1536,514,538.698337954279,438450.6114,4858206.7394
1537,515,0,445944.5,4857619.375
1538,515,48.1415572451025,445926.67185,4857664.09375
1539,515,96.2831144902051,445908.8437,4857708.8125
1540,516,0,449563.2813,4857597.3125
1541,516,205.517261108679,449568.8464,4857802.7544
1542,516,411.034522217358,449574.4115,4858008.1963
1543,517,0,450684.7188,4857590.875
1544,517,154.245060612139,450671.47455,4857744.5504
1545,517,308.490121224278,450658.2303,4857898.2258
1546,518,0,463580.2512,4857537.7008
1547,518,181.428111022694,463581.78825,4857719.1224
1548,518,362.856222045387,463583.3253,4857900.544
1549,519,0,445978.0313,4857347.8282
1550,519,293.485212678465,446136.295491326,4857556.20898145
1551,519,586.970425356931,445908.8437,4857708.8125
1552,520,0,444172.2404,4858221.8491
1553,520,706.408793718893,444083.469426691,4857564.32201307
1554,520,1412.81758743779,443544.1533,4857287.2307
1555,521,0,464325.875,4857062.4218
1556,521,492.952665490228,463918.698917224,4857251.26403831
1557,521,985.905330980457,463580.2512,4857537.7008
1558,522,0,464584.0937,4856913.75
1559,522,149.108568352555,464453.00324657,4856984.50021069
1560,522,298.217136705109,464325.875,4857062.4218
1561,523,0,460931.25,4856902.3437
1562,523,35.0834048197374,460896.40625,4856898.25
1563,523,70.1668096394747,460861.5625,4856894.1563
1564,524,0,460861.5625,4856894.1563
1565,524,621.322950324939,460597.035938727,4857420.49080519
1566,524,1242.64590064988,460240.4597,4857882.6003
1567,525,0,464198.4688,4856703.3438
1568,525,190.505478846594,464262.1719,4856882.8828
1569,525,381.010957693187,464325.875,4857062.4218
1570,526,0,464602.5,4856698.4688
1571,526,108.033313094576,464593.29685,4856806.1094
1572,526,216.066626189151,464584.0937,4856913.75
1573,527,0,462503.1875,4856432.7656
1574,527,109.855582973627,462605.5781,4856472.5703
1575,527,219.711165947255,462707.9687,4856512.375
1576,528,0,462940.6562,4856364.8906
1577,528,137.745345565408,462824.31245,4856438.6328
1578,528,275.490691130816,462707.9687,4856512.375
1579,529,0,460608.7187,4856351.6093
1580,529,324.74113357134,460766.765673063,4856635.29567285
1581,529,649.482267142681,460861.5625,4856894.1563
1582,530,0,460927.4375,4856287.0312
1583,530,33.8597762030035,460900.45315,4856266.5781
1584,530,67.719552406007,460873.4688,4856246.125
1585,531,0,460873.4688,4856246.125
1586,531,151.71452130718,460722.054286597,4856255.66130466
1587,531,303.42904261436,460608.7187,4856351.6093
1588,532,0,452428.3907,4856149.4788
1589,532,1708.09873658563,451379.075611113,4856904.37126465
1590,532,3416.19747317127,450658.2303,4857898.2258
1591,533,0,461667.318,4856192.419
1592,533,869.815728947914,461679.149167399,4857062.1540262
1593,533,1739.63145789583,461689.2504,4857931.9111
1594,534,0,455579.3429,4856096.3043
1595,534,306.806603582803,455749.104502798,4856326.80763191
1596,534,613.613207165606,455987.4788,4856519.307
1597,535,0,463260.4375,4856020.7031
1598,535,237.164673003322,463111.159907433,4856204.99439789
1599,535,474.329346006644,462940.6562,4856364.8906
1600,536,0,463260.4375,4856020.7031
1601,536,285.136424873734,463021.204538113,4856133.99439706
1602,536,570.272849747467,462940.6562,4856364.8906
1603,537,0,452352.5,4855992.75
1604,537,87.067954920534,452390.44535,4856071.1144
1605,537,174.135909841068,452428.3907,4856149.4788
1606,538,0,463292.625,4855987.625
1607,538,304.330928684521,463122.797728604,4856232.0750114
1608,538,608.661857369042,463057.9062,4856511.1875
1609,539,0,463292.625,4855987.625
1610,539,23.0770224240044,463276.53125,4856004.16405
1611,539,46.1540448480088,463260.4375,4856020.7031
1612,540,0,455315.375,4855976.875
1613,540,149.461650929933,455437.901509006,4856048.03055666
1614,540,298.923301859866,455579.3429,4856096.3043
1615,541,0,455161.7812,4856005.8907
1616,541,81.0631868171172,455234.319920194,4855978.02142687
1617,541,162.126373634234,455315.375,4855976.875
1618,542,0,463367.0625,4855962.5156
1619,542,39.2792037044772,463329.84375,4855975.0703
1620,542,78.5584074089543,463292.625,4855987.625
1621,543,0,463367.0625,4855962.5156
1622,543,38.7435386095319,463328.32815,4855961.67185
1623,543,77.4870772190638,463289.5938,4855960.8281
1624,544,0,463289.5938,4855960.8281
1625,544,13.4838980183142,463291.1094,4855974.22655
1626,544,26.9677960366285,463292.625,4855987.625
1627,545,0,455301.375,4855931.8906
1628,545,23.5562955672049,455308.375,4855954.3828
1629,545,47.1125911344099,455315.375,4855976.875
1630,546,0,460923.8437,4855929.9687
1631,546,161.468018773269,460918.639689683,4856091.35283603
1632,546,322.936037546539,460873.4688,4856246.125
1633,547,0,463107.1875,4855899.6406
1634,547,96.1976720559144,463198.39065,4855930.23435
1635,547,192.395344111829,463289.5938,4855960.8281
1636,548,0,460535.8125,4855893.5469
1637,548,233.185759336421,460592.574583656,4856118.98306359
1638,548,466.371518672843,460608.7187,4856351.6093
1639,549,0,463718.3438,4855844.0313
1640,549,203.958286772942,463567.551094526,4855945.49072432
1641,549,407.916573545885,463367.0625,4855962.5156
1642,550,0,463718.3438,4855844.0313
1643,550,185.362537393495,463542.70315,4855903.27345
1644,550,370.72507478699,463367.0625,4855962.5156
1645,551,0,455564.3431,4855823.8067
1646,551,136.455062205451,455571.843,4855960.0555
1647,551,272.910124410902,455579.3429,4856096.3043
1648,552,0,455964.2187,4855979.3907
1649,552,312.397246798587,455847.210615241,4855741.30942215
1650,552,624.794493597175,455564.3431,4855823.8067
1651,553,0,453068.5475,4855711.6286
1652,553,506.385806729308,452812.094338763,4855974.4226154
1653,553,1012.77161345862,452428.3907,4856149.4788
1654,554,0,465204.25,4855656.3906
1655,554,917.176823395794,465026.313533364,4856386.47257768
1656,554,1834.35364679159,464584.0937,4856913.75
1657,555,0,463730.9688,4855420.3906
1658,555,219.981279140966,463745.583364943,4855637.4542212
1659,555,439.962558281932,463718.3438,4855844.0313
1660,556,0,463730.9688,4855420.3906
1661,556,211.914389154303,463724.6563,4855632.21095
1662,556,423.828778308606,463718.3438,4855844.0313
1663,557,0,463756.375,4855316.5312
1664,557,56.0370381466797,463732.623734372,4855364.37800466
1665,557,112.074076293359,463730.9688,4855420.3906
1666,558,0,463756.375,4855316.5312
1667,558,64.9414968793847,463713.899880451,4855357.7324002
1668,558,129.882993758769,463730.9688,4855420.3906
1669,559,0,455813.2188,4855305.6563
1670,559,338.76645274215,455571.27729217,4855491.79391487
1671,559,677.5329054843,455564.3431,4855823.8067
1672,560,0,463913.7813,4855209.5312
1673,560,95.1842719635548,463834.227417107,4855261.76764661
1674,560,190.36854392711,463756.375,4855316.5312
1675,561,0,463913.7813,4855209.5312
1676,561,102.639907884274,463820.79986455,4855236.62883759
1677,561,205.279815768549,463756.375,4855316.5312
1678,562,0,464855.9375,4855395.6875
1679,562,137.451211575853,464737.875108042,4855325.30208128
1680,562,274.902423151706,464696.1875,4855200.9219
1681,563,0,464696.1875,4855200.9219
1682,563,131.425111999055,464564.78125,4855198.69535
1683,563,262.850223998109,464433.375,4855196.4688
1684,564,0,464433.375,4855196.4688
1685,564,183.815481273643,464249.5625,4855195.4219
1686,564,367.630962547285,464065.75,4855194.375
1687,565,0,464055.7561,4855228.6061
1688,565,130.706582906719,463925.059671622,4855226.97685956
1689,565,261.413165813438,463794.3643,4855227.7821
1690,566,0,456032.6803,4855152.3023
1691,566,146.879011051022,455951.253760325,4855255.45875409
1692,566,293.758022102044,455813.2188,4855305.6563
1693,567,0,464067.5498,4855108.477
1694,567,62.7358361530146,464067.374396343,4855171.21259095
1695,567,125.471672306029,464055.7561,4855228.6061
1696,568,0,464070.9482,4855097.2964
1697,568,101.177658905509,464003.901758529,4855165.18622437
1698,568,202.355317811018,463913.7813,4855209.5312
1699,569,0,464467.6465,4855096.2982
1700,569,52.9355381968254,464450.51075,4855146.3835
1701,569,105.871076393651,464433.375,4855196.4688
1702,570,0,464830.2283,4855095.3948
1703,570,93.8583676338781,464778.586815998,4855173.76922379
1704,570,187.716735267756,464696.1875,4855200.9219
1705,571,0,455828.3694,4855153.0179
1706,571,76.712412696272,455819.912949643,4855229.236521
1707,571,153.424825392544,455813.2188,4855305.6563
1708,572,0,459984.25,4859720.5781
1709,572,183.935392985836,460081.59775,4859876.64105
1710,572,367.870785971673,460178.9455,4860032.704
1711,573,0,439615.531,4882658.6097
1712,573,18.2676870187991,439631.55365,4882649.8357
1713,573,36.5353740375982,439647.5763,4882641.0617
1714,574,0,454875.1419,4868037.4725
1715,574,284.798381683126,454874.9262,4868322.2708
1716,574,569.596763366252,454874.7105,4868607.0691
1717,575,0,456996.1791,4870827.7042
1718,575,269.918262629956,456904.327284797,4870613.83963276
1719,575,539.836525259912,456651.8272,4870525.4673
1720,576,0,453604.8259,4870876.545
1721,576,259.251127297005,453495.436925496,4871108.04787889
1722,576,518.502254594009,453283.0466,4871249.2367
1723,577,0,440747.3338,4874089.0141
1724,577,266.556561773556,441003.628765975,4874149.20764017
1725,577,533.113123547113,441270.0272,4874140.0275
1726,578,0,440955.9991,4873768.5045
1727,578,205.897436531191,440789.913891959,4873888.97174333
1728,578,411.794873062382,440747.3338,4874089.0141
1729,579,0,446296.7848,4880691.8666
1730,579,22.9708768151705,446278.06405,4880705.17805
1731,579,45.941753630341,446259.3433,4880718.4895
1732,580,0,444127.9716,4883222.4059
1733,580,71.4863490236993,444180.46835,4883173.88385
1734,580,142.972698047399,444232.9651,4883125.3618
1735,581,0,444816.2178,4884664.1112
1736,581,237.752153330735,444920.845270829,4884450.61839272
1737,581,475.504306661471,445056.2044,4884256.9601
1738,582,0,447975.8125,4884486.8028
1739,582,198.646976575539,447949.499707724,4884294.33534521
1740,582,397.293953151078,447907.3298,4884100.216
1741,583,0,447402.6315,4884450.7716
1742,583,131.787379822876,447275.79905,4884414.97435
1743,583,263.574759645752,447148.9666,4884379.1771
1744,584,0,448562.6865,4887285.8125
1745,584,205.82728787435,448559.516059435,4887491.6135789
1746,584,411.654575748699,448489.3386,4887684.2505
1747,585,0,460310.5722,4878052.5695
1748,585,87.7022074819976,460263.656955101,4878092.76341104
1749,585,175.404414963995,460265.1237,4878180.4519
1750,586,0,440332.9656,4888347.0001
1751,586,306.26336250526,440300.859255477,4888052.02263667
1752,586,612.526725010521,440170.0181,4887775.115
1753,587,0,464390.875,4870052.8125
1754,587,592.005665664064,464785.865540414,4869786.46152624
1755,587,1184.01133132813,464248.2072,4869786.8397
1756,588,0,464790.7729,4869959.7593
1757,588,85.471623833776,464857.99405,4870012.54865
1758,588,170.943247667552,464925.2152,4870065.338
1759,589,0,464790.7729,4869959.7593
1760,589,67.7896652168388,464854.9005,4869937.78
1761,589,135.579330433678,464919.0281,4869915.8007
1762,590,0,466949.0739,4869749.8936
1763,590,176.69388764299,466776.411298049,4869744.73470794
1764,590,353.387775285979,466633.5131,4869847.5402
1765,591,0,466643.825,4869718.7887
1766,591,64.9238759679114,466636.141555154,4869782.67184399
1767,591,129.847751935823,466633.5131,4869847.5402
1768,592,0,461365.6755,4868008.9891
1769,592,51.8487724042005,461365.92955,4868060.83725
1770,592,103.697544808401,461366.1836,4868112.6854
1771,593,0,453917.8558,4873686.915
1772,593,185.184436544115,453763.619880876,4873747.58655502
1773,593,370.368873088231,453654.6859,4873897.3419
1774,594,0,453932.6854,4874124.1925
1775,594,186.315022575229,453784.724306133,4874030.77090947
1776,594,372.630045150457,453654.6859,4873897.3419
1777,595,0,454590.2588,4874288.0933
1778,595,345.266242720483,454246.51617372,4874259.03461549
1779,595,690.532485440967,453932.6854,4874124.1925
1780,596,0,454320.8453,4874515.7824
1781,596,283.096229895752,454164.702544138,4874286.39991678
1782,596,566.192459791504,453932.6854,4874124.1925
1783,597,0,452654.6589,4873647.7904
1784,597,103.496344253278,452584.082193356,4873580.78030819
1785,597,206.992688506557,452538.5211,4873488.1456
1786,598,0,452663.0051,4873708.1504
1787,598,30.4671489245415,452658.832,4873677.9704
1788,598,60.934297849083,452654.6589,4873647.7904
1789,599,0,453654.6859,4873897.3419
1790,599,383.26389142952,453306.923000225,4873736.24510918
1791,599,766.527782859041,452945.3701,4873611.6305
1792,600,0,464613.1105,4871314.2515
1793,600,285.253774832662,464330.059688967,4871323.68696768
1794,600,570.507549665323,464054.3521,4871294.0767
1795,601,0,464054.3521,4871294.0767
1796,601,81.1905987445544,464009.523205797,4871227.51774615
1797,601,162.381197489109,463983.6552,4871155.1098
1798,602,0,465028.9534,4871418.9408
1799,602,217.120345411793,464816.998925595,4871386.06027463
1800,602,434.240690823585,464613.1105,4871314.2515
1801,603,0,464846.75,4873818.8125
1802,603,1317.58093538469,463692.094159963,4873591.67836197
1803,603,2635.16187076937,462674.7072,4873149.8399
1804,604,0,467417.1928,4873095.2469
1805,604,70.6246895268558,467346.57955,4873096.518
1806,604,141.249379053712,467275.9663,4873097.7891
1807,605,0,467275.9663,4873097.7891
1808,605,1296.95021081213,465989.362431466,4873240.62779335
1809,605,2593.90042162426,464846.75,4873818.8125
1810,606,0,462674.7072,4873149.8399
1811,606,477.03839698853,462227.862460331,4873049.27931321
1812,606,954.07679397706,461811.159,4872957.0024
1813,607,0,442665.4328,4879399.5324
1814,607,1807.44820642625,441962.272084093,4880422.77570036
1815,607,3614.89641285249,440811.4964,4881043.2769
1816,608,0,441883.1872,4882385.2765
1817,608,913.111886488003,441473.430570661,4881604.63259416
1818,608,1826.22377297601,440811.4964,4881043.2769
1819,609,0,442169.5155,4883124.3838
1820,609,412.672044686256,442129.31491608,4882716.06868803
1821,609,825.344089372511,441883.1872,4882385.2765
1822,610,0,442190.7739,4884589.8228
1823,610,739.423911120317,442125.680475712,4883853.68233828
1824,610,1478.84782224063,442169.5155,4883124.3838
1825,611,0,442187.2933,4886379.9425
1826,611,910.308515412123,442244.211522424,4885498.50378578
1827,611,1820.61703082425,442190.7739,4884589.8228
1828,612,0,443353.6634,4885968.7012
1829,612,375.326784951297,443186.363454037,4886284.91899819
1830,612,750.653569902594,443208.5807,4886654.4765
1831,613,0,443208.5807,4886654.4765
1832,613,637.354274638291,442714.226376063,4886712.91848332
1833,613,1274.70854927658,442187.2933,4886379.9425
1834,614,0,453612.9919,4872887.4605
1835,614,560.605270333903,453152.091001078,4873162.98396127
1836,614,1121.21054066781,452945.3701,4873611.6305
1837,615,0,454958.6336,4880137.3516
1838,615,220.233350779735,455026.938548085,4879948.53727072
1839,615,440.46670155947,455225.3897,4879857.6135
1840,616,0,438597.9824,4889178.8604
1841,616,545.584290467496,439143.560951631,4889180.78558815
1842,616,1091.16858093499,439376.7097,4889505.5007
1843,617,0,439666.4934,4889509.2908
1844,617,286.871574172409,439724.437236147,4889782.73562836
1845,617,573.743148344818,439923.1488,4889897.1187
1846,618,0,438995.3424,4890702.2362
1847,618,562.336524116387,439430.064890214,4890533.99070478
1848,618,1124.67304823277,439900.8884,4890299.9203
1849,619,0,440175.2865,4890663.236
1850,619,288.122755285105,440175.405822077,4890375.31321219
1851,619,576.24551057021,439900.8884,4890299.9203
1852,620,0,439900.8884,4890299.9203
1853,620,244.844254124681,440039.045860871,4890101.03224878
1854,620,489.688508249362,439923.1488,4889897.1187
1855,621,0,439923.1488,4889897.1187
1856,621,1112.41553399952,440793.614014724,4889867.47151562
1857,621,2224.83106799904,441484.125,4889212.4062
1858,622,0,441001.0014,4889126.8732
1859,622,285.429822982942,441267.369161546,4889082.17306817
1860,622,570.859645965883,441484.125,4889212.4062
1861,623,0,441484.125,4889212.4062
1862,623,904.895322138543,442087.452615776,4888846.06758798
1863,623,1809.79064427709,442823.7046,4888802.2373
1864,624,0,465459.047,4882901.5956
1865,624,398.871832215709,465467.521871889,4883300.3773888
1866,624,797.743664431417,465499.4975,4883690.9273
1867,625,0,465456.4883,4883690.9427
1868,625,1100.48651500822,466224.388609408,4883287.65277349
1869,625,2200.97303001644,466726.1965,4884085.8502
1870,626,0,466676.0487,4884604.9287
1871,626,268.386283435589,466677.449480477,4884336.54619544
1872,626,536.772566871178,466726.1965,4884085.8502
1873,627,0,467061.7073,4884628.7613
1874,627,196.590904904486,466865.118195668,4884629.60269711
1875,627,393.181809808971,466676.0487,4884604.9287
1876,628,0,466677.9455,4885465.5922
1877,628,430.338720342043,466675.126436253,4885035.26271332
1878,628,860.677440684086,466676.0487,4884604.9287
1879,629,0,467260.062,4885490.2398
1880,629,295.323862575351,466964.738147121,4885490.16412311
1881,629,590.647725150702,466677.9455,4885465.5922
1882,630,0,466049.8681,4885706.197
1883,630,412.018598527323,466461.867363101,4885702.20541684
1884,630,824.037197054647,466677.9455,4885465.5922
1885,631,0,465074.5,4884826.0782
1886,631,447.420716419714,465074.203954638,4885273.49881848
1887,631,894.841432839428,465103.567,4885710.6147
1888,632,0,465875.1529,4887690.4013
1889,632,1042.93763637715,465867.147103469,4886647.4965543
1890,632,2085.8752727543,466049.8681,4885706.197
1891,633,0,465715.7631,4888332.9722
1892,633,418.319331799202,465937.953380947,4888092.04906537
1893,633,836.638663598404,465875.1529,4887690.4013
1894,634,0,438450.6114,4858206.7394
1895,634,45.2375123082862,438445.661482713,4858251.70401553
1896,634,90.4750246165725,438440.162,4858296.606
1897,635,0,455225.3897,4879857.6135
1898,635,1352.80395042756,454838.452927809,4878852.31450217
1899,635,2705.60790085512,453782.6554,4878354.3857
1900,636,0,445757.2064,4880982.6313
1901,636,554.187563461123,445491.519182848,4881264.96667566
1902,636,1108.37512692225,445507.883,4881817.8201
1903,637,0,445804.2596,4881684.8788
1904,637,1028.55383720396,445029.53544713,4881654.27804215
1905,637,2057.10767440792,444406.7352,4881025.4341
1906,638,0,444317.5994,4881022.5642
1907,638,1360.46312801154,443498.600555769,4881705.55723145
1908,638,2720.92625602308,442522.1252,4882091.7958
1909,639,0,450810.9467,4885513.0173
1910,639,305.525808505972,450544.442017466,4885371.96301614
1911,639,611.051617011944,450374.5294,4885118.8908
1912,640,0,452623.2245,4885175.526
1913,640,693.622097352805,451944.18975222,4885132.17780909
1914,640,1387.24419470561,451841.7711,4884482.0406
1915,641,0,452241.732,4885406.4642
1916,641,109.503740375716,452238.16565,4885297.01855
1917,641,219.007480751432,452234.5993,4885187.5729
