cat,x,y
1,324213.741605296,4984575.58409884
2,324213.84154004,4984575.58048678
3,324243.448833698,4984585.18027592
4,324243.393925498,4984585.09669907
5,324994.298357256,4997133.15197176
6,324994.304402007,4997133.05215462
7,324977.639461626,4997100.61673112
8,324977.6957417,4997100.69939038
9,324263.105553566,4984574.72738284
10,324263.005582593,4984574.72979211
11,324243.448833698,4984585.18027592
12,324243.507032714,4984585.09895634
13,326785.968942082,4983309.29009443
14,326785.981703484,4983309.38927682
15,326777.051475231,4983331.81334782
16,326777.14616769,4983331.8454934
17,409696.789902945,4980566.04828423
18,409696.886679206,4980566.02309782
19,409727.744923287,4980567.71518198
20,409727.832530237,4980567.6669635
21,402313.993143316,4978564.18896229
22,402313.980962091,4978564.08970697
23,402312.541637026,4978538.12902385
24,402312.563937776,4978538.22650552
25,408056.335338059,4976651.01609605
26,408056.353012406,4976650.91767036
27,408056.825339514,4976643.49984855
28,408056.822285134,4976643.59980189
29,341329.92231259,5047958.06939318
30,341329.836870449,5047958.01743511
31,341296.267771198,5047938.46295262
32,341296.357942159,5047938.50618684
33,337753.871384282,5044782.88290171
34,337753.964380531,5044782.91966715
35,337808.046284237,5044794.1877638
36,337807.946372862,5044794.18355463
37,336541.240294472,5049718.03024434
38,336541.239308284,5049717.9302492
39,336547.299764847,5049693.99317412
40,336547.261307432,5049694.08548353
41,341389.65755359,5048605.30557478
42,341389.694237623,5048605.21254639
43,341403.318473502,5048572.40030991
44,341403.411643591,5048572.43663256
45,337962.187256332,5051820.62470093
46,337962.230305502,5051820.53444147
47,337974.09937672,5051798.90252543
48,337974.053640526,5051798.99145349
49,336368.658567317,5049700.34979451
50,336368.725336438,5049700.42423834
51,336392.350788994,5049727.13881925
52,336392.285797434,5049727.06281861
53,343954.64509753,5049904.73395466
54,343954.74488834,5049904.74041951
55,343994.368735426,5049903.50280361
56,343994.269087267,5049903.49442242
57,327090.561312962,5003069.25148121
58,327090.618416808,5003069.16938888
59,327107.845808329,5003051.25181802
60,327107.773710342,5003051.32111362
61,325209.514532227,4997099.96521629
62,325209.415000541,4997099.95554968
63,325160.083823767,4997100.74538882
64,325160.183241697,4997100.734615
65,324048.01232587,4982741.92379709
66,324047.913353469,4982741.90949801
67,323998.862507107,4982734.88846501
68,323998.959224941,4982734.91387487
69,324618.290752757,4990901.89060426
70,324618.190767944,4990901.8888615
71,324594.268845017,4990895.82663839
72,324594.360612154,4990895.86637241
73,324359.763120874,4985129.72926759
74,324359.666441352,4985129.75482283
75,324312.712523875,4985146.22449198
76,324312.811376167,4985146.20938488
77,324431.497322084,4985497.43645395
78,324431.523503014,4985497.33994198
79,324434.369833524,4985472.80791761
80,324434.38250474,4985472.90711156
81,324243.448833698,4984585.18027592
82,324243.443002949,4984585.28010579
83,324242.936403918,4984602.18304542
84,324242.933896438,4984602.08307686
85,328052.110018281,5003896.5801173
86,328052.106920255,5003896.4801653
87,328050.460906957,5003846.93855741
88,328050.453701438,5003847.03829748
89,327725.979269763,5004876.32779563
90,327725.909901505,5004876.25576755
91,327716.849249739,5004853.16405192
92,327716.862541248,5004853.26316466
93,325650.172290471,5000508.34723424
94,325650.072954274,5000508.35873729
95,325601.206159464,5000516.03083213
96,325601.305495661,5000516.01932909
97,325479.846385169,5000489.70629271
98,325479.794675219,5000489.62070018
99,325459.076202181,5000444.80347403
100,325459.112224121,5000444.89676079
101,325454.014957069,5000431.69626314
102,325453.978935129,5000431.60297638
103,325430.069329005,5000388.56434157
104,325430.08690198,5000388.66278541
105,325351.390006905,5000262.12250566
106,325351.290404862,5000262.11359314
107,325302.789789237,5000252.78996233
108,325302.874310613,5000252.84340517
109,325291.480472505,5000252.76311045
110,325291.384383831,5000252.79080461
111,325242.462242424,5000244.18278807
112,325242.561655786,5000244.17197219
113,325179.933742079,5000230.56564718
114,325179.834090366,5000230.55730836
115,325130.374389162,5000226.36986822
116,325130.472715884,5000226.38808513
117,325033.67430535,5000206.42028977
118,325033.575978628,5000206.40207286
119,324985.710824465,5000193.59232507
120,324985.806849494,5000193.62023911
121,324767.981191415,5000186.76478354
122,324767.896228503,5000186.81752161
123,324721.051611344,5000199.80056217
124,324721.147236591,5000199.82981644
125,324685.50650844,5000185.69021626
126,324685.413954512,5000185.6523511
127,324640.709450286,5000164.50998088
128,324640.809447322,5000164.51075084
129,324300.907137859,5000312.70540773
130,324300.838545151,5000312.77817476
131,324256.159131664,5000334.59342778
132,324256.245759284,5000334.54347125
133,328925.307850406,5000270.61939669
134,328925.207908189,5000270.6227957
135,328900.540701755,5000271.88469962
136,328900.640000552,5000271.87287807
137,329523.196622405,5001590.00824101
138,329523.202014338,5001589.90838648
139,329517.069080378,5001540.63783599
140,329517.13320166,5001540.7145723
141,328614.032807555,5001304.35053028
142,328614.003063858,5001304.25505613
143,328599.033168701,5001257.10005925
144,328599.063363062,5001257.19539183
145,328664.831793002,5000537.09975008
146,328664.83270428,5000536.99975424
147,328663.300779344,5000487.76996295
148,328663.306333918,5000487.86980857
149,329538.357590864,5001862.86353048
150,329538.343098087,5001862.76458626
151,329537.204747772,5001837.95965235
152,329537.189636486,5001838.058504
153,325230.368021649,4984536.9055655
154,325230.268042945,4984536.90762916
155,325180.831517058,4984540.97662169
156,325180.929259367,4984540.95549254
157,327432.416341604,5002996.74684411
158,327432.354780287,5002996.66803926
159,327405.414374142,5002955.08769533
160,327405.464622017,5002955.17415429
161,329037.277545813,5003313.99216727
162,329037.30310242,5003313.89548811
163,329039.919495398,5003289.34786007
164,329039.912836282,5003289.4476381
165,324911.864695276,5001211.43202753
166,324911.764711622,5001211.43383553
167,324862.132701142,5001213.04613126
168,324862.231966202,5001213.03402969
169,324563.677074934,5001055.19891536
170,324563.633980517,5001055.1086775
171,324552.539425673,5001007.22071493
172,324552.560684655,5001007.31842908
173,325825.614455021,5001211.35644294
174,325825.549532948,5001211.28038293
175,325803.654109549,5001199.80142214
176,325803.753486574,5001199.79027733
177,327638.9547048,5002412.87944152
178,327638.982658471,5002412.78342802
179,327652.93730898,5002365.20360013
180,327652.898915201,5002365.29593602
181,327639.441261688,5002135.32975507
182,327639.424231039,5002135.23121595
183,327630.530540181,5002086.44805947
184,327630.537980136,5002086.54778232
185,324161.832629166,5000396.51437527
186,324161.795981804,5000396.60741812
187,324131.313297484,5000435.5405853
188,324131.358771268,5000435.45152277
189,324115.886899227,5000451.51905853
190,324115.824840706,5000451.59747243
191,324088.709450073,5000493.10591509
192,324088.754923858,5000493.01685256
193,324073.598707493,5000509.67187962
194,324073.509470164,5000509.71484516
195,324024.436382014,5000514.03790823
196,324024.532490956,5000514.01028449
197,327091.60067687,5000698.81809886
198,327091.50240655,5000698.79958011
199,327042.532729084,5000694.59107325
200,327042.628825084,5000694.61874198
201,324817.592601351,4997093.85818438
202,324817.546557111,4997093.76941542
203,324812.453055654,4997044.70292725
204,324812.456005946,4997044.80288372
205,324255.646782901,4996699.23247838
206,324255.54678364,4996699.23209402
207,324205.928304429,4996699.04138043
208,324206.02830369,4996699.04176479
209,325347.59315494,4995899.8443892
210,325347.493761711,4995899.85538857
211,325297.918568327,4995901.55247888
212,325298.018152685,4995901.56158688
213,324423.114645998,4995923.4644334
214,324423.015297436,4995923.45303764
215,324375.504764613,4995922.011316
216,324375.604399403,4995922.00277735
217,325568.941109905,4996311.87981885
218,325568.943341828,4996311.97979394
219,325568.494392038,4996336.67428402
220,325568.508656128,4996336.57530657
221,325006.931794363,4997099.15337049
222,325006.831795048,4997099.15374049
223,324977.639461626,4997100.61673112
224,324977.738429858,4997100.60240321
225,326043.401172266,4998259.85411331
226,326043.324040904,4998259.91775884
227,326019.844307242,4998267.57783837
228,326019.943649307,4998267.56638612
229,327687.735200871,5008069.49926835
230,327687.639082261,5008069.47167827
231,327656.702827775,5008031.43791406
232,327656.769525467,5008031.5124219
233,324502.64993102,5005246.99344534
234,324502.551786859,5005247.01262146
235,324456.600574121,5005228.58565381
236,324456.700449596,5005228.59064276
237,325150.758926471,4983540.95386867
238,325150.77201248,4983541.05300875
239,325154.079942085,4983590.55199622
240,325154.076789238,4983590.45204593
241,324923.203141385,4984156.29805666
242,324923.129891713,4984156.36613372
243,324885.659669907,4984188.99402229
244,324885.733195014,4984188.9262428
245,324248.052059927,4984734.2981991
246,324248.064505922,4984734.39742156
247,324250.003790577,4984783.79022925
248,324249.981719249,4984783.69269538
249,324050.027629803,4981473.9187314
250,324050.086080016,4981473.83759218
251,324056.661566323,4981426.51280043
252,324056.683207704,4981426.6104306
253,324054.108088662,4981420.07581341
254,324054.063215968,4981419.98644652
255,324026.212576467,4981379.16213294
256,324026.248514484,4981379.25545207
257,326950.226036217,4982912.13653122
258,326950.126398198,4982912.12803033
259,326901.780833932,4982913.87830614
260,326901.878592658,4982913.85725308
261,327462.69410039,4982581.85973231
262,327462.769873516,4982581.92498898
263,327472.304962874,4982604.72884027
264,327472.302306578,4982604.62887555
265,324163.429096824,4985161.91990246
266,324163.329098055,4985161.9194062
267,324113.816343846,4985163.60764408
268,324113.912266806,4985163.57938129
269,324048.12412622,4985160.56388931
270,324048.024574478,4985160.57334714
271,323998.727533512,4985159.94572581
272,323998.826986482,4985159.95617123
273,409378.814344297,4980605.11778123
274,409378.869210124,4980605.03417656
275,409407.653974226,4980570.44922319
276,409407.558291862,4980570.47829009
277,396516.421501428,4980039.76479626
278,396516.384725402,4980039.6718042
279,396499.464861791,4979993.84143442
280,396499.466209178,4979993.94142534
281,408056.825339514,4976643.49984855
282,408056.778209937,4976643.41165103
283,408046.118247061,4976602.52736249
284,408046.163870112,4976602.61634866
285,408033.689652956,4976573.21749139
286,408033.638585963,4976573.13151371
287,408017.432276359,4976526.53091461
288,408017.445635521,4976526.63001825
289,402679.103132185,4977796.89562626
290,402679.155651151,4977796.81052774
291,402707.770128601,4977756.48333751
292,402707.714709652,4977756.56657657
293,402843.22156686,4977104.10303043
294,402843.304438131,4977104.04706301
295,402884.422368741,4977076.73492736
296,402884.345478406,4977076.79886386
297,402977.702232275,4976390.52509919
298,402977.701245122,4976390.42510406
299,402956.81801361,4976346.00476748
300,402956.895397259,4976346.06810602
301,402608.991665612,4978604.27031556
302,402608.900438092,4978604.22935778
303,402560.418259584,4978594.51478332
304,402560.517042122,4978594.49922664
305,409807.18760072,4977800.50570304
306,409807.169815907,4977800.40729724
307,409795.835534855,4977752.7435664
308,409795.860620373,4977752.84036886
309,409627.139617549,4977608.78716301
310,409627.04448278,4977608.75635108
311,409579.913034791,4977594.55859292
312,409580.005813926,4977594.59590287
313,409572.906167298,4977592.44329579
314,409572.810135755,4977592.41540416
315,409527.317336775,4977573.88495304
316,409527.414352609,4977573.90920027
317,409498.071066783,4977560.06250201
318,409497.971257572,4977560.05632775
319,409453.236904244,4977538.58979485
320,409453.313285322,4977538.65433887
321,409319.104643441,4977314.72530142
322,409319.092271498,4977314.62606969
323,409295.485965354,4977272.91787277
324,409295.568657781,4977272.9741041
325,408342.561972127,4976843.22273837
326,408342.483702017,4976843.16049859
327,408301.829317426,4976815.25512511
328,408301.90628721,4976815.31896595
329,411255.515065487,4980304.08765316
330,411255.60790753,4980304.12480629
331,411302.104058536,4980308.17882762
332,411302.010083305,4980308.21301323
333,411534.926303112,4980356.18788812
334,411535.026180127,4980356.19284613
335,411583.732440001,4980355.60355039
336,411583.633258102,4980355.61631561
337,412350.598438287,4979648.16726573
338,412350.574024314,4979648.07029172
339,412340.806938205,4979599.55844712
340,412340.827092713,4979599.65639505
341,412319.746902993,4979349.5846044
342,412319.747499308,4979349.48460618
343,412320.909038679,4979299.84400286
344,412320.881149233,4979299.94003503
345,412448.669212625,4979267.76022599
346,412448.767416787,4979267.74135955
347,412497.247978704,4979267.89100665
348,412497.147981596,4979267.89024607
349,412743.049363587,4979282.59094878
350,412743.149347796,4979282.59272585
351,412792.775710375,4979283.13079254
352,412792.675962263,4979283.13788578
353,413289.015088432,4979458.10692722
354,413289.109223247,4979458.14067091
355,413328.57613748,4979484.4613637
356,413328.506079315,4979484.39000648
357,382682.446998504,4978547.12269522
358,382682.371893237,4978547.18871945
359,382641.527147986,4978575.51928834
360,382641.60845085,4978575.46106597
361,382700.678858323,4978799.11218519
362,382700.73895082,4978799.19211573
363,382733.715018035,4978833.16748223
364,382733.639274725,4978833.10219095
365,382769.956263312,4979397.75537922
366,382770.006021331,4979397.84212102
367,382795.111750795,4979440.08006108
368,382795.066035286,4979439.99112238
369,382796.375510936,4979442.53868368
370,382796.421226445,4979442.62762237
371,382796.31038646,4979492.2507183
372,382796.311995194,4979492.15073124
373,419756.39147333,4978014.87516005
374,419756.427675264,4978014.78194299
375,419796.774041169,4977986.07956899
376,419796.702965766,4977986.14991305
377,419821.879168494,4977965.97825793
378,419821.919376366,4977965.88669742
379,419850.645645631,4977929.52999289
380,419850.550162254,4977929.55970694
381,419869.266207441,4977918.55077654
382,419869.333962495,4977918.47722891
383,419903.190079194,4977883.91852469
384,419903.09483246,4977883.94898876
385,419935.193273288,4977836.0144492
386,419935.24639222,4977835.92972388
387,419974.256144056,4977806.99443363
388,419974.179659948,4977807.05885553
389,399718.969372615,4976818.39614777
390,399719.067334962,4976818.37606348
391,399763.63553198,4976799.49081153
392,399763.548075374,4976799.53930216
393,399928.565648879,4976397.32784224
394,399928.522362565,4976397.23769627
395,399917.89754827,4976348.80017974
396,399917.937466056,4976348.8918671
397,401821.696611914,4978980.71145075
398,401821.789414901,4978980.67420017
399,401868.362963267,4978963.63440529
400,401868.265059185,4978963.6547717
401,408530.42523589,4977674.33555203
402,408530.345993136,4977674.27455542
403,408490.470147709,4977645.20619692
404,408490.535887428,4977645.28155134
405,408408.694747515,4977583.12259348
406,408408.604715099,4977583.07907148
407,408370.187103837,4977551.7223358
408,408370.265971753,4977551.7838163
409,408171.418608774,4977046.18910693
410,408171.366131743,4977046.10398255
411,408145.710101489,4977003.88715665
412,408145.779565593,4977003.95909231
413,338572.844030579,5056523.93518313
414,338572.943127243,5056523.92177228
415,338603.601780073,5056510.61162122
416,338603.567440928,5056510.70554045
417,334905.402028351,5041349.49840047
418,334905.475619538,5041349.43069273
419,334927.443234142,5041328.0201137
420,334927.369520427,5041328.08768802
421,334595.411283325,5041555.39721529
422,334595.494488354,5041555.34174527
423,334634.453020417,5041524.8236541
424,334634.375760444,5041524.88714345
425,331693.265298424,5051518.78303302
426,331693.30918583,5051518.87288787
427,331725.076280091,5051554.9470823
428,331725.012395838,5051554.87014855
429,331246.325473487,5056402.13056241
430,331246.262228431,5056402.05310234
431,331214.204492154,5056364.47203474
432,331214.286679892,5056364.52900118
433,331329.44320985,5056507.36364213
434,331329.417685031,5056507.26695457
435,331311.278955137,5056480.40192994
436,331311.349467577,5056480.4728383
437,335791.101313467,5048606.60223535
438,335791.124173143,5048606.69958747
439,335809.088631443,5048652.58291927
440,335809.065771767,5048652.48556715
441,341296.267771198,5047938.46295262
442,341296.267556602,5047938.36295285
443,341296.074337036,5047923.60763309
444,341296.077724866,5047923.70757569
445,341538.438250914,5047988.93929868
446,341538.339452486,5047988.92384324
447,341489.079403807,5047984.37142181
448,341489.178712693,5047984.3831583
449,341766.618247571,5048109.06673344
450,341766.532727797,5048109.01490326
451,341724.827163557,5048082.28094793
452,341724.894181935,5048082.35516745
453,341978.455003682,5048235.39444971
454,341978.367587952,5048235.34588542
455,341935.995107057,5048209.61895998
456,341936.076040375,5048209.67769497
457,342665.43730944,5048378.84793994
458,342665.368591965,5048378.92058916
459,342640.670160789,5048380.91812773
460,342640.769349763,5048380.90541759
461,337051.844847073,5043646.10948957
462,337051.84041515,5043646.20939131
463,337041.022837368,5043694.60012291
464,337041.037004867,5043694.50113159
465,336798.700467574,5053932.16234964
466,336798.682013526,5053932.06406715
467,336803.777269954,5053883.93088054
468,336803.743759866,5053884.02509876
469,336606.903622221,5043075.41098729
470,336606.99770203,5043075.44488405
471,336621.077082178,5043102.08511867
472,336621.176671074,5043102.07606043
473,342280.896285549,5051821.72861485
474,342280.876420508,5051821.63060781
475,342276.490716721,5051772.25601869
476,342276.50072143,5051772.35551696
477,342500.577384197,5041837.04207417
478,342500.627956131,5041837.12834398
479,342528.270367334,5041878.37438941
480,342528.220075526,5041878.287956
481,342691.14719743,5042186.90397303
482,342691.217051086,5042186.97553046
483,342724.85246701,5042223.08472932
484,342724.785826872,5042223.01017
485,342315.057027013,5051270.11765848
486,342315.100163053,5051270.02744051
487,342341.806186942,5051228.429011
488,342341.742539769,5051228.506141
489,342411.306040242,5051129.50519504
490,342411.361510276,5051129.42199002
491,342436.491353925,5051087.136738
492,342436.44444318,5051087.22505211
493,342453.313090671,5051063.67065366
494,342453.37656882,5051063.59338449
495,342484.839851539,5051025.68142988
496,342484.771118681,5051025.75406454
497,342747.037166808,5050768.05579267
498,342747.109306465,5050767.98654045
499,342782.968653604,5050733.80484417
500,342782.889977759,5050733.86657027
501,342801.271207878,5050715.20282408
502,342801.328356504,5050715.12076292
503,342837.258930385,5050681.10119699
504,342837.18560088,5050681.16918805
505,326610.773964011,5054334.74942479
506,326610.873914605,5054334.74628172
507,326658.151752009,5054323.34684459
508,326658.053592532,5054323.32774702
509,338153.968658134,5038048.97153322
510,338154.029780612,5038048.89238752
511,338172.500124185,5038004.53879051
512,338172.496000255,5038004.63870544
513,338074.48354012,5038150.25842191
514,338074.544662599,5038150.17927621
515,338105.64075525,5038111.5499172
516,338105.579632771,5038111.6290629
517,340823.875745104,5049011.01860769
518,340823.971584648,5049010.99006331
519,340868.755001761,5049031.86778509
520,340868.663518504,5049031.82740175
521,336496.316570377,5043040.51541511
522,336496.414979315,5043040.53318252
523,336543.3927107,5043056.19074332
524,336543.296558305,5043056.16327121
525,336111.618824928,5042543.69776399
526,336111.718741367,5042543.70185119
527,336128.908864472,5042541.7124989
528,336128.809165225,5042541.72024875
529,336862.397522784,5042825.2017438
530,336862.414646261,5042825.30026683
531,336901.917758446,5042854.43921686
532,336901.865247692,5042854.35411327
533,335119.487329329,5044284.72743999
534,335119.540523968,5044284.81163991
535,335143.04438328,5044292.45049077
536,335143.036353443,5044292.55016786
537,331866.420396073,5051765.06618095
538,331866.51988134,5051765.07631415
539,331914.413427206,5051753.47879848
540,331914.317303642,5051753.5063713
541,331240.295207097,5051938.02532294
542,331240.380307407,5051937.97280688
543,331288.481252466,5051925.95892373
544,331288.399756496,5051926.0168755
545,330405.242292353,5056383.3920381
546,330405.234472687,5056383.2923443
547,330411.908431366,5056334.1504398
548,330411.837929425,5056334.2213586
549,330390.957461836,5056750.95875831
550,330390.952351934,5056750.85888895
551,330393.440393825,5056701.30577774
552,330393.425710975,5056701.40469393
553,330490.392097743,5057154.1674745
554,330490.319026615,5057154.09920584
555,330467.024619365,5057110.34603548
556,330467.048404225,5057110.4431657
557,330531.26590208,5057200.18062834
558,330531.191843427,5057200.11343224
559,330496.959284392,5057164.27287177
560,330497.009355485,5057164.35943323
561,335464.665667254,5053502.0961263
562,335464.748392213,5053502.03994284
563,335478.959441499,5053454.36036808
564,335478.923892305,5053454.45383601
565,337628.433196055,5053029.4970051
566,337628.446477915,5053029.39789107
567,337629.47,5053021.76
568,337629.456718139,5053021.85911404
569,338036.456619077,5056316.07793939
570,338036.555512979,5056316.09277166
571,338085.88516754,5056320.23253968
572,338085.78559924,5056320.22325779
573,337724.817874351,5051188.5085898
574,337724.781754931,5051188.41534074
575,337690.32596598,5051155.14312567
576,337690.416941449,5051155.18464029
577,337791.992520309,5051317.45556097
578,337791.936923283,5051317.37244075
579,337769.996468173,5051272.8557486
580,337770.043516372,5051272.94398956
581,337846.62917977,5051377.70316329
582,337846.556239878,5051377.63475443
583,337811.111282324,5051343.24353926
584,337811.177321945,5051343.318631
585,337963.052740326,5051763.53949479
586,337963.01244661,5051763.44797203
587,337947.810886306,5051716.28440905
588,337947.864310193,5051716.3689424
589,336214.612114929,5049501.94121427
590,336214.681619056,5049502.01311126
591,336245.676696769,5049540.31087382
592,336245.61397525,5049540.23298922
593,335562.596052134,5050473.51303209
594,335562.669327003,5050473.44498216
595,335598.306498211,5050438.82623214
596,335598.23368516,5050438.89477599
597,334908.403218194,5050817.54873007
598,334908.49246824,5050817.50362543
599,334954.431148407,5050798.92281771
600,334954.338925964,5050798.96148321
601,343992.662499454,5049923.85567175
602,343992.660570593,5049923.75569035
603,343994.368735426,5049903.50280361
604,343994.353888155,5049903.60169526
605,345262.655928298,5051107.15522331
606,345262.555970077,5051107.15811365
607,345213.124704667,5051110.58827618
608,345213.224662888,5051110.58538585
609,345587.012758886,5051098.78980148
610,345586.912976745,5051098.79639878
611,345562.245610235,5051099.72670403
612,345562.345574296,5051099.72402328
613,344442.538555335,5041974.39547972
614,344442.46298585,5041974.32998733
615,344404.384046094,5041942.61008414
616,344404.452723717,5041942.68277103
617,338018.035820469,5047469.86864372
618,338018.101993081,5047469.79366915
619,338011.972426711,5047421.24966999
620,338011.917075341,5047421.332954
621,337699.426481263,5047756.54709321
622,337699.466886665,5047756.4556197
623,337736.543406652,5047723.6641303
624,337736.443625155,5047723.67073732
625,337273.548055885,5048479.77221548
626,337273.565626419,5048479.6737712
627,337292.79958866,5048434.96891419
628,337292.728294912,5048435.03903695
629,337241.902499307,5048623.58917607
630,337241.947667316,5048623.49995807
631,337266.727767636,5048580.63869603
632,337266.656401236,5048580.70874485
633,337118.719818704,5049082.51024366
634,337118.748014469,5049082.41430098
635,337133.201564358,5049034.85584823
636,337133.163207785,5049034.94819959
637,337021.647537492,5049352.34540155
638,337021.676335629,5049352.24963795
639,337049.140097581,5049312.50596835
640,337049.111299443,5049312.60173195
641,336888.805634645,5049474.95234411
642,336888.880770921,5049474.88635517
643,336924.450210169,5049440.33219325
644,336924.367992611,5049440.38911665
645,336547.299764847,5049693.99317412
646,336547.39937125,5049693.98431046
647,336571.706301218,5049689.67540556
648,336571.608989452,5049689.69843641
649,336267.923016673,5043699.68778935
650,336268.022992454,5043699.68558864
651,336317.552586046,5043701.59604516
652,336317.452610265,5043701.59824588
653,336017.89993052,5043706.98824946
654,336017.997529467,5043706.96646769
655,336067.602542423,5043705.17693838
656,336067.502844516,5043705.16917131
657,335946.314829792,5042552.51147206
658,335946.413836531,5042552.52553142
659,335995.756584122,5042548.69162783
660,335995.659788824,5042548.71674097
661,336896.226074293,5043340.30397188
662,336896.218441423,5043340.40368016
663,336895.064785667,5043380.84115351
664,336895.063429863,5043380.74116271
665,337041.891263228,5043190.58209667
666,337041.828249928,5043190.65933889
667,337012.047148783,5043230.3083841
668,337012.107212393,5043230.22843185
669,337183.005619548,5042996.90569751
670,337182.970476376,5042996.99931886
671,337157.005549552,5043039.06733064
672,337157.049337138,5043038.97742709
673,352243.008968525,5039558.33323991
674,352243.012382575,5039558.43318162
675,352277.671002796,5039593.02415909
676,352277.581854347,5039592.97885397
677,371780.793641248,5028991.92101674
678,371780.738033159,5028992.00412956
679,371759.438959083,5029036.84674363
680,371759.480339301,5029036.75570695
681,338226.722110122,5037161.80987388
682,338226.778836446,5037161.72752023
683,338274.469580056,5037148.85627471
684,338274.3723113,5037148.87948654
685,338348.529002575,5037168.78477645
686,338348.549347232,5037168.88268506
687,338358.197427888,5037212.18734714
688,338358.186937314,5037212.08789892
689,337947.739383981,5047257.08635154
690,337947.693425809,5047256.99753799
691,337963.899892274,5047212.36507187
692,337963.814434813,5047212.41700473
693,337991.117305041,5046883.72028611
694,337991.021858801,5046883.69045299
695,337952.98638023,5046863.62460343
696,337953.065430222,5046863.68584964
697,337913.479138836,5046412.67598626
698,337913.50754766,5046412.58010644
699,337932.145639581,5046367.15295137
700,337932.077346304,5046367.22599949
701,337983.202657698,5046205.5192881
702,337983.231066521,5046205.42340829
703,337999.778107545,5046159.15632885
704,337999.731443973,5046159.24477381
705,338147.34097645,5045867.15778314
706,338147.409429482,5045867.0848847
707,338179.32760738,5045829.07409956
708,338179.265500967,5045829.15247553
709,338403.300531755,5045773.87502711
710,338403.370325835,5045773.80341156
711,338433.814402833,5045735.17754699
712,338433.752082439,5045735.25575293
713,341223.885277258,5050811.02736068
714,341223.966022738,5050811.08635363
715,341259.668583296,5050845.48339866
716,341259.596952284,5050845.41362045
717,341337.548662135,5050920.47650141
718,341337.626881548,5050920.53880489
719,341373.307799933,5050954.78718435
720,341373.236168921,5050954.71740614
721,342257.738645204,5051570.01472016
722,342257.730770463,5051569.9150307
723,342266.244924749,5051540.58334658
724,342266.212678376,5051540.67800476
725,342420.912592093,5050226.32621968
726,342420.857925773,5050226.24248442
727,342394.659637305,5050184.07142632
728,342394.704661898,5050184.16071677
729,337676.134726213,5044744.83520844
730,337676.218968716,5044744.8890898
731,337722.28800553,5044763.31184883
732,337722.217846002,5044763.24059126
733,335822.012817707,5041126.9715486
734,335822.112744947,5041126.96773459
735,335871.514170658,5041124.09243202
736,335871.415119316,5041124.10617362
737,336101.611108771,5041130.93769768
738,336101.689774814,5041130.99943627
739,336141.528868126,5041160.56516783
740,336141.45354578,5041160.49939136
741,336377.113054541,5041287.00788811
742,336377.213008006,5041287.0109385
743,336426.460358129,5041293.16714322
744,336426.362989537,5041293.14435381
745,327128.58580224,5003032.70497109
746,327128.657900227,5003032.63567549
747,327201.714577429,5002972.1400559
748,327201.622078151,5002972.17805436
749,324296.912920103,4982710.6868028
750,324296.814035166,4982710.70169471
751,324240.715829426,4982718.26451976
752,324240.815705463,4982718.25954209
753,326183.976504957,5000688.76210931
754,326183.880369953,5000688.7345764
755,326103.219686992,5000666.3538523
756,326103.225417642,5000666.45368796
757,325975.429042213,5000504.16635864
758,325975.329690771,5000504.17772926
759,325890.687058236,5000503.8496593
760,325890.786409678,5000503.83828868
761,324431.310416803,5000200.64235245
762,324431.211596036,5000200.6270405
763,324373.418163347,5000236.59450211
764,324373.486992998,5000236.52195916
765,327391.822654959,5002929.77776745
766,327391.764563184,5002929.69637122
767,327377.233481273,5002877.74703619
768,327377.236786991,5002877.84698154
769,327353.835580791,5002889.56028917
770,327353.924593805,5002889.51471853
771,327377.233481273,5002877.74703619
772,327377.143639196,5002877.79094976
773,327592.555851161,5001545.49082927
774,327592.550188932,5001545.39098971
775,327591.126589867,5001494.74885735
776,327591.141602348,5001494.84772405
777,409722.720783823,4980526.94426249
778,409722.699197912,4980527.04190494
779,409725.861111851,4980567.71709034
780,409725.763330628,4980567.73803867
781,409731.014354935,4980567.21558633
782,409731.114228608,4980567.22061121
783,409750.853291542,4980567.77398731
784,409750.753292066,4980567.77366353
785,396536.444816778,4980363.19336432
786,396536.389471366,4980363.11007635
787,396507.646556826,4980313.92671471
788,396507.685484945,4980314.01882661
789,407997.098534686,4976462.81727472
790,407997.06599852,4976462.72271576
791,407977.989041384,4976407.2798786
792,407978.021577549,4976407.37443757
793,402312.541637026,4978538.12902385
794,402312.545840788,4978538.02911224
795,402312.904894038,4978513.3288498
796,402312.905452573,4978513.42884825
797,408567.9998651,4977022.7416011
798,408567.998490068,4977022.64161055
799,408388.479185244,4976874.63939214
800,408388.573238153,4976874.67336346
801,402289.384132193,4978939.39688579
802,402289.418566144,4978939.30300127
803,402313.790530649,4978879.29991313
804,402313.792122232,4978879.39990046
805,335942.457099521,5043708.02896611
806,335942.553257306,5043708.00151287
807,335969.43197683,5043708.25880807
808,335969.332001048,5043708.26100879
809,335942.888809128,5043674.73625295
810,335942.890526116,5043674.83623821
811,335942.457099521,5043708.02896611
812,335942.556881709,5043708.0355627
813,335917.68995087,5043709.6287507
814,335917.789210798,5043709.61660711
815,335942.457099521,5043708.02896611
816,335942.357484865,5043708.03773654
817,334842.439039351,5041391.47569496
818,334842.522034457,5041391.41991134
819,334885.260225746,5041363.0084546
820,334885.178852352,5041363.06657835
821,337992.811162446,5051817.1916329
822,337992.799516936,5051817.09231331
823,337974.09937672,5051798.90252543
824,337974.162999839,5051798.82537558
825,337974.09937672,5051798.90252543
826,337974.043077403,5051798.98517158
827,337967.852588008,5051774.44182364
828,337967.892881723,5051774.5333464
829,341467.807372533,5047982.59601707
830,341467.707388661,5047982.59422111
831,341376.064836151,5047971.99132201
832,341376.164820022,5047971.99311797
833,341628.480123526,5048031.5089871
834,341628.393913909,5048031.45831263
835,341545.374456842,5047989.93423372
836,341545.474394418,5047989.93776656
837,341331.194705975,5048494.92023584
838,341331.132282272,5048494.84211234
839,341306.913235815,5048418.07165282
840,341306.915547392,5048418.17162609
841,343393.721175978,5042328.44545895
842,343393.77389368,5042328.5304345
843,343418.812012449,5042402.4595381
844,343418.713617074,5042402.44169573
845,336821.848076672,5054071.77642007
846,336821.822215398,5054071.67982196
847,336806.799161765,5053975.38768198
848,336806.817236579,5053975.48603492
849,336807.074630329,5051096.09471591
850,336807.125646719,5051096.00870819
851,336836.368458841,5051044.01899175
852,336836.319832912,5051044.1063732
853,336810.251733257,5043490.59910631
854,336810.191669659,5043490.67905857
855,336778.785192524,5043529.81065868
856,336778.86056032,5043529.7449343
857,336852.640866049,5043439.85392059
858,336852.589057789,5043439.93945365
859,336820.261625277,5043481.16919847
860,336820.329347805,5043481.09562089
861,336762.39243237,5043511.23163501
862,336762.436085108,5043511.3216041
863,336778.785192524,5043529.81065868
864,336778.797096978,5043529.71136979
865,342273.658237067,5051500.27547874
866,342273.6739869,5051500.17672682
867,342281.910149702,5051442.18646647
868,342281.894399869,5051442.28521839
869,342665.966155388,5050845.8818836
870,342666.038295045,5050845.81263138
871,342721.338478005,5050792.27534222
872,342721.25980216,5050792.33706832
873,338208.169578438,5037771.2650524
874,338208.254349296,5037771.21200618
875,338289.689086392,5037721.47317874
876,338289.598851493,5037721.51627935
877,337962.351500871,5038293.81885137
878,337962.363172096,5038293.71953479
879,337982.96158289,5038267.13146067
880,337982.900460411,5038267.21060637
881,336258.776260623,5042928.74142021
882,336258.817166994,5042928.8326708
883,336287.698083945,5042981.43566852
884,336287.61388199,5042981.38172381
885,334494.238123702,5050989.72527048
886,334494.31564948,5050989.66210598
887,334555.081659478,5050966.48257198
888,334554.985570718,5050966.51026584
889,331421.894537071,5051888.07281228
890,331421.974291836,5051888.01248669
891,331516.352628507,5051861.98213521
892,331516.256367882,5051862.00922566
893,330420.755507665,5056234.5955899
894,330420.820051764,5056234.51920888
895,330420.048389952,5056135.97735924
896,330420.031812575,5056136.07597562
897,330402.63517986,5056515.75880063
898,330402.622660564,5056515.65958739
899,330407.185869266,5056440.34331838
900,330407.210911488,5056440.44013205
901,330382.191987699,5056881.06337892
902,330382.220489039,5056880.96752657
903,330388.304916327,5056789.73331198
904,330388.290111635,5056789.83221001
905,330459.726473698,5057096.65481783
906,330459.659841342,5057096.58025155
907,330429.092782437,5057028.8085495
908,330429.139413758,5057028.89701147
909,338187.152466456,5045826.59831412
910,338187.251869316,5045826.58740214
911,338244.518860041,5045821.13108796
912,338244.421036626,5045821.15183837
913,338253.248095076,5045819.27943295
914,338253.345918491,5045819.25868254
915,338398.833199765,5045789.49813148
916,338398.787429902,5045789.58704222
917,339388.637293091,5045467.12236057
918,339388.728770099,5045467.08196309
919,339449.530431736,5045438.05951137
920,339449.44098905,5045438.1042328
921,342755.776847114,5050396.43471271
922,342755.676884198,5050396.43743584
923,342703.896154738,5050383.99257986
924,342703.990139005,5050384.02674062
925,342700.750718238,5050382.84929807
926,342700.65673397,5050382.81513731
927,342588.648464439,5050326.89379739
928,342588.73858231,5050326.93714216
929,342482.890042018,5050277.58825798
930,342482.799005331,5050277.54687777
931,342422.541452616,5050228.82123041
932,342422.596118936,5050228.90496566
933,325829.113601784,5000505.95131278
934,325829.013966741,5000505.94277708
935,325757.529103612,5000506.069507
936,325757.62845505,5000506.05813635
937,407967.46674194,4976376.6992084
938,407967.434205775,4976376.60464944
939,407924.791267205,4976256.65143059
940,407924.822394379,4976256.74646268
941,402350.606405698,4978545.09306086
942,402350.508914958,4978545.07079978
943,402312.541637026,4978538.12902385
944,402312.63629931,4978538.16125818
945,409428.095261167,4977518.74654903
946,409428.027890432,4977518.67264921
947,409333.916485713,4977434.92186789
948,409333.957284726,4977435.01316652
949,408609.952668961,4977116.99806627
950,408609.91313142,4977116.90621431
951,408579.183149949,4977052.26463257
952,408579.247191225,4977052.34143567
953,408361.587841812,4977545.01888822
954,408361.508973897,4977544.95740772
955,408302.228724952,4977465.20862976
956,408302.24449974,4977465.30737771
957,342292.123266445,5051379.92129683
958,342292.148769546,5051379.82460354
959,342312.158096435,5051276.44661505
960,342312.124084123,5051276.54065314
961,341686.794680709,5051261.14478602
962,341686.866413906,5051261.21445918
963,341760.033806981,5051330.00682169
964,341759.969362865,5051329.9303563
965,341918.098598587,5051485.80608661
966,341918.170331784,5051485.87575976
967,341988.781979768,5051554.44438328
968,341988.710064539,5051554.37489803
969,326777.051475231,4983331.81334782
970,326776.95147636,4983331.81382305
971,326758.249024559,4983332.01555011
972,326758.349003397,4983332.01349291
973,324257.63540899,5000337.03464037
974,324257.673860722,5000336.9423286
975,324256.343141638,5000334.90959725
976,324256.437529391,5000334.87656769
977,324977.639461626,4997100.61673112
978,324977.539504669,4997100.61379739
979,324961.812029261,4997100.33836878
980,324961.912028093,4997100.33788555
981,338607.048455187,5056538.55993022
982,338607.045677266,5056538.45996882
983,338603.601780073,5056510.61162122
984,338603.623641622,5056510.70920232
985,338603.601780073,5056510.61162122
986,338603.610026729,5056510.51196183
987,338603.920230687,5056492.474393
988,338603.937908176,5056492.57281813
989,334932.795951719,5041354.88195596
990,334932.776879756,5041354.78379151
991,334927.443234142,5041328.0201137
992,334927.471448044,5041328.11605106
993,334927.443234142,5041328.0201137
994,334927.444435136,5041327.92012091
995,334925.717946841,5041307.42845493
996,334925.734825356,5041307.52694778
997,336621.077082178,5043102.08511867
998,336621.174394808,5043102.10814587
999,336624.520208451,5043121.89552089
1000,336624.510253477,5043121.79601763
1001,336623.564580618,5043075.90054725
1002,336623.481489453,5043075.95618769
1003,336621.077082178,5043102.08511867
1004,336620.977213604,5043102.07999343
1005,341421.692420421,5048597.11054577
1006,341421.633378025,5048597.02983644
1007,341403.318473502,5048572.40030991
1008,341403.362129332,5048572.49027751
1009,341403.318473502,5048572.40030991
1010,341403.244841491,5048572.33264658
1011,341390.896588431,5048560.63570551
1012,341390.966868259,5048560.70684443
1013,336128.908864472,5042541.7124989
1014,336128.940487249,5042541.80736723
1015,336141.207340311,5042578.60792604
1016,336141.175717535,5042578.51305771
1017,336128.908864472,5042541.7124989
1018,336129.008853855,5042541.71104179
1019,336136.936465776,5042530.36691716
1020,336136.871700941,5042530.44311109
1021,331898.658166588,5051733.93602048
1022,331898.727141764,5051734.00842508
1023,331912.777010841,5051747.58484818
1024,331912.701090273,5051747.51976311
1025,337652.887691324,5053019.05254859
1026,337652.78835124,5053019.06401802
1027,337629.47,5053021.76
1028,337629.569334764,5053021.74848459
1029,337629.47,5053021.76
1030,337629.487102068,5053021.66147326
1031,337636.634205048,5052980.48629112
1032,337636.617102979,5052980.58481787
1033,336365.210992391,5049733.59004274
1034,336365.30461342,5049733.55489871
1035,336392.350788994,5049727.13881925
1036,336392.326392534,5049727.23579767
1037,342238.137216253,5051555.75808279
1038,342238.237137012,5051555.76206298
1039,342266.244924749,5051540.58334658
1040,342266.283913852,5051540.49126048
1041,327377.233481273,5002877.74703619
1042,327377.266499783,5002877.65264457
1043,327384.838507877,5002858.11171963
1044,327384.787361598,5002858.19765018
1045,336778.785192524,5043529.81065868
1046,336778.846439176,5043529.88970834
1047,336796.642058073,5043547.1067844
1048,336796.556124046,5043547.05564398
1049,326789.002469366,4983358.07042015
1050,326789.018459912,4983357.97170691
1051,326777.051475231,4983331.81334782
1052,326777.106385864,4983331.72977257
1053,408063.0797315,4976647.98507371
1054,408062.997630767,4976647.92798194
1055,408056.825339514,4976643.49984855
1056,408056.902694962,4976643.56322153
1057,341297.192119112,5047966.96477218
1058,341297.199141834,5047966.86501907
1059,341296.267771198,5047938.46295262
1060,341296.27571269,5047938.56263679
1061,336392.350788994,5049727.13881925
1062,336392.449676456,5049727.12394411
1063,336409.507862484,5049723.81745873
1064,336409.410667277,5049723.84097663
1065,343994.368735426,5049903.50280361
1066,343994.465666949,5049903.4782215
1067,344004.27758764,5049901.91314359
1068,344004.177698983,5049901.91786125
1069,336522.813315416,5049698.39916898
1070,336522.910508795,5049698.37564353
1071,336547.299764847,5049693.99317412
1072,336547.200150009,5049694.00194248
1073,336925.810479617,5043341.77048441
1074,336925.750416008,5043341.85043667
1075,336895.121890596,5043380.89448579
1076,336895.182236713,5043380.81474656
1077,342266.244924749,5051540.58334658
1078,342266.270133267,5051540.48657607
1079,342270.131744669,5051522.38669142
1080,342270.115994836,5051522.48544334
