L  2 1
 326260.0171395322 5000731.605631246
 326248.0295459978 5000732.151159664
 1 1
L  2 1
 326246.14755663706 5000690.0367765045
 326258.1337952389 5000689.462246976
 1 2
L  2 1
 326273.4919093077 5000683.8523618905
 326273.6869753054 5000695.850776338
 1 3
L  2 1
 326251.7410668793 5000695.686615104
 326252.6352192567 5000683.719974326
 1 4
L  2 1
 338424.55723267084 5037600.225510662
 338435.51289437513 5037595.329238957
 1 5
L  2 1
 338442.91676939896 5037629.625848467
 338431.791668391 5037634.123862202
 1 6
L  2 1
 325992.29575480655 5054654.7659516595
 326001.72531883843 5054662.1877656
 1 7
L  2 1
 325960.59168396436 5054722.45931695
 325948.59632016264 5054722.12577945
 1 8
L  2 1
 338361.8320984239 5037579.931661955
 338365.8677691541 5037568.630628296
 1 9
L  2 1
 338433.218324677 5037592.658359689
 338426.726894789 5037602.750997501
 1 10
L  2 1
 337689.8255781942 5041484.259469108
 337677.92144662875 5041485.773289333
 1 11
L  2 1
 337674.601549585 5041448.670550511
 337686.60152841697 5041448.648010909
 1 12
L  2 1
 335607.31448334537 5052548.35098416
 335614.2105232427 5052558.17160704
 1 13
L  2 1
 335574.90240807604 5052582.535024346
 335569.12292372104 5052572.018486864
 1 14
L  2 1
 345563.0265520812 5051105.707918449
 345562.70486078376 5051093.712231112
 1 15
L  2 1
 345586.56702981243 5051092.806171679
 345587.3587058186 5051104.780028581
 1 16
L  2 1
 339559.1796158194 5045390.011520864
 339554.7229561776 5045378.869789185
 1 17
L  2 1
 339607.83804551815 5045372.128760629
 339597.2960484708 5045377.861674222
 1 18
L  2 1
 341505.34730841574 5051091.787624341
 341513.72069287923 5051083.191902579
 1 19
L  2 1
 341546.95375161036 5051116.956081926
 341535.55573514465 5051120.709110123
 1 20
L  2 1
 337662.41858771164 5041449.71368447
 337663.95424570027 5041437.812350321
 1 21
L  2 1
 337686.5948227485 5041448.8955048295
 337674.6136698485 5041448.223213832
 1 22
L  2 1
 325694.28752549266 5000499.840252848
 325694.4584715034 5000511.839035181
 1 23
L  2 1
 325646.8942027043 5000515.423917735
 325643.20202584076 5000504.006044464
 1 24
L  2 1
 325973.7486763173 4983366.528171449
 325985.6807388887 4983367.803272541
 1 25
L  2 1
 325987.7111920651 4983415.27208467
 325976.0034342339 4983417.904271321
 1 26
L  2 1
 325976.6187495712 4983467.202195416
 325988.6153954857 4983466.918493454
 1 27
L  2 1
 325938.71112695173 4983490.874877224
 325941.9778652482 4983479.328084556
 1 28
L  2 1
 328925.05393870856 5000264.624563178
 328925.4618198864 5000276.617629213
 1 29
L  2 1
 328901.7986704938 5000277.777307431
 328900.3800856772 5000265.861451729
 1 30
L  2 1
 407982.5702162527 4975790.049073035
 407974.31153508835 4975781.343087425
 1 31
L  2 1
 408011.5245898837 4975750.077330889
 408018.99980737426 4975759.464616092
 1 32
L  2 1
 383162.1870419805 4979627.400759393
 383171.1336865995 4979619.403412955
 1 33
L  2 1
 383207.185018628 4979653.263456647
 383198.373118527 4979661.409033152
 1 34
L  2 1
 402943.6339936814 4976539.5685372725
 402932.08232600766 4976536.319079787
 1 35
L  2 1
 402943.4553941463 4976489.401998041
 402955.43206331664 4976490.149925569
 1 36
L  2 1
 408871.36816505576 4977203.978265324
 408871.0187970472 4977215.973178496
 1 37
L  2 1
 408823.95361898356 4977217.727672516
 408819.2529537554 4977206.686669554
 1 38
L  2 1
 399996.46077508084 4976641.388424923
 399984.58762908215 4976639.648193876
 1 39
L  2 1
 399981.18437416 4976592.75099039
 399992.7100818349 4976589.4106217595
 1 40
L  2 1
 382748.3761653081 4978853.935581407
 382757.1029408259 4978845.698871562
 1 41
L  2 1
 382790.46262252546 4978882.004958899
 382782.23148060957 4978890.736986312
 1 42
L  2 1
 383171.69801796734 4978172.849750579
 383175.0561303397 4978184.37030097
 1 43
L  2 1
 383132.3352000635 4978202.317113353
 383123.78434437345 4978193.8979170155
 1 44
L  2 1
 407887.97130583005 4975940.9948041905
 407876.2302588759 4975938.515325129
 1 45
L  2 1
 407884.0359437566 4975892.099686754
 407895.8155161154 4975894.389157225
 1 46
L  2 1
 402311.70393799536 4978236.446895509
 402299.7041207297 4978236.513119311
 1 47
L  2 1
 402321.20843904343 4978185.30986665
 402320.0093750456 4978197.24980993
 1 48
L  2 1
 382724.11877630214 4978496.841204587
 382730.31450938986 4978507.118017882
 1 49
L  2 1
 382696.914704928 4978543.916499798
 382690.780103309 4978533.603078301
 1 50
L  2 1
 357756.65799110895 5028573.608219223
 357764.59180684807 5028564.605188187
 1 51
L  2 1
 357816.44538535306 5028653.06480628
 357805.1175785399 5028657.02470436
 1 52
L  2 1
 337949.9856159849 5051830.871577638
 337960.2488732041 5051837.089740652
 1 53
L  2 1
 337929.83817989426 5051877.973226333
 337921.3857266387 5051869.455243358
 1 54
L  2 1
 337626.36758133426 5053004.549871816
 337638.1907906067 5053006.602119974
 1 55
L  2 1
 337635.39015566226 5053022.736860755
 337623.56694640574 5053020.684612506
 1 56
L  2 1
 337655.6570373365 5053024.772668358
 337654.28070569655 5053012.851858351
 1 57
L  2 1
 337701.5065315071 5053007.399342151
 337702.8828631479 5053019.320152158
 1 58
L  2 1
 338518.25019897206 5053625.019241936
 338530.249225784 5053625.172067215
 1 59
L  2 1
 338528.9339664216 5053674.693098596
 338516.9390730615 5053674.3430510545
 1 60
L  2 1
 338841.5845815519 5054891.492843604
 338851.1522739591 5054884.249966966
 1 61
L  2 1
 338881.5923370272 5054924.56940313
 338870.7901963508 5054929.79565961
 1 62
L  2 1
 338887.31194175064 5055291.0286383275
 338894.68261066236 5055300.498233873
 1 63
L  2 1
 338861.7377827274 5055333.40519539
 338850.6164473696 5055328.89787913
 1 64
L  2 1
 337069.586955352 5053714.028934924
 337069.59111087606 5053726.028934205
 1 65
L  2 1
 337019.68946628517 5053725.929946506
 337020.7326130209 5053713.975372283
 1 66
L  2 1
 335577.21256113035 5052724.858717145
 335589.2037951847 5052724.400125984
 1 67
L  2 1
 335590.91406989004 5052774.178477309
 335578.9330114259 5052773.5045054415
 1 68
L  2 1
 334278.52442497265 5053365.303342701
 334279.35424903635 5053377.274616319
 1 69
L  2 1
 334238.469152188 5053388.781149094
 334228.332144687 5053382.359227347
 1 70
L  2 1
 334488.6551755712 5050577.054933966
 334479.1521869218 5050584.382498822
 1 71
L  2 1
 334448.9932268263 5050544.181797825
 334459.2968852427 5050538.030812275
 1 72
L  2 1
 334306.36743743025 5050447.708864893
 334303.8185066288 5050459.435030156
 1 73
L  2 1
 334255.1954496622 5050446.201087919
 334259.29128256574 5050434.921719461
 1 74
L  2 1
 334372.3377431761 5048576.984768611
 334363.2938448969 5048584.871967348
 1 75
L  2 1
 334338.4653960359 5048538.367283743
 334350.3284699281 5048536.559667127
 1 76
L  2 1
 350962.01312643074 5037209.6457763715
 350974.0073073232 5037209.27211246
 1 77
L  2 1
 350976.1448501043 5037259.3902361365
 350964.22967872274 5037257.965914913
 1 78
L  2 1
 352995.3776232799 5039736.791013053
 353007.3772808921 5039736.700364338
 1 79
L  2 1
 353007.7879706208 5039744.8450273555
 352995.8166557682 5039745.674256334
 1 80
L  2 1
 353004.29833281966 5040102.099710021
 353016.29822734935 5040102.049398219
 1 81
L  2 1
 352989.04284715845 5040144.023904887
 352988.85979667347 5040132.025301113
 1 82
L  2 1
 358015.325026079 5031864.686819547
 358021.34450690594 5031854.305786333
 1 83
L  2 1
 358063.744241889 5031878.115862678
 358058.7842747491 5031889.042835084
 1 84
L  2 1
 363646.9409773408 5030669.590957339
 363658.3050634642 5030665.736408521
 1 85
L  2 1
 363677.2662502821 5030711.722374725
 363665.82519727683 5030715.342085504
 1 86
L  2 1
 363652.3631104896 5031071.733414552
 363664.31071195734 5031070.613227439
 1 87
L  2 1
 363667.1765688073 5031120.54066223
 363655.1766430557 5031120.582875471
 1 88
L  2 1
 361177.8242030463 5034551.265852254
 361178.13438151975 5034563.261842806
 1 89
L  2 1
 361127.7888654589 5034549.90567359
 361136.88746499806 5034542.08164097
 1 90
L  2 1
 361038.61301828845 5033957.14137857
 361027.9548185615 5033962.655250039
 1 91
L  2 1
 361005.7044462105 5033918.458237659
 361016.1909312955 5033912.6244026795
 1 92
L  2 1
 362470.94127939106 5015889.901857552
 362466.47840746096 5015901.0411023265
 1 93
L  2 1
 362421.1004368081 5015883.485973871
 362424.4327455739 5015871.957933349
 1 94
L  2 1
 362921.3065900381 5016394.477881835
 362913.39073954686 5016403.496712745
 1 95
L  2 1
 362876.1324727356 5016370.795037603
 362884.04832316446 5016361.776206637
 1 96
L  2 1
 363531.0521232571 5017473.488129535
 363522.21050025884 5017481.601433595
 1 97
L  2 1
 363503.63216668315 5017435.076249002
 363513.4597755699 5017428.19016858
 1 98
L  2 1
 364242.29047379387 5018242.842747832
 364240.2905010681 5018254.6749120075
 1 99
L  2 1
 364198.51947156654 5018228.649819809
 364205.9797754125 5018219.250678011
 1 100
L  2 1
 369761.77187441924 5016321.952397602
 369773.7605138558 5016321.430358848
 1 101
L  2 1
 369771.78308143007 5016374.10448824
 369761.42277012084 5016368.049411892
 1 102
L  2 1
 369782.96073253726 5017294.227997895
 369792.09556554473 5017302.009696035
 1 103
L  2 1
 369759.44356533856 5017338.162594982
 369749.72800397844 5017331.119309708
 1 104
L  2 1
 370576.89990572585 5018741.739344525
 370588.5536415011 5018738.877449614
 1 105
L  2 1
 370598.2020834376 5018789.916776298
 370586.40956352244 5018787.694958562
 1 106
L  2 1
 343392.3272366622 5038924.418404321
 343395.75689908577 5038912.918951479
 1 107
L  2 1
 343442.4684352833 5038926.426138217
 343438.06613679975 5038937.5894606635
 1 108
L  2 1
 342140.0586981691 5037798.626221947
 342137.62952261383 5037786.874664344
 1 109
L  2 1
 342187.3295124401 5037775.832719816
 342186.83252995886 5037787.822424084
 1 110
L  2 1
 339811.6679766781 5037916.816562038
 339808.69775830384 5037905.189963102
 1 111
L  2 1
 339854.2562462884 5037887.582355156
 339858.75854416157 5037898.705723074
 1 112
L  2 1
 337081.87282976636 5038086.080975809
 337072.5959484157 5038078.469177571
 1 113
L  2 1
 337104.09720700234 5038040.077004469
 337113.3740884147 5038047.688802631
 1 114
L  2 1
 335016.76924198103 5041764.563388399
 335004.95053445705 5041766.641404872
 1 115
L  2 1
 334996.2109524851 5041717.362255574
 335008.1537194259 5041716.191649835
 1 116
L  2 1
 334976.6729639047 5041153.319562408
 334976.4367859013 5041141.321886801
 1 117
L  2 1
 335026.54996306484 5041140.744847706
 335025.59074543824 5041152.706448834
 1 118
L  2 1
 336189.01613592333 5041201.071696739
 336195.9704236046 5041191.29223444
 1 119
L  2 1
 336236.4823389631 5041221.93738953
 336227.74464219995 5041230.162512951
 1 120
L  2 1
 336429.554802652 5041299.7878261255
 336431.11292826803 5041287.889412594
 1 121
L  2 1
 336480.1900009211 5041294.229299955
 336478.68081969995 5041306.134020533
 1 122
L  2 1
 337488.0252237727 5041432.283281857
 337489.54268733325 5041420.3796141725
 1 123
L  2 1
 337536.7414612729 5041424.641406285
 337539.7396011921 5041436.2608364355
 1 124
L  2 1
 337680.8774920262 5041454.603135827
 337680.4253271299 5041442.611657732
 1 125
L  2 1
 337704.49087951623 5041443.575757934
 337703.2010883548 5041455.506241526
 1 126
L  2 1
 337851.7694699861 5042498.549746884
 337840.07268144796 5042501.230257636
 1 127
L  2 1
 337829.985383764 5042451.6043355875
 337841.98074666795 5042451.270765802
 1 128
L  2 1
 339232.1979689742 5041240.818968899
 339228.4032329678 5041229.434770261
 1 129
L  2 1
 339261.8770300124 5041201.0453412365
 339272.54381673556 5041206.542582454
 1 130
L  2 1
 339879.3133451932 5041213.484975533
 339874.28463592887 5041202.589468057
 1 131
L  2 1
 339918.04998827126 5041179.486415798
 339922.82286591775 5041190.4963948615
 1 132
L  2 1
 342409.4179378262 5041681.1648710305
 342419.9154331269 5041675.3508713385
 1 133
L  2 1
 342443.7432534849 5041718.3733056085
 342433.2457581842 5041724.1873053005
 1 134
L  2 1
 342441.26626357326 5041740.732750434
 342451.76375884766 5041734.918750696
 1 135
L  2 1
 342475.89757860755 5041778.615451518
 342464.8736169274 5041783.355943991
 1 136
L  2 1
 342475.7936400382 5041805.137802591
 342486.2911353389 5041799.323802899
 1 137
L  2 1
 342510.50822093146 5041841.494725688
 342500.81114551757 5041848.563440452
 1 138
L  2 1
 342520.3333143984 5041876.67552556
 342530.68569132057 5041870.606893749
 1 139
L  2 1
 342554.95378880977 5041913.17836423
 342544.6385616962 5041919.30992925
 1 140
L  2 1
 342664.7880985096 5042168.491342498
 342673.3749905524 5042160.108903412
 1 141
L  2 1
 342708.07313506404 5042194.363913251
 342700.3815152919 5042203.57472132
 1 142
L  2 1
 342578.840259665 5042051.9006428365
 342590.0762066291 5042047.6871530935
 1 143
L  2 1
 342614.35087765363 5042088.599705595
 342603.92225073435 5042094.536349476
 1 144
L  2 1
 342736.8493595888 5042240.460576748
 342742.21593949024 5042229.727458834
 1 145
L  2 1
 342787.5325220985 5042241.913894008
 342786.74745337747 5042253.888185932
 1 146
L  2 1
 342878.9151480416 5042263.2071080925
 342880.0352388594 5042251.259497597
 1 147
L  2 1
 342930.0452879172 5042256.247649295
 342927.8027687178 5042268.0362500455
 1 148
L  2 1
 328690.8181526945 5053180.97467429
 328698.8340026166 5053189.9047442805
 1 149
L  2 1
 328662.3797184222 5053223.532049113
 328654.65045132674 5053214.352810028
 1 150
L  2 1
 328136.5483618962 5053701.96883794
 328140.4144487778 5053713.32900397
 1 151
L  2 1
 328092.0432031845 5053727.377480904
 328089.62030597345 5053715.624627246
 1 152
L  2 1
 330188.0009017949 5055869.805800403
 330194.2392985661 5055859.554829437
 1 153
L  2 1
 330235.3579178861 5055883.931298101
 330227.48796851595 5055892.990210669
 1 154
L  2 1
 331747.9928807618 5053871.85161808
 331736.0187986632 5053872.63988066
 1 155
L  2 1
 331729.32053162577 5053828.039122076
 331737.22667779925 5053819.011782895
 1 156
L  2 1
 339273.695525372 5047524.07456102
 339273.695525372 5047536.07456102
 1 157
L  2 1
 339228.98974753293 5047539.955372043
 339220.411400821 5047531.564188117
 1 158
L  2 1
 331929.3105818252 5054196.993530863
 331924.16785463085 5054207.8356873365
 1 159
L  2 1
 331880.4281117891 5054186.772981213
 331884.0699030549 5054175.338937467
 1 160
L  2 1
 331099.3762588751 5052238.170158319
 331109.9975085389 5052232.58544207
 1 161
L  2 1
 331134.61880341364 5052275.218377806
 331124.2749816833 5052281.301580254
 1 162
L  2 1
 331861.57545480644 5050440.67251248
 331851.2312807706 5050434.58990913
 1 163
L  2 1
 331879.4690030482 5050393.814828328
 331889.54861118976 5050400.326471723
 1 164
L  2 1
 331803.84682646685 5049656.907345013
 331792.19252190914 5049659.766922827
 1 165
L  2 1
 331780.1380052085 5049611.033495325
 331792.0410893985 5049609.511461564
 1 166
L  2 1
 331666.4745724857 5051485.318287938
 331657.75667688827 5051493.564395891
 1 167
L  2 1
 331623.186665497 5051458.296171639
 331631.510928949 5051449.65287146
 1 168
L  2 1
 331627.63155423 5051445.916689901
 331619.30729077803 5051454.55999008
 1 169
L  2 1
 331585.2574237042 5051416.463475484
 331595.3874997157 5051410.030625416
 1 170
L  2 1
 331547.57982835383 5051362.18164146
 331535.76529126416 5051360.08004365
 1 171
L  2 1
 331536.7476118913 5051354.557738592
 331548.5621490187 5051356.65933619
 1 172
L  2 1
 329578.9058887249 5050015.301547731
 329573.39758025616 5050025.96262356
 1 173
L  2 1
 329529.9872457909 5050002.2395364335
 329535.9083268631 5049991.802065526
 1 174
L  2 1
 329315.12094097945 5049879.199592701
 329309.7282801826 5049889.9196304595
 1 175
L  2 1
 329265.22822763695 5049869.864664091
 329269.269105234 5049858.56549119
 1 176
L  2 1
 329133.2036388597 5049655.752958387
 329123.29546854727 5049662.522608383
 1 177
L  2 1
 329094.72415548656 5049620.800710012
 329105.8424845624 5049616.285983159
 1 178
L  2 1
 336525.22693154565 5049856.128688297
 336537.1931724823 5049857.028175843
 1 179
L  2 1
 336532.91470271366 5049906.687204742
 336520.9999604724 5049905.259298119
 1 180
L  2 1
 336465.86117210146 5050210.646063294
 336476.59219064657 5050216.016839866
 1 181
L  2 1
 336454.22865031887 5050260.645447125
 336443.9548822102 5050254.444665815
 1 182
L  2 1
 336179.6290674743 5050758.804082413
 336190.5865293436 5050763.696324167
 1 183
L  2 1
 336161.06878944696 5050806.804151049
 336153.4990548191 5050797.4929149505
 1 184
L  2 1
 342004.16955242795 5049228.025601427
 341993.4667400541 5049233.452369093
 1 185
L  2 1
 341966.158422438 5049195.544436589
 341973.580533954 5049186.11510678
 1 186
L  2 1
 342933.4673719483 5050433.891686826
 342921.54454934876 5050435.250473513
 1 187
L  2 1
 342895.39546741784 5050405.131813071
 342901.34789567214 5050394.712187459
 1 188
L  2 1
 341536.8582480309 5051122.946484532
 341545.7496697771 5051114.887786169
 1 189
L  2 1
 341549.07340785756 5051118.554973661
 341540.18198612344 5051126.6136720395
 1 190
L  2 1
 342105.80892115476 5048370.685618653
 342117.80023139523 5048370.229023957
 1 191
L  2 1
 342137.53013103816 5048387.992207881
 342135.50422024087 5048399.81995853
 1 192
L  2 1
 341093.305148102 5048928.488378549
 341083.911257464 5048921.021463612
 1 193
L  2 1
 341112.5577643004 5048881.930318129
 341123.18714270764 5048887.4995474005
 1 194
L  2 1
 341315.37145364407 5048694.656027
 341307.06107564195 5048685.999375369
 1 195
L  2 1
 341345.93038627494 5048651.067160499
 341349.53396593 5048662.513304551
 1 196
L  2 1
 340898.2216410589 5049046.486586623
 340899.3080562871 5049034.535866898
 1 197
L  2 1
 340948.8264104948 5049037.0576365
 340947.63161367126 5049048.998007539
 1 198
L  2 1
 340138.8982222943 5048958.249947764
 340139.4690106787 5048946.263530426
 1 199
L  2 1
 340179.8720859507 5048948.187508746
 340179.3012975663 5048960.173926084
 1 200
L  2 1
 342961.3111549782 5050736.080297752
 342951.3517445268 5050742.774335657
 1 201
L  2 1
 342923.2357232862 5050703.445890467
 342931.6875793378 5050694.927314923
 1 202
L  2 1
 343223.80749614845 5052394.657957748
 343212.0166517825 5052396.888650272
 1 203
L  2 1
 343203.08643072774 5052348.145083329
 343214.8602078513 5052345.825994661
 1 204
L  2 1
 341804.18360083934 5053002.015865527
 341802.2733124447 5052990.168891303
 1 205
L  2 1
 341848.964823041 5052987.918239565
 341855.69636681594 5052997.8523383355
 1 206
L  2 1
 341941.7127923396 5053060.155000317
 341951.8620378504 5053053.752437114
 1 207
L  2 1
 341977.31718973094 5053096.9496104
 341966.42239842506 5053101.979871069
 1 208
L  2 1
 344948.2406747131 5049163.3207064625
 344949.2039362159 5049175.281982617
 1 209
L  2 1
 344900.4907392377 5049177.817563892
 344898.81553085736 5049165.935069337
 1 210
L  2 1
 344601.9523376698 5049457.568582016
 344611.68352022616 5049464.590268855
 1 211
L  2 1
 344574.6232177423 5049502.678860067
 344571.64613539167 5049491.054016813
 1 212
L  2 1
 344115.0042377029 5049629.840393394
 344127.0003132091 5049629.533518095
 1 213
L  2 1
 344126.8292552944 5049680.077643793
 344115.0044924497 5049678.034366116
 1 214
L  2 1
 345186.0311964627 5045093.254429946
 345186.1866864674 5045105.253422523
 1 215
L  2 1
 345138.1089119668 5045106.197660761
 345135.6718979933 5045094.44772617
 1 216
L  2 1
 345064.2165204184 5045096.61117702
 345064.4316672216 5045108.609248191
 1 217
L  2 1
 345014.92453245306 5045109.119519752
 345014.7417148759 5045097.120912428
 1 218
L  2 1
 342815.53876496514 5045971.3644273495
 342803.5573913199 5045972.032772751
 1 219
L  2 1
 342767.51431963796 5045962.415152116
 342762.4530855341 5045951.534715114
 1 220
L  2 1
 343353.26814590447 5049172.415386188
 343341.2724567616 5049172.737010173
 1 221
L  2 1
 343303.88336498104 5049162.38667584
 343306.530566141 5049150.682303751
 1 222
L  2 1
 345117.5909293601 5042389.459844189
 345123.80754023185 5042379.1956467405
 1 223
L  2 1
 345167.9393840283 5042396.338930042
 345166.0028444296 5042408.181641487
 1 224
L  2 1
 336712.5928290545 5051259.664987247
 336713.43033664144 5051271.635725781
 1 225
L  2 1
 336662.874379441 5051272.907232496
 336664.177545773 5051260.978202463
 1 226
L  2 1
 336654.9358125425 5051260.046586112
 336654.8263629926 5051272.046086968
 1 227
L  2 1
 336605.4515895915 5051272.3140122
 336605.20428768446 5051260.31656073
 1 228
L  2 1
 336599.06740876567 5051260.44305981
 336599.31471078435 5051272.440511278
 1 229
L  2 1
 336555.0642367083 5051282.1301027145
 336547.7455457297 5051272.620278196
 1 230
L  2 1
 336537.03268836415 5051280.710557882
 336544.2291617268 5051290.313201848
 1 231
L  2 1
 336505.0798962027 5051320.617964865
 336497.67673635826 5051311.173748416
 1 232
L  2 1
 336487.1691317085 5051317.941439349
 336494.44609261147 5051327.483233731
 1 233
L  2 1
 336454.51382323843 5051356.679715156
 336447.34897492256 5051347.053451675
 1 234
L  2 1
 336441.36459893855 5051351.507635305
 336448.52944725443 5051361.133898785
 1 235
L  2 1
 336407.5744973076 5051389.887139533
 336401.51567674143 5051379.529017437
 1 236
L  2 1
 336393.6876185063 5051384.592863465
 336400.3284879827 5051394.587804815
 1 237
L  2 1
 336362.2528469551 5051424.488567857
 336354.0161979429 5051415.761734923
 1 238
L  2 1
 336267.9311553207 5052491.718968196
 336279.18494246434 5052495.884574385
 1 239
L  2 1
 336260.91021409084 5052542.738340333
 336250.1432254951 5052537.440042816
 1 240
L  2 1
 337437.66791983106 5051155.664086228
 337436.61283067294 5051143.710560102
 1 241
L  2 1
 337487.1007169259 5051140.907009752
 337485.79047525907 5051152.835264728
 1 242
L  2 1
 336378.7330785329 5049702.596128315
 336369.7998060021 5049710.608409006
 1 243
L  2 1
 336337.72886332177 5049671.874746084
 336347.4189762602 5049664.796489855
 1 244
L  2 1
 336346.531604092 5049663.58167985
 336336.84149124904 5049670.659936209
 1 245
L  2 1
 336307.72623028164 5049630.476483909
 336317.44510699937 5049623.437774131
 1 246
L  2 1
 336316.10732147325 5049621.590680586
 336306.39528995386 5049628.638832385
 1 247
L  2 1
 336276.64634559094 5049589.781093684
 336285.6696305461 5049581.870320736
 1 248
L  2 1
 336283.2128326416 5049578.637855257
 336273.62090370146 5049585.848604123
 1 249
L  2 1
 336243.35215390264 5049546.990461823
 336252.69830598834 5049539.463879518
 1 250
L  2 1
 336213.4769233731 5049491.045988767
 336203.82079250686 5049498.170533433
 1 251
L  2 1
 336175.3525148064 5049455.290486807
 336186.7750107706 5049451.612636084
 1 252
L  2 1
 336099.0446078838 5049293.930567463
 336087.27479659126 5049296.269700238
 1 253
L  2 1
 336078.1786542648 5049247.476089396
 336089.9983404402 5049245.403646704
 1 254
L  2 1
 335964.2439795888 5049054.304723365
 335954.6664022232 5049061.534523625
 1 255
L  2 1
 335925.3316408821 5049022.79387796
 335933.4147830569 5049013.9246721
 1 256
L  2 1
 334481.72587469954 5048668.750958531
 334472.5634510674 5048676.500151598
 1 257
L  2 1
 334435.82336825813 5048644.238617631
 334444.02057765186 5048635.474728189
 1 258
L  2 1
 330732.5366840104 5052082.917225351
 330734.8617428086 5052094.68982496
 1 259
L  2 1
 330684.39478940633 5052101.594477629
 330684.74926701863 5052089.59971437
 1 260
L  2 1
 338012.6528030408 5047409.38610688
 338022.64688406023 5047416.028271029
 1 261
L  2 1
 338014.2524630902 5047437.64687791
 338002.36678921286 5047435.994377839
 1 262
L  2 1
 338896.13508200546 5048697.624348619
 338888.2998060226 5048706.713267711
 1 263
L  2 1
 338850.1235780598 5048677.189100908
 338856.0772450042 5048666.770183021
 1 264
L  2 1
 338997.7150075664 5049158.41310719
 338987.12677236064 5049152.7660482
 1 265
L  2 1
 338996.601666811 5049111.949322766
 339008.06788445 5049108.410134574
 1 266
L  2 1
 338113.7775960415 5056318.947202729
 338111.19120134256 5056330.665161701
 1 267
L  2 1
 338064.4418436965 5056323.368214087
 338062.7348712535 5056311.490240983
 1 268
L  2 1
 336831.7585082646 5054152.000429885
 336842.8005258415 5054147.302148515
 1 269
L  2 1
 336879.5891138442 5054177.255694299
 336870.8452854608 5054185.474299121
 1 270
L  2 1
 324328.4824884069 4982701.965672923
 324329.23473237007 4982713.942071756
 1 271
L  2 1
 324293.9314289327 4982717.20346887
 324292.14439846424 4982705.33727647
 1 272
L  2 1
 323248.14228195394 4996692.855249426
 323248.12199830706 4996704.855232284
 1 273
L  2 1
 323198.8627967189 4996705.487691674
 323198.5573776031 4996693.4915790055
 1 274
L  2 1
 323830.5096931208 4990625.620743095
 323834.16374964925 4990637.050873055
 1 275
L  2 1
 323780.75144346105 4990639.967151825
 323783.35601427197 4990628.253219484
 1 276
L  2 1
 327211.93832472427 4982867.517669451
 327214.4505211318 4982879.251759498
 1 277
L  2 1
 327175.2899811362 4982914.4292776175
 327178.5716319267 4982902.886714293
 1 278
L  2 1
 324428.3817374257 4985121.274458701
 324416.6758776624 4985123.9150736295
 1 279
L  2 1
 324411.34131541156 4985111.136872049
 324422.4226373145 4985106.53205882
 1 280
L  2 1
 327850.4171834024 5004711.9264589455
 327847.0728746076 5004700.401893934
 1 281
L  2 1
 327851.2105146051 5004657.162692198
 327862.780497082 5004660.346323063
 1 282
L  2 1
 328251.9690741319 5003137.578285193
 328252.15242457506 5003149.576884387
 1 283
L  2 1
 328196.4490097229 5003134.72654205
 328208.417053223 5003133.85136505
 1 284
L  2 1
 325017.2212770345 4997527.01243039
 325005.22674090054 4997527.37451178
 1 285
L  2 1
 325002.4932549871 4997478.482076344
 325013.8430638519 4997474.5856884355
 1 286
L  2 1
 326412.7806357698 4997080.419557463
 326424.77710164327 4997080.128341828
 1 287
L  2 1
 326372.7506979964 4997101.705734463
 326375.0710515476 4997089.932206556
 1 288
L  2 1
 326738.7178681464 5006739.479431343
 326738.9889781215 5006751.476368426
 1 289
L  2 1
 326685.1305597992 5006749.5214677695
 326691.86953279184 5006739.59240724
 1 290
L  2 1
 325363.07447165594 4982901.2347920025
 325374.69168128615 4982904.241524517
 1 291
L  2 1
 325362.2217905303 4982960.654040322
 325350.2742939917 4982959.532734629
 1 292
L  2 1
 321857.90414795297 4979792.850170992
 321848.5549382461 4979800.372954909
 1 293
L  2 1
 321826.0709642926 4979755.848500454
 321837.2339189034 4979751.445269327
 1 294
L  2 1
 324027.93797169364 4981368.425227209
 324017.8030329254 4981374.85041329
 1 295
L  2 1
 323989.4598083042 4981328.262790886
 323999.24106043775 4981321.311020845
 1 296
L  2 1
 324811.72969855205 4996887.002240305
 324800.086093726 4996889.905077995
 1 297
L  2 1
 324754.54899091565 4996868.161339035
 324766.4564832774 4996866.674185494
 1 298
L  2 1
 324771.56622686295 4995918.683546889
 324773.878238084 4995930.458715851
 1 299
L  2 1
 324721.9567859208 4995932.734112236
 324723.3242770992 4995920.812284864
 1 300
L  2 1
 326535.52922773664 5000682.943817052
 326529.9402062254 5000693.562801869
 1 301
L  2 1
 326484.2271663025 5000690.224252884
 326481.68222676753 5000678.497220746
 1 302
L  2 1
 322846.33927632595 4985437.793645117
 322847.70371829806 4985449.715821853
 1 303
L  2 1
 322800.0171922246 4985456.874040831
 322796.8569970054 4985445.29763525
 1 304
L  2 1
 324400.02706502925 4984445.538689738
 324402.7090890567 4984457.235131381
 1 305
L  2 1
 324351.54011026677 4984471.697158562
 324345.72698742826 4984461.1991776675
 1 306
L  2 1
 323484.0209636492 4999136.199366037
 323472.2653765828 4999138.608966153
 1 307
L  2 1
 323463.1540003844 4999086.006646515
 323474.9916137225 4999084.039183565
 1 308
L  2 1
 327606.59576439124 4984475.978383231
 327618.5917382437 4984475.667559599
 1 309
L  2 1
 327597.78714736755 4984526.329447586
 327596.2486813325 4984514.428476103
 1 310
L  2 1
 325179.9688463587 4984535.024516546
 325182.5043443333 4984546.753593664
 1 311
L  2 1
 325148.0089122634 4984582.244529737
 325138.8025856426 4984574.5475465525
 1 312
L  2 1
 324387.0494157186 5000744.481161072
 324375.7575984834 5000748.542547968
 1 313
L  2 1
 324370.3623912022 5000692.389660505
 324382.2940884019 5000691.111144985
 1 314
L  2 1
 325093.69822527346 5006554.077270614
 325093.13636976253 5006566.064109996
 1 315
L  2 1
 325042.27386888035 5006566.89920307
 325039.9299292186 5006555.130348119
 1 316
L  2 1
 324945.7910330086 5001204.8960603895
 324945.9347894654 5001216.895199279
 1 317
L  2 1
 324896.4352217535 5001217.791970187
 324896.1177677885 5001205.796169964
 1 318
L  2 1
 326068.8419411078 4985015.937844884
 326068.85103714914 4985027.937841436
 1 319
L  2 1
 326001.65096219216 4985025.156014088
 326005.81650302577 4985013.902202752
 1 320
L  2 1
 327646.73614129756 4983694.317386452
 327646.6137160025 4983706.316761937
 1 321
L  2 1
 327603.4767235257 4983714.4984369585
 327591.72639574436 4983712.0633195015
 1 322
L  2 1
 326251.7270030602 5000683.713472724
 326252.4497426068 5000695.691688266
 1 323
L  2 1
 326231.7696529241 5000696.458071427
 326231.6180868819 5000684.459028643
 1 324
L  2 1
 324907.5566456715 5000174.9184365235
 324905.3706164985 5000186.717643127
 1 325
L  2 1
 324855.38208733086 5000174.328842457
 324859.9890673871 5000163.248421222
 1 326
L  2 1
 328994.3365034874 5001380.173125458
 328998.5492272097 5001391.409359652
 1 327
L  2 1
 328951.2594405185 5001409.482328019
 328949.16824488045 5001397.665945291
 1 328
L  2 1
 328785.1712572279 5001459.638033523
 328789.53972284915 5001470.814638917
 1 329
L  2 1
 328742.1711832288 5001489.434253485
 328737.3915712933 5001478.427196215
 1 330
L  2 1
 322665.94152340526 4980452.639984024
 322669.58475695376 4980464.073568297
 1 331
L  2 1
 322622.0335214667 4980476.6902485825
 322619.8595846933 4980464.888808038
 1 332
L  2 1
 327661.30579637585 5002229.207678916
 327649.4602984191 5002231.127100224
 1 333
L  2 1
 327629.2745967498 5002112.430237703
 327640.82801835425 5002109.187021825
 1 334
L  2 1
 323445.6609303372 4997529.639152489
 323433.6700590228 4997530.10713232
 1 335
L  2 1
 323432.12156548235 4997479.575494957
 323444.11597394664 4997479.209208743
 1 336
L  2 1
 325732.7530237717 4984563.889338993
 325721.16494340834 4984567.006451998
 1 337
L  2 1
 325696.858326859 4984531.4929706715
 325700.458863166 4984520.0458689295
 1 338
L  2 1
 326559.0253273133 5001272.824397952
 326559.20142126473 5001284.823105837
 1 339
L  2 1
 326508.03182864125 5001285.306016456
 326509.07940705173 5001273.3518297635
 1 340
L  2 1
 322685.12279927096 5004940.056786383
 322685.20565572503 5004952.056500329
 1 341
L  2 1
 322633.83961178834 5004952.3927839715
 322633.6696365156 5004940.3939878475
 1 342
L  2 1
 329401.80116876384 5001547.139952746
 329390.6927427942 5001551.678991464
 1 343
L  2 1
 329339.92473297956 5001430.208858563
 329348.97541839344 5001422.329449097
 1 344
L  2 1
 323494.4453976379 5004934.598297244
 323491.2415944472 5004946.162710117
 1 345
L  2 1
 323442.7739268113 5004940.110983746
 323442.62486393866 5004928.111909604
 1 346
L  2 1
 323264.1482813724 4997074.840709277
 323252.6451311037 4997078.257949962
 1 347
L  2 1
 323212.67433543643 4997072.424254081
 323214.2081250396 4997060.522678998
 1 348
L  2 1
 416119.37763203896 4980861.507188431
 416122.87404433003 4980850.027854779
 1 349
L  2 1
 416171.7641854448 4980858.322957129
 416168.92263099423 4980869.98166925
 1 350
L  2 1
 410535.70807758934 4980654.215928827
 410532.8877655367 4980642.552059832
 1 351
L  2 1
 410581.87393414107 4980630.649478255
 410588.0362569129 4980640.946360214
 1 352
L  2 1
 414909.8428238275 4979980.545694334
 414914.4727753146 4979969.474852035
 1 353
L  2 1
 414961.5705587472 4979988.640222394
 414955.3345967058 4979998.8926746575
 1 354
L  2 1
 413711.85110114684 4979746.287390982
 413717.8136538802 4979735.873555719
 1 355
L  2 1
 413759.63391848723 4979744.420691119
 413767.2315878237 4979753.70914743
 1 356
L  2 1
 416919.9176167423 4980737.6832763245
 416920.12068555667 4980725.684994654
 1 357
L  2 1
 416968.9259238008 4980725.196088484
 416972.97255175817 4980736.493203256
 1 358
L  2 1
 396500.82335773145 4979967.31041222
 396489.08949250355 4979969.82365849
 1 359
L  2 1
 396474.9016767304 4979938.853783083
 396484.8093854045 4979932.083457476
 1 360
L  2 1
 418061.6354207981 4980317.931436142
 418049.7877558959 4980319.837436238
 1 361
L  2 1
 418040.09683919937 4980272.052379518
 418049.1333608026 4980264.156730252
 1 362
L  2 1
 419921.03425059025 4977880.243459258
 419913.2207766108 4977871.135790821
 1 363
L  2 1
 419935.5628453454 4977824.761769369
 419944.90312796965 4977832.295634281
 1 364
L  2 1
 360867.120669466 5033585.932849993
 360856.3949091111 5033591.314119807
 1 365
L  2 1
 360839.7778370652 5033539.049811854
 360851.7776028957 5033538.974845097
 1 366
L  2 1
 361887.65749407146 5033507.384209237
 361896.51693057053 5033515.478057823
 1 367
L  2 1
 361886.55136371683 5033558.010274413
 361874.85506172315 5033560.692907386
 1 368
L  2 1
 363656.49399337335 5031303.703459541
 363658.6178670267 5031315.514012479
 1 369
L  2 1
 363611.65907423967 5031323.971056654
 363605.12421863736 5031313.906482036
 1 370
L  2 1
 365003.6657355007 5018648.5410205675
 364999.3566027432 5018659.740635511
 1 371
L  2 1
 364954.2071798961 5018652.568959294
 364950.14747791894 5018641.276536176
 1 372
L  2 1
 366426.0469457881 5019030.58283989
 366414.3254081969 5019033.15296761
 1 373
L  2 1
 366394.38252885523 5018995.436189485
 366403.62407956086 5018987.781534656
 1 374
L  2 1
 338743.53177138173 5048510.3870049585
 338731.7538838913 5048512.685127292
 1 375
L  2 1
 338721.49496480176 5048462.130165257
 338733.40521441324 5048460.665257685
 1 376
L  2 1
 357423.67793914664 5030414.401895991
 357434.9094195294 5030410.176514538
 1 377
L  2 1
 357458.79109952925 5030457.243752262
 357449.32196218683 5030464.61500982
 1 378
L  2 1
 341670.4061746481 5048068.584813245
 341676.4525847009 5048058.219441786
 1 379
L  2 1
 341725.9622093793 5048074.585186497
 341717.05586696765 5048082.627391721
 1 380
L  2 1
 335788.1471694396 5048560.866998122
 335776.21587385144 5048559.584740118
 1 381
L  2 1
 335768.4056967409 5048512.289108221
 335779.9665042401 5048515.505896988
 1 382
L  2 1
 343994.8217827349 5049897.519723455
 343993.8160399581 5049909.477502574
 1 383
L  2 1
 343980.7361542468 5049908.850196356
 343980.31643256714 5049896.857538864
 1 384
L  2 1
 335928.62710153376 5054923.0714783985
 335939.4532546553 5054917.895146823
 1 385
L  2 1
 335953.7203518002 5054991.660923061
 335942.28045414283 5054995.2842836
 1 386
L  2 1
 337676.98873950244 5053275.123525279
 337686.87438203156 5053268.321020462
 1 387
L  2 1
 337689.1719769261 5053336.082739555
 337678.0994167958 5053331.456897776
 1 388
L  2 1
 352676.29180386657 5040135.191149289
 352676.5184190125 5040147.189009331
 1 389
L  2 1
 352625.62422972766 5040147.925604041
 352626.4216429823 5040135.952127849
 1 390
L  2 1
 335558.89320194296 5051385.201888799
 335567.3444038621 5051393.721113301
 1 391
L  2 1
 335509.1809832772 5051419.100785652
 335506.9149644778 5051407.316679457
 1 392
L  2 1
 343282.2962027034 5046335.119291464
 343282.6108174396 5046347.115166487
 1 393
L  2 1
 343231.16123774083 5046348.897578481
 343231.7669892762 5046336.912877188
 1 394
L  2 1
 336365.22173168865 5043675.354662903
 336376.98870254034 5043677.708042808
 1 395
L  2 1
 336291.73949007207 5043706.646630911
 336295.9533945999 5043695.4108395
 1 396
L  2 1
 338431.87790324836 5037634.33094943
 338442.9074143777 5037629.603383011
 1 397
L  2 1
 338464.67336328 5037634.770377193
 338467.60065897205 5037646.407857157
 1 398
L  2 1
 341985.93641161156 5051560.03812184
 341994.27464161435 5051551.408294471
 1 399
L  2 1
 342038.6940444071 5051558.574100677
 342038.9419308109 5051570.571540084
 1 400
L  2 1
 339658.5738163582 5046061.96850991
 339652.03392811376 5046072.029815081
 1 401
L  2 1
 339650.470606943 5046011.904100456
 339655.774623655 5046022.668272822
 1 402
L  2 1
 342792.6386628884 5054765.638606332
 342804.63635685557 5054765.873849757
 1 403
L  2 1
 342797.1549986747 5054812.538094893
 342787.10198122734 5054805.985474028
 1 404
L  2 1
 331482.4194393897 5048676.058565126
 331470.4310925433 5048675.529849804
 1 405
L  2 1
 331474.0303067561 5048617.018117603
 331485.60874878993 5048620.170843419
 1 406
L  2 1
 331940.939386639 5050220.853108274
 331929.32631499605 5050223.875783747
 1 407
L  2 1
 331914.4057995139 5050163.59836411
 331926.28441357706 5050161.895857741
 1 408
L  2 1
 329939.28471656237 5050276.767773144
 329928.1878119677 5050281.334906645
 1 409
L  2 1
 329895.60634435806 5050234.99992392
 329903.3008427159 5050225.79152042
 1 410
L  2 1
 327390.11134380236 5054749.769901032
 327398.5076404856 5054741.196558509
 1 411
L  2 1
 327431.9751387889 5054778.0077787135
 327426.7319378571 5054788.801704967
 1 412
L  2 1
 330826.0661527777 5056267.955265458
 330832.01434497425 5056257.533221052
 1 413
L  2 1
 330875.83144522895 5056282.376990571
 330871.83949878806 5056293.69354321
 1 414
L  2 1
 371767.5405289768 5028459.67273357
 371773.82969785715 5028449.452833629
 1 415
L  2 1
 371819.237806651 5028477.055146004
 371815.44306213903 5028488.439341807
 1 416
L  2 1
 345401.5958353285 5048251.9174734
 345402.0581749605 5048263.908563511
 1 417
L  2 1
 345390.6398471351 5048301.6788100805
 345378.73134382087 5048303.157846529
 1 418
L  2 1
 345918.41084578255 5044266.865386055
 345930.32565174747 5044265.438011254
 1 419
L  2 1
 345934.8171257962 5044314.187418022
 345925.2950824548 5044321.490204518
 1 420
L  2 1
 345485.908139904 5042659.588979046
 345497.38148827996 5042656.072976054
 1 421
L  2 1
 345508.073663511 5042707.41802138
 345496.26766280393 5042709.56705542
 1 422
L  2 1
 338689.84933317296 5047802.250255835
 338695.21591100405 5047812.983374785
 1 423
L  2 1
 338639.02914244327 5047797.897403885
 338650.88694937475 5047796.055552974
 1 424
L  2 1
 352666.5490296678 5039739.27384057
 352666.0876488152 5039751.26496761
 1 425
L  2 1
 352615.40956304956 5039751.292305009
 352615.05471339147 5039739.297552751
 1 426
L  2 1
 352597.6529254219 5038963.331984846
 352603.96969899716 5038953.1291238945
 1 427
L  2 1
 352648.83498128294 5038979.995637026
 352642.15108785103 5038989.961858405
 1 428
L  2 1
 350974.1391347372 5037646.153731125
 350985.8593063478 5037643.577381494
 1 429
L  2 1
 351016.5761603864 5037691.779503437
 351008.38523166656 5037700.549263222
 1 430
L  2 1
 336485.5817381741 5042129.460219654
 336476.4384660529 5042121.688438975
 1 431
L  2 1
 336519.75081275904 5042086.760005878
 336521.17025912297 5042098.675758982
 1 432
L  2 1
 338826.9756955981 5055364.507694714
 338836.88108471694 5055371.281413516
 1 433
L  2 1
 338800.7211180404 5055424.999307664
 338790.5440551146 5055418.641053956
 1 434
L  2 1
 338086.84859654837 5053265.325038585
 338098.7012799397 5053263.450499595
 1 435
L  2 1
 338108.3382456947 5053325.132727583
 338096.37345454126 5053326.051298567
 1 436
L  2 1
 331542.67066004773 5051848.01818664
 331546.14390884625 5051859.50454998
 1 437
L  2 1
 331497.5104142049 5051875.787903542
 331490.9443094771 5051865.743687859
 1 438
L  2 1
 333707.1376596105 5048486.9739710735
 333707.3676564626 5048498.971766765
 1 439
L  2 1
 333665.6275424578 5048523.236173511
 333657.71996262716 5048514.210090129
 1 440
L  2 1
 335271.79178845667 5048659.680586582
 335273.1047648604 5048671.608540848
 1 441
L  2 1
 335209.43158068706 5048673.260176323
 335209.58456260094 5048661.2611515075
 1 442
L  2 1
 339597.50708278356 5045378.226140286
 339607.72719238343 5045371.937312114
 1 443
L  2 1
 339605.7662394476 5045372.58441192
 339611.0793919514 5045383.344077828
 1 444
L  2 1
 339901.0949032367 5050288.814983996
 339905.83624618524 5050277.791388074
 1 445
L  2 1
 339952.37113702594 5050296.844610318
 339949.13572345703 5050308.400219304
 1 446
L  2 1
 335545.90688183677 5053318.242656839
 335545.99738225125 5053330.242315571
 1 447
L  2 1
 335515.425697639 5053372.656078069
 335503.84071732697 5053369.527463172
 1 448
L  2 1
 337268.3225184092 5048474.901804311
 337280.1358320488 5048477.010268409
 1 449
L  2 1
 337280.41661757353 5048536.500410893
 337269.3740420674 5048541.197380788
 1 450
L  2 1
 337158.06700074836 5050733.314834056
 337164.71996762464 5050743.301727055
 1 451
L  2 1
 337108.75113061175 5050781.633884385
 337098.8642684283 5050774.833152354
 1 452
L  2 1
 360181.60804592376 5032002.352668471
 360169.6084225923 5032002.257590069
 1 453
L  2 1
 360168.4942284152 5031968.65638409
 360180.4750133569 5031967.977567339
 1 454
L  2 1
 360499.7552610295 5032614.4050243525
 360499.7995865455 5032626.404942487
 1 455
L  2 1
 360455.01205223415 5032600.228079864
 360466.4251691828 5032596.521226547
 1 456
L  2 1
 363230.0502704208 5016661.543983567
 363223.9776752352 5016671.894036113
 1 457
L  2 1
 363179.12549368094 5016636.222820913
 363190.23901752406 5016631.696278326
 1 458
L  2 1
 357163.78513816785 5030217.660530538
 357170.19065302116 5030207.513147651
 1 459
L  2 1
 357219.6162336274 5030210.896341304
 357215.71721044567 5030222.245245137
 1 460
L  2 1
 341473.89169615204 5041180.055824125
 341473.684830558 5041168.0576073155
 1 461
L  2 1
 341524.16201741435 5041166.931917108
 341525.6259561386 5041178.842285843
 1 462
L  2 1
 338311.40232000523 5041295.410463956
 338304.60397094674 5041285.521963055
 1 463
L  2 1
 338355.28810979036 5041276.760048501
 338359.9134786346 5041287.8328062
 1 464
L  2 1
 335971.8229640034 5053301.48630119
 335983.0608721195 5053305.6945575
 1 465
L  2 1
 335981.2985250768 5053362.242009581
 335969.3503182803 5053363.355721549
 1 466
L  2 1
 336583.08263519016 5051674.774952734
 336593.3226791808 5051681.0312694665
 1 467
L  2 1
 336580.17763004557 5051739.43810802
 336568.85838860844 5051735.453792109
 1 468
L  2 1
 333441.77207999164 5050565.027526932
 333442.6292280473 5050576.996875169
 1 469
L  2 1
 333384.1583454204 5050575.138144807
 333387.13452538464 5050563.513070493
 1 470
L  2 1
 336217.14706619096 5051683.462570345
 336228.37811825506 5051687.689090135
 1 471
L  2 1
 336194.4913932312 5051742.640862363
 336186.7852634578 5051733.4421905065
 1 472
L  2 1
 371637.970530933 5029203.830492325
 371630.65893595 5029194.315210994
 1 473
L  2 1
 371676.6646429577 5029168.057198671
 371682.8368489873 5029178.3481594
 1 474
L  2 1
 346137.037945821 5046296.642143072
 346149.03034374205 5046297.069216958
 1 475
L  2 1
 346137.0914156564 5046346.528565644
 346125.25019071356 5046348.474173996
 1 476
L  2 1
 330805.5415970581 5052060.225407448
 330808.9455181979 5052071.732506163
 1 477
L  2 1
 330746.1106788496 5052092.479339225
 330743.8371757023 5052080.696674695
 1 478
L  2 1
 344363.67468404013 5045162.040718635
 344375.64502170787 5045161.197500915
 1 479
L  2 1
 344357.3851655529 5045212.666153027
 344346.5270270091 5045207.557256144
 1 480
L  2 1
 337930.10470182897 5051658.907807552
 337941.2125200531 5051654.367281779
 1 481
L  2 1
 337956.02140914474 5051718.045101847
 337945.8774062502 5051724.455968034
 1 482
L  2 1
 340251.78767879464 5046851.157288677
 340242.28336553933 5046858.483135355
 1 483
L  2 1
 340209.6683189134 5046812.201610156
 340220.85415314365 5046807.856830235
 1 484
L  2 1
 344572.99111469166 5038690.573681157
 344569.9453851503 5038678.966634523
 1 485
L  2 1
 344617.87903832505 5038667.360138595
 344621.9013638679 5038678.665929025
 1 486
L  2 1
 371611.96792292263 5028440.016440954
 371606.71417416836 5028429.227644727
 1 487
L  2 1
 371665.2951810948 5028430.640934657
 371658.0392419752 5028440.198724542
 1 488
L  2 1
 337133.73339248676 5051113.033469238
 337144.75011944823 5051108.276187762
 1 489
L  2 1
 337184.73991743295 5051163.150431089
 337172.892181351 5051165.055988681
 1 490
L  2 1
 338991.8105404935 5037744.105216273
 338993.93473121856 5037732.294720358
 1 491
L  2 1
 339042.2256695077 5037740.980143607
 339040.1014786744 5037752.790639503
 1 492
L  2 1
 371511.2892998699 5029289.097060018
 371505.46157795214 5029278.607176452
 1 493
L  2 1
 371547.4407463498 5029247.876980747
 371553.8219732262 5029258.039654783
 1 494
L  2 1
 362247.493216148 5015484.030438214
 362235.63677714195 5015485.881074346
 1 495
L  2 1
 362227.95678386494 5015433.067353266
 362239.92598241306 5015432.208117493
 1 496
L  2 1
 366071.9970222349 5018990.291580612
 366078.74635856104 5019000.213599518
 1 497
L  2 1
 366027.43187019357 5019011.569981576
 366027.23506780143 5018999.571595483
 1 498
L  2 1
 370618.1459674236 5018900.454137204
 370628.50091487536 5018894.389892546
 1 499
L  2 1
 370672.38153378805 5018907.687436673
 370669.17676093394 5018919.251580867
 1 500
L  2 1
 369964.41267320514 5018683.802433382
 369967.9516988669 5018672.336165578
 1 501
L  2 1
 370010.9778566559 5018694.792328558
 370010.1525326651 5018706.763913262
 1 502
L  2 1
 334465.32260859973 5053327.132449437
 334475.92513976333 5053332.752621403
 1 503
L  2 1
 334436.11099233024 5053373.582126886
 334436.0179383408 5053361.582487684
 1 504
L  2 1
 341314.71206990985 5048440.976605739
 341302.7854647212 5048442.301780701
 1 505
L  2 1
 341299.82000349363 5048388.834954177
 341311.8042559855 5048388.220387491
 1 506
L  2 1
 337212.553867965 5044296.16648554
 337222.238227061 5044289.080359031
 1 507
L  2 1
 337256.31193451135 5044328.954356798
 337246.3553958636 5044335.652665402
 1 508
L  2 1
 346178.30644642806 5038773.968742371
 346179.45498677704 5038762.0238332
 1 509
L  2 1
 346229.3773505652 5038765.995376992
 346228.6440197548 5038777.972948779
 1 510
L  2 1
 341058.9644105141 5051548.504210223
 341070.69338047085 5051551.040203867
 1 511
L  2 1
 341054.6427421618 5051621.712709316
 341042.64733198314 5051621.380843914
 1 512
L  2 1
 351584.14167573204 5038569.111064073
 351596.1064513319 5038570.029837627
 1 513
L  2 1
 351590.3487964389 5038628.758930184
 351579.1632878311 5038624.413312025
 1 514
L  2 1
 338028.2257275894 5046101.115464638
 338020.54256280063 5046091.897602693
 1 515
L  2 1
 338057.06755367026 5046059.791988177
 338064.9106784727 5046068.874135133
 1 516
L  2 1
 360279.0666418018 5032336.674301265
 360267.0724262682 5032337.046851575
 1 517
L  2 1
 360264.5257178253 5032287.394542542
 360276.50703665975 5032286.725215278
 1 518
L  2 1
 363362.42264840694 5017206.342083207
 363355.1265379911 5017215.869242952
 1 519
L  2 1
 363318.82863122225 5017181.939035116
 363329.4162435918 5017176.2908084635
 1 520
L  2 1
 343112.17167740624 5042282.774741866
 343113.3094105587 5042270.828798484
 1 521
L  2 1
 343162.01301886525 5042272.181106983
 343163.9860576248 5042284.017792247
 1 522
L  2 1
 329551.3734031244 5052415.621554186
 329554.7015275846 5052427.150803405
 1 523
L  2 1
 329504.22897876304 5052437.352659794
 329504.22843874496 5052425.352659807
 1 524
L  2 1
 332747.3755920161 5051513.23058272
 332751.006658831 5051524.6680367105
 1 525
L  2 1
 332686.15599193354 5051538.139417453
 332689.05379264045 5051526.494558027
 1 526
L  2 1
 328895.73660077143 5049508.235944696
 328893.7932727275 5049520.077544086
 1 527
L  2 1
 328829.0247155854 5049505.520943001
 328835.9494871367 5049495.720558368
 1 528
L  2 1
 343011.9510898397 5038612.145262701
 343022.2409927272 5038605.971293269
 1 529
L  2 1
 343070.6037291164 5038623.893242467
 343061.38507651165 5038631.575458564
 1 530
L  2 1
 346038.2624917626 5046652.147066854
 346045.8346150795 5046661.456360515
 1 531
L  2 1
 346019.0507148267 5046704.6232029535
 346012.07512833935 5046694.858921457
 1 532
L  2 1
 335566.5330928427 5052579.841521114
 335577.4461880263 5052574.851094928
 1 533
L  2 1
 335583.0649160711 5052598.333514166
 335571.09368716896 5052599.1639830535
 1 534
L  2 1
 333098.92923898343 5050195.867873798
 333087.0621548735 5050197.648973101
 1 535
L  2 1
 333077.951219517 5050135.517847168
 333089.82521564496 5050133.783426241
 1 536
L  2 1
 330708.6972611646 5050765.218868631
 330703.43907841836 5050776.005504538
 1 537
L  2 1
 330645.20565108524 5050748.129001121
 330648.3389674837 5050736.54529151
 1 538
L  2 1
 336820.2933422291 5053854.832703896
 336823.0000777779 5053866.523451634
 1 539
L  2 1
 336813.52686781593 5053869.114535174
 336810.34167546016 5053857.544982475
 1 540
L  2 1
 331320.79964792536 5052614.241353409
 331331.1242598736 5052608.125604222
 1 541
L  2 1
 331355.79945929284 5052659.186309806
 331343.80826322426 5052659.645893144
 1 542
L  2 1
 358254.4085740683 5032004.306309388
 358266.3915930788 5032003.668143741
 1 543
L  2 1
 358282.0119244072 5032038.264207429
 358280.9506828177 5032050.217188911
 1 544
L  2 1
 363838.31871985435 5030271.933151676
 363850.3181754367 5030272.047457083
 1 545
L  2 1
 363838.6625853179 5030309.910566204
 363832.0882211291 5030299.871754746
 1 546
L  2 1
 362886.55557514686 5033152.396592272
 362886.70557757415 5033164.395654706
 1 547
L  2 1
 362833.09857595986 5033162.973523698
 362831.5943315572 5033151.068178312
 1 548
L  2 1
 362502.2526089611 5033083.945301883
 362501.6196786029 5033095.928598557
 1 549
L  2 1
 362443.8772063669 5033094.649134587
 362443.94597127713 5033082.649331613
 1 550
L  2 1
 346639.92958690855 5038874.090089665
 346643.1190020975 5038862.521700376
 1 551
L  2 1
 346692.90076089976 5038873.042020509
 346689.4917000283 5038884.547597591
 1 552
L  2 1
 340588.37078491616 5037627.664151751
 340584.5153685108 5037616.300359939
 1 553
L  2 1
 340632.62713295454 5037609.781604644
 340638.2360551314 5037620.390091436
 1 554
L  2 1
 336641.5835802642 5039331.047185099
 336629.5847059228 5039331.211546103
 1 555
L  2 1
 336629.1699993015 5039277.270593922
 336641.1256616315 5039278.301194838
 1 556
L  2 1
 335106.8612717394 5042149.925538344
 335107.2360868686 5042161.919683317
 1 557
L  2 1
 335074.75761041645 5042115.765346632
 335086.7537813816 5042116.068467359
 1 558
L  2 1
 337770.76213443605 5042094.409812571
 337758.82807059004 5042095.66604508
 1 559
L  2 1
 337753.12683113245 5042046.651075562
 337763.06701954256 5042039.928527357
 1 560
L  2 1
 331379.6249689275 5056102.590776941
 331375.22870878555 5056091.425075138
 1 561
L  2 1
 331425.05362793617 5056069.10666229
 331429.27402082586 5056080.340018149
 1 562
L  2 1
 332376.47439734236 5054229.179304166
 332372.23838181474 5054217.951830164
 1 563
L  2 1
 332424.4711341683 5054199.65171258
 332430.4635129217 5054210.04841383
 1 564
L  2 1
 335523.54893273977 5050501.074391828
 335531.9985242572 5050509.5952135725
 1 565
L  2 1
 335481.6660354779 5050555.95783274
 335472.8099596362 5050547.860307149
 1 566
L  2 1
 343344.9330649066 5051562.27313129
 343332.99261864834 5051563.46717616
 1 567
L  2 1
 343329.7690221742 5051529.327548574
 343341.72390922986 5051528.287993147
 1 568
L  2 1
 346086.72059781477 5045461.344642926
 346098.69970464124 5045460.636829644
 1 569
L  2 1
 346103.2080850616 5045508.765181709
 346091.6820756754 5045512.10450913
 1 570
L  2 1
 344771.720758161 5045112.792178876
 344771.2711097331 5045124.783751595
 1 571
L  2 1
 344719.6996020404 5045114.766770685
 344724.44097847264 5045103.743189165
 1 572
L  2 1
 336174.8964429446 5049432.844916065
 336165.4123439785 5049440.196913536
 1 573
L  2 1
 336108.54314300074 5049364.053274141
 336114.9699157222 5049353.91934142
 1 574
L  2 1
 336076.75910152786 5049202.859085522
 336066.9849989262 5049209.820904129
 1 575
L  2 1
 335957.04982247733 5049064.691926097
 335966.6273993967 5049057.462125245
 1 576
L  2 1
 335928.0000387461 5049007.00953238
 335918.43241360196 5049014.252497871
 1 577
L  2 1
 335860.315911514 5048934.408740076
 335870.856616072 5048928.6734504225
 1 578
L  2 1
 342050.2537074127 5053183.522069863
 342054.27760265634 5053172.216838018
 1 579
L  2 1
 342085.1371330619 5053221.026060472
 342073.20105416514 5053219.789120468
 1 580
L  2 1
 357196.16849056375 5029604.8711275365
 357200.0752273912 5029616.2173783425
 1 581
L  2 1
 357175.2252741618 5029663.743099544
 357163.5113113603 5029666.347533356
 1 582
L  2 1
 328350.8563775711 5053521.261813465
 328359.4916199489 5053529.594435445
 1 583
L  2 1
 328317.40591611824 5053570.241582163
 328309.09347820474 5053561.586908516
 1 584
L  2 1
 342267.71497566183 5051615.012963323
 342255.7751832232 5051616.213528408
 1 585
L  2 1
 342254.3154420105 5051591.211185415
 342266.3090953225 5051591.601416416
 1 586
L  2 1
 363346.33755579183 5031879.661574766
 363357.75555569713 5031883.353359994
 1 587
L  2 1
 363357.1379059936 5031932.58132341
 363345.15212982835 5031931.99722606
 1 588
L  2 1
 336981.67454166134 5038538.591530529
 336972.23699745565 5038531.179866792
 1 589
L  2 1
 336972.97247214254 5038423.9843560895
 336984.5078477025 5038420.6775282
 1 590
L  2 1
 338615.09168710303 5037628.686749259
 338613.7542738619 5037616.761510232
 1 591
L  2 1
 338668.5652785614 5037617.486455556
 338661.03338238056 5037626.828325814
 1 592
L  2 1
 341755.0569698761 5048995.439216184
 341750.8590914879 5049006.681005056
 1 593
L  2 1
 341702.63987492194 5048986.102869422
 341708.91854242206 5048975.876514527
 1 594
L  2 1
 371147.48363711586 5029519.566284183
 371140.5474295151 5029509.773990065
 1 595
L  2 1
 371206.49669706024 5029466.815410004
 371212.91008152574 5029476.957820945
 1 596
L  2 1
 342298.48298324447 5049993.6537110675
 342287.1566833876 5049997.617917363
 1 597
L  2 1
 342272.9410456272 5049949.288230199
 342283.27936056774 5049943.195673741
 1 598
L  2 1
 337623.51651689433 5053021.012645391
 337635.41020124464 5053022.606468649
 1 599
L  2 1
 337631.00341910764 5053055.491466849
 337619.10973475734 5053053.897643591
 1 600
L  2 1
 337630.21059196314 5053027.714328135
 337628.82874280086 5053015.794156455
 1 601
L  2 1
 337648.43302127067 5053013.527009999
 337649.80935401435 5053025.447819879
 1 602
L  2 1
 353000.8902626633 5039739.379568744
 353002.62232112366 5039751.2539097145
 1 603
L  2 1
 352984.7119316359 5039754.383607985
 352982.2519256471 5039742.638465563
 1 604
L  2 1
 331545.32274221315 5051356.424581913
 331537.9261196159 5051365.873919146
 1 605
L  2 1
 331534.4824755619 5051363.178350486
 331541.87909815914 5051353.729013253
 1 606
L  2 1
 341540.53866348666 5051112.924662545
 341541.90274668735 5051124.846880335
 1 607
L  2 1
 341511.8398211329 5051128.213588686
 341510.59679874516 5051116.278141675
 1 608
L  2 1
 338044.83172768087 5047415.4589938605
 338039.7740383361 5047426.34107907
 1 609
L  2 1
 338023.062094511 5047410.018123845
 338012.24957111105 5047415.222865695
 1 610
L  2 1
 338015.088120147 5047418.078264601
 338020.35676440794 5047407.296734669
 1 611
L  2 1
 338013.2459539589 5047394.328586384
 338019.68845269206 5047384.204643966
 1 612
L  2 1
 324419.41580472916 4985100.981849838
 324423.44150348677 4985112.286439592
 1 613
L  2 1
 324419.7011221032 4985114.074725785
 324414.11295245384 4985103.455292656
 1 614
L  2 1
 324415.0721565987 4985103.061502421
 324418.55773411435 4985114.544130579
 1 615
L  2 1
 324374.72824802727 4985129.633865622
 324370.7025095328 4985118.329290018
 1 616
L  2 1
 343988.42781275895 5049902.661413175
 344000.2948108221 5049904.443085696
 1 617
L  2 1
 343999.1657800764 5049949.410483753
 343987.1681508196 5049949.6490046475
 1 618
L  2 1
 344008.6757847619 5049895.69873244
 344009.24190275406 5049907.6853712695
 1 619
L  2 1
 343995.8921277335 5049909.306403861
 343992.9422746414 5049897.67462125
 1 620
L  2 1
 338414.1035945609 5037540.126954944
 338425.8953276251 5037537.900964974
 1 621
L  2 1
 338436.0103252431 5037597.965236313
 338424.0237237768 5037597.398327776
 1 622
L  2 1
 335568.7661695166 5052572.2268485185
 335575.0865190824 5052582.427494643
 1 623
L  2 1
 335558.1791961834 5052592.759173808
 335552.0037719196 5052582.470143962
 1 624
L  2 1
 336806.25358051417 5053861.274790478
 336817.48329931387 5053865.504851433
 1 625
L  2 1
 336802.97161847976 5053904.187743115
 336791.2158485873 5053901.779035115
 1 626
L  2 1
 342266.21880075085 5051590.291158972
 342254.39205700223 5051592.322939547
 1 627
L  2 1
 342256.3819741774 5051550.631953985
 342267.7039539876 5051554.608481764
 1 628
L  2 1
 352995.97836706677 5039746.73917077
 353007.65618607815 5039743.97718903
 1 629
L  2 1
 353011.29454865475 5039785.907130188
 352999.2976643353 5039786.180565053
 1 630
L  2 1
 331576.7885336382 5051389.675822989
 331568.2109863088 5051398.06782405
 1 631
L  2 1
 331537.4136318456 5051365.41546161
 331545.9839691614 5051357.01609745
 1 632
L  2 1
 338434.62513065897 5037626.587174813
 338440.03151454707 5037637.300298226
 1 633
L  2 1
 338412.3386128097 5037653.126553429
 338406.11428121926 5037642.86703608
 1 634
L  2 1
 339604.49572957633 5045400.9322578525
 339592.6147290906 5045399.246485787
 1 635
L  2 1
 339596.70102992875 5045373.893922578
 339608.46093467926 5045376.2823614525
 1 636
L  2 1
 336811.1201715323 5053857.391903933
 336812.55267388275 5053869.306094507
 1 637
L  2 1
 336754.84812829323 5053878.778385575
 336752.97298189177 5053866.925798264
 1 638
L  2 1
 342293.7942249659 5051583.877065295
 342293.8053117651 5051595.877060173
 1 639
L  2 1
 342261.3599947807 5051597.264641372
 342259.36640482134 5051585.431400097
 1 640