L  2 1
 226612.6831233468 5137508.670575637
 226588.8528301762 5137516.228163043
 1 8
L  2 1
 241673.62342723893 5150292.727187432
 241675.72889812107 5150317.638369508
 1 37
L  2 1
 241089.79130438034 5135831.099764319
 241064.80055345566 5135831.77974095
 1 41
L  2 1
 243017.13899014826 5142146.680107197
 243017.72446916677 5142171.673250543
 1 53
L  2 1
 226827.3006878039 5138078.589224724
 226803.25696834316 5138085.437549666
 1 58
L  2 1
 226852.53695314287 5138017.964882848
 226852.9235709641 5138042.961893202
 1 92
L  2 1
 235724.79202776958 5158541.395242662
 235749.77019965745 5158540.350767127
 1 96
L  2 1
 221658.0969118738 5147982.046448317
 221682.9672088142 5147984.589739512
 1 101
L  2 1
 241669.0220374533 5150330.451474898
 241654.8451037117 5150351.043088473
 1 102
L  2 1
 241641.49067962487 5150258.196435721
 241662.13987208516 5150272.28937192
 1 103
L  2 1
 214300.00537667726 5153314.3425472835
 214280.2041606477 5153299.081097688
 1 105
L  2 1
 231017.37499242314 5144271.930652116
 231014.04529743092 5144296.707922573
 1 109
L  2 1
 236641.53541611624 5139185.072701007
 236632.06244697573 5139208.208449442
 1 130
L  2 1
 223950.04652574338 5143071.381549659
 223969.14595199464 5143087.512635081
 1 131
L  2 1
 231634.4071941563 5134618.345878637
 231617.16747692673 5134636.450909701
 1 180
L  2 1
 233261.7979913019 5136136.091977
 233245.08016191013 5136154.67998874
 1 181
L  2 1
 236633.99979236722 5139227.161306935
 236617.09476662183 5139245.579235825
 1 182
L  2 1
 222314.0001672264 5144734.746172723
 222315.91054795057 5144759.673074766
 1 194
L  2 1
 231015.70608938878 5144304.568968341
 230999.90206641224 5144323.9398965
 1 195
L  2 1
 223956.9538670318 5143109.283076761
 223950.27565400422 5143133.374599559
 1 200