L  10 1
 215311.65844732267 5197951.666913233
 215308.22485702147 5197952.099412385
 215307.45361007698 5197952.401452345
 215307.367422275 5197956.09611754
 215307.9235083515 5197965.972528795
 215308.479594428 5197975.848940045
 215309.035680505 5197985.7253513
 215309.59176658152 5197995.601762556
 215310.147852658 5198005.47817381
 215310.4258956965 5198010.416379435
 1 60
L  773 1
 215311.65844732267 5197951.666913233
 215307.6012524295 5197951.22165788
 215307.05668207334 5197941.237308845
 215306.5121117171 5197931.252959797
 215305.96754136035 5197921.268610756
 215305.42297100413 5197911.284261706
 215304.87840064752 5197901.299912659
 215304.33383029117 5197891.315563617
 215303.7892599343 5197881.33121457
 215303.2446895783 5197871.346865535
 215302.7001192213 5197861.3625164805
 215302.15554886532 5197851.378167446
 215301.6109785083 5197841.393818391
 215301.06640815217 5197831.409469357
 215300.5218377963 5197821.425120315
 215299.97726743916 5197811.440771267
 215299.4326970833 5197801.456422225
 215298.88812672612 5197791.472073177
 215298.34355637032 5197781.487724135
 215297.79898601348 5197771.503375088
 215297.25441565717 5197761.519026047
 215296.7098453005 5197751.534676998
 215296.16527494416 5197741.550327958
 215295.62070458752 5197731.565978908
 215295.0761342313 5197721.581629874
 215294.5315638743 5197711.597280821
 215293.98699351828 5197701.612931784
 215293.44242316217 5197691.6285827365
 215292.89785280533 5197681.644233694
 215292.35328244936 5197671.659884656
 215291.8087120923 5197661.675535601
 215291.01001806048 5197652.034453576
 215289.9314261831 5197642.0936074285
 215288.8528343044 5197632.152761267
 215287.7742424261 5197622.211915118
 215286.69565054745 5197612.271068958
 215285.61705867015 5197602.330222809
 215284.53846679043 5197592.389376647
 215283.45987491243 5197582.448530498
 215282.38128303515 5197572.507684349
 215281.30269115543 5197562.566838187
 215280.72651675536 5197552.139332395
 215280.3960366432 5197542.145606088
 215280.0655565312 5197532.151879777
 215279.73507641847 5197522.158153461
 215279.40459630644 5197512.164427152
 215279.0741161944 5197502.170700835
 215278.74363608245 5197492.176974522
 215278.41315597016 5197482.183248217
 215278.08267585744 5197472.189521901
 215277.75219574544 5197462.195795592
 215277.42171563345 5197452.202069271
 215277.09123552145 5197442.208342962
 215276.76075540917 5197432.214616658
 215276.43027529717 5197422.220890348
 215276.0997951844 5197412.2271640245
 215275.76931507245 5197402.233437711
 215275.43883496043 5197392.239711402
 215275.10835484843 5197382.245985092
 215274.77787473612 5197372.252258787
 215274.44739462345 5197362.258532462
 215274.11691451145 5197352.264806151
 215273.78643439943 5197342.271079842
 215273.45595428743 5197332.277353532
 215273.1254741751 5197322.28362722
 215272.79499406315 5197312.289900907
 215272.46451395043 5197302.296174591
 215272.13403383843 5197292.302448282
 215271.80355372644 5197282.308721972
 215271.47307361444 5197272.314995652
 215271.14259350213 5197262.321269347
 215270.81211338943 5197252.327543031
 215270.39684507053 5197242.421895079
 215269.9254767837 5197232.433822455
 215269.45410849756 5197222.44574984
 215268.98274021051 5197212.457677221
 215268.51137192335 5197202.469604603
 215268.04000363665 5197192.481531977
 215267.56863534963 5197182.493459357
 215267.09726706357 5197172.50538675
 215266.6258987765 5197162.51731413
 215266.15453048956 5197152.52924151
 215265.68316220277 5197142.541168885
 215265.21179391653 5197132.55309627
 215264.74042562957 5197122.5650236495
 215264.2690573425 5197112.576951031
 215263.67809053912 5197102.677187993
 215263.0707157121 5197092.696462642
 215262.46334088503 5197082.7157372935
 215261.8559660589 5197072.73501195
 215261.248591232 5197062.7542866
 215260.64121640497 5197052.77356125
 215260.033841578 5197042.792835901
 215259.4264667512 5197032.812110549
 215258.81909192415 5197022.831385199
 215258.21171709715 5197012.850659849
 215257.6043422703 5197002.869934493
 215256.9969674433 5196992.889209143
 215256.3895926163 5196982.908483793
 215255.78221778912 5196972.927758434
 215255.174842963 5196962.9470330905
 215254.567468136 5196952.966307741
 215253.96009330897 5196942.98558239
 215253.35271848197 5196933.00485704
 215252.74534365497 5196923.02413169
 215252.13796882797 5196913.04340634
 215251.5305940012 5196903.0626809895
 215250.9232191743 5196893.081955633
 215250.3158443473 5196883.101230282
 215249.7084695203 5196873.120504932
 215249.1010946933 5196863.139779582
 215248.4937198672 5196853.159054238
 215247.88634504017 5196843.1783288885
 215247.2789702129 5196833.19760353
 215246.671595386 5196823.216878179
 215246.06422055897 5196813.23615283
 215245.456845732 5196803.25542748
 215244.8494709049 5196793.27470213
 215244.2420960781 5196783.293976773
 215243.6347212511 5196773.313251423
 215243.0273464243 5196763.332526072
 215242.4199715973 5196753.351800722
 215241.8125967712 5196743.371075379
 215241.20522194423 5196733.390350029
 215240.59887503632 5196723.36960688
 215240.06267520957 5196713.381657467
 215239.5269061815 5196703.396832268
 215238.99113715356 5196693.412007067
 215238.45536812555 5196683.427181867
 215237.9195990967 5196673.442356661
 215237.38383006872 5196663.457531472
 215236.84806104068 5196653.472706272
 215236.31229201253 5196643.487881077
 215235.61541944172 5196633.635132827
 215234.87749876973 5196623.663209447
 215234.1395780968 5196613.691286076
 215233.40165742475 5196603.719362697
 215232.6637367527 5196593.747439333
 215231.9258160801 5196583.775515956
 215231.18789540773 5196573.803592577
 215230.44997473605 5196563.831669212
 215229.71205406275 5196553.859745827
 215228.97413339105 5196543.887822461
 215228.23621271772 5196533.9158990765
 215227.49829204576 5196523.943975707
 215226.7603713737 5196513.972052333
 215226.02239953115 5196504.005982915
 215225.16435740463 5196494.117751887
 215224.29422181367 5196484.156494597
 215223.4240862241 5196474.195237317
 215222.5541611453 5196464.154913797
 215222.05971147344 5196454.007057149
 215221.5883877852 5196444.019003819
 215221.1170176174 5196434.030938914
 215221.0775971401 5196432.87731399
 215223.49971212915 5196422.287597884
 215228.0548783393 5196411.59723492
 215233.55876248027 5196403.24911884
 215239.0626466212 5196394.901002761
 215244.4801401712 5196386.620766728
 215249.83861632115 5196378.178580037
 215255.1970924729 5196369.736393356
 215260.55556862176 5196361.294206666
 215265.9140447719 5196352.852019976
 215271.2725209379 5196344.409833265
 215276.6309970693 5196335.967646607
 215282.10418289507 5196327.507035259
 215287.5713779472 5196319.134845536
 215293.0385730248 5196310.7626557695
 215298.5057680817 5196302.390466039
 215303.9729631221 5196294.018276329
 215309.4401581774 5196285.646086603
 215314.9073532495 5196277.273896843
 215320.3745483087 5196268.901707109
 215325.84174334907 5196260.529517399
 215331.30893840443 5196252.1573276725
 215336.7761334765 5196243.785137913
 215342.24332853348 5196235.412948183
 215347.7105235761 5196227.040758469
 215353.1777186314 5196218.668568743
 215358.6449137067 5196210.296378979
 215364.08686997087 5196201.925270719
 215369.53356471928 5196193.53972965
 215374.9802594875 5196185.154188558
 215380.4269542375 5196176.768647488
 215385.8736489719 5196168.383106449
 215391.32034372023 5196159.99756538
 215396.76703847025 5196151.61202431
 215402.2137332386 5196143.226483217
 215407.45851088493 5196134.90785531
 215412.6736075427 5196126.376351993
 215417.88870422007 5196117.84484864
 215423.10380090927 5196109.313345275
 215428.31889757325 5196100.781841951
 215433.5339942492 5196092.250338601
 215438.74909094037 5196083.718835231
 215443.96418761575 5196075.187331883
 215449.1792842736 5196066.655828568
 215454.3943809541 5196058.12432521
 215459.60947764543 5196049.592821841
 215464.8245743208 5196041.0613184925
 215470.3817590108 5196032.104394823
 215476.65049426773 5196024.10854282
 215482.8319723596 5196016.248955604
 215489.0134504581 5196008.389368376
 215495.19492855 5196000.529781159
 215501.37640664057 5195992.670193944
 215507.55788471323 5195984.810606745
 215513.73936280512 5195976.951019528
 215519.9208409271 5195969.091432266
 215525.48981910225 5195961.360578337
 215531.04554521025 5195953.046873377
 215536.6012713355 5195944.733168396
 215542.1569974435 5195936.419463436
 215547.71272353432 5195928.105758507
 215553.26844964235 5195919.792053547
 215558.8241757675 5195911.478348565
 215564.3799018755 5195903.164643605
 215569.9356279645 5195894.850938679
 215575.49135407424 5195886.537233717
 215581.0470801995 5195878.223528736
 215586.60280630755 5195869.909823776
 215592.15853239663 5195861.596118849
 215597.7142585045 5195853.282413889
 215603.2699846315 5195844.968708905
 215608.82571072225 5195836.655003977
 215614.38143683024 5195828.341299017
 215619.9371629556 5195820.027594036
 215625.49288906355 5195811.713889076
 215631.04861515437 5195803.400184145
 215636.60434126225 5195795.086479186
 215642.1600673892 5195786.772774204
 215647.22795146384 5195778.561850535
 215652.29477859483 5195769.941465076
 215657.3616057402 5195761.321079586
 215662.42843285576 5195752.700694146
 215667.49525998675 5195744.080308685
 215672.56208713213 5195735.459923197
 215677.62891424776 5195726.839537755
 215682.6957413788 5195718.219152296
 215687.7625685241 5195709.598766806
 215692.82939565557 5195700.978381343
 215697.8962227708 5195692.357995905
 215703.55528920592 5195683.722589329
 215709.08370800168 5195675.390700647
 215714.61212677695 5195667.058811998
 215720.14054553688 5195658.726923369
 215725.6689643327 5195650.395034687
 215731.197383108 5195642.063146038
 215736.7258018679 5195633.731257409
 215742.2542206637 5195625.399368727
 215747.782639439 5195617.067480078
 215753.3110581989 5195608.735591449
 215758.83947699465 5195600.403702767
 215764.36789576776 5195592.071814123
 215769.8963145276 5195583.7399254935
 215775.42473332345 5195575.40803681
 215780.95315209863 5195567.076148164
 215786.48157085868 5195558.7442595335
 215792.0099896577 5195550.412370847
 215797.53840841592 5195542.08048222
 215803.0668271928 5195533.748593569
 215808.59524598863 5195525.416704887
 215814.12366474688 5195517.08481626
 215819.65208352392 5195508.752927609
 215825.18050231968 5195500.421038927
 215830.7089210779 5195492.0891503
 215836.23733985488 5195483.757261649
 215841.7657586507 5195475.425372967
 215847.29417972584 5195467.093483618
 215852.82260109577 5195458.761596671
 215858.35102244132 5195450.429709767
 215863.87944382447 5195442.097822806
 215869.40786517228 5195433.765935897
 215874.92839391608 5195425.442758542
 215880.4406697364 5195417.100181118
 215885.9529455544 5195408.7576036975
 215891.46522137072 5195400.415026279
 215896.9774971886 5195392.072448859
 215902.48977298645 5195383.729871464
 215908.00204880664 5195375.38729404
 215913.5143246247 5195367.04471662
 215919.02660044277 5195358.7021392
 215924.538876259 5195350.359561782
 215930.0511520941 5195342.0169843305
 215935.5634279144 5195333.674406907
 215941.07570373232 5195325.3318294855
 215946.5879795487 5195316.989252069
 215952.10025536676 5195308.646674649
 215957.61253118308 5195300.304097232
 215963.1248070011 5195291.961519811
 215968.6363968174 5195283.618969368
 215974.1481155344 5195275.276023878
 215979.6598342514 5195266.933078388
 215985.1715529652 5195258.590132901
 215990.68327168212 5195250.247187401
 215996.2276953288 5195241.869452597
 216001.80471623072 5195233.57001768
 216007.38173715447 5195225.270582737
 216012.95875807368 5195216.9711478
 216018.53577901656 5195208.671712824
 216024.11279993688 5195200.372277886
 216029.68982085775 5195192.072842947
 216035.2668417816 5195183.773408004
 216040.84386268168 5195175.47397309
 216046.4208836054 5195167.174538147
 216051.9979045297 5195158.875103204
 216057.57492546577 5195150.575668237
 216063.15194638952 5195142.276233293
 216068.7289673088 5195133.9767983565
 216074.3059882308 5195125.677363417
 216079.8830091377 5195117.377928494
 216085.46003005467 5195109.07849356
 216091.0339498757 5195100.782493124
 216096.60463382225 5195092.4788033925
 216102.1753177499 5195084.175113694
 216107.47594997825 5195076.226489254
 216112.41729291723 5195067.533566082
 216117.3586358382 5195058.840642937
 216122.70515288267 5195049.8324911
 216128.32801618145 5195041.564045598
 216133.95087947612 5195033.295600092
 216139.57374277464 5195025.02715459
 216145.196606054 5195016.758709111
 216151.3298961196 5195008.153474878
 216157.7197586749 5195000.462347564
 216160.2757036971 5194997.385896643
 216167.1522234801 5194994.165434065
 216164.4860837871 5194996.152883595
 216170.06219926933 5194986.504939306
 216176.3902517471 5194978.40905666
 216182.2729225467 5194970.05235689
 216186.2388442717 5194966.671067132
 216196.04130912665 5194964.244376858
 216204.1573932794 5194964.254991372
 216214.83032581396 5194962.960786005
 216225.02993280167 5194962.322436381
 216235.0180120419 5194961.851208522
 216245.0060912871 5194961.379980662
 216254.99417059423 5194960.908752803
 216264.9822498393 5194960.437524943
 216274.97032908443 5194959.966297083
 216284.9584082689 5194959.495069231
 216294.9464875141 5194959.023841371
 216304.9384069292 5194958.556244821
 216314.9267722288 5194958.091119612
 216324.9151375228 5194957.625994402
 216334.9035028168 5194957.160869191
 216344.8918681108 5194956.695743982
 216354.88023334343 5194956.230618769
 216364.86859869296 5194955.765493552
 216374.85696399256 5194955.300368342
 216384.84532928656 5194954.835243132
 216394.83369458056 5194954.370117921
 216404.82205987375 5194953.904992712
 216414.77443720264 5194953.406726929
 216424.75997964563 5194952.8844963
 216434.745522094 5194952.362265668
 216444.7310645314 5194951.840035039
 216454.7166069123 5194951.317804418
 216464.70214941655 5194950.79557379
 216474.6876918652 5194950.273343158
 216484.67323430255 5194949.751112529
 216494.6587767456 5194949.228881899
 216504.64431913284 5194948.706651277
 216514.629861637 5194948.184420648
 216524.6154040744 5194947.662190019
 216534.60094651656 5194947.139959389
 216544.58648890385 5194946.617728767
 216554.57203134685 5194946.095498137
 216564.5575738456 5194945.573267509
 216574.54311628855 5194945.051036879
 216584.5286837682 5194944.528839789
 216594.51422817836 5194944.006647837
 216603.6311633055 5194942.751117247
 216609.9114115468 5194939.731963365
 216609.9114115468 5194939.731963365
 216611.45345934745 5194933.584049306
 216612.88459619632 5194927.60710026
 216612.8346144309 5194925.631725797
 216612.5935794776 5194915.63544225
 216612.35254452392 5194905.639158694
 216612.11150957053 5194895.642875142
 216611.8704746169 5194885.646591587
 216611.54579608832 5194875.727912749
 216611.17977908265 5194865.735424854
 216609.88381023865 5194856.781104379
 216608.03643926387 5194848.914116374
 216603.21570948363 5194839.992887586
 216598.62159457983 5194831.111565005
 216594.0274796817 5194822.230242438
 216589.43336476485 5194813.348919835
 216585.27599304164 5194803.688819963
 216582.92994254225 5194792.019273614
 216582.7886121072 5194789.022848054
 216583.1144774581 5194781.40133224
 216583.52380809205 5194774.413879059
 216583.3828276836 5194772.379344218
 216582.3793479176 5194762.430635211
 216581.37586815155 5194752.481926189
 216579.74089358645 5194743.947029995
 216577.17618526367 5194738.047827698
 216570.3607596113 5194733.202244492
 216561.278293224 5194728.8003461305
 216552.32307107403 5194724.352000491
 216543.39637323585 5194719.961684244
 216538.9260497038 5194717.58046569
 216534.25757202436 5194710.294926686
 216529.7135225273 5194701.387884706
 216525.18793011137 5194692.4021175895
 216520.73617309847 5194683.448590791
 216516.28441608624 5194674.495063993
 216511.83265907157 5194665.541537193
 216507.38090205644 5194656.588010389
 216502.93813176325 5194647.498336616
 216498.66418882884 5194638.458580262
 216494.39024591516 5194629.418823951
 216490.1163029893 5194620.3790676175
 216485.84236005304 5194611.33931126
 216481.56841714005 5194602.299554951
 216477.686286658 5194592.384757737
 216474.62440460577 5194582.36680495
 216472.70721018597 5194571.591327002
 216472.05548958 5194561.249661314
 216471.92618145896 5194556.251739233
 216472.0362407812 5194550.893796597
 216473.819297272 5194539.271933599
 216475.78774952772 5194529.990467708
 216478.75666673027 5194519.989746064
 216482.09279305328 5194510.563503765
 216487.28090854877 5194500.421193954
 216492.8054765857 5194492.086751562
 216498.33004464692 5194483.752309137
 216503.85461272477 5194475.417866684
 216509.37918078373 5194467.083424264
 216514.66126356288 5194458.74922806
 216520.00121897797 5194450.295314196
 216525.341174374 5194441.841400364
 216530.6811297684 5194433.387486539
 216536.02108516436 5194424.933572708
 216541.3610405445 5194416.479658898
 216546.70099594045 5194408.025745068
 216552.0409513524 5194399.571831209
 216557.63255619945 5194391.105854431
 216563.17816368665 5194382.785396487
 216568.7237711716 5194374.4649385465
 216574.2693786533 5194366.144480611
 216579.8149861406 5194357.824022667
 216585.3605936223 5194349.503564731
 216590.9146153673 5194341.178814543
 216596.4716463546 5194332.865981692
 216602.0286773256 5194324.553148871
 216607.5857082973 5194316.240316049
 216613.1427392673 5194307.927483228
 216618.6997702356 5194299.614650412
 216624.2568012056 5194291.301817591
 216629.8309973092 5194282.9684350025
 216635.42486831616 5194274.680347772
 216641.0187393221 5194266.392260553
 216646.61261032912 5194258.104173323
 216652.2064813137 5194249.81608613
 216657.8003523422 5194241.527998872
 216663.39422335092 5194233.23991164
 216668.98809433536 5194224.951824447
 216674.581965364 5194216.66373719
 216680.1758363517 5194208.375649994
 216685.76970737285 5194200.087562748
 216691.36357838215 5194191.799475513
 216696.95744936672 5194183.5113883205
 216702.55131945008 5194175.22330224
 216708.14518717024 5194166.935213574
 216713.73905520397 5194158.647124348
 216719.3329232428 5194150.359035116
 216724.80398332505 5194142.161754423
 216730.19824942067 5194133.742391261
 216735.5925155147 5194125.323028102
 216740.9867816087 5194116.90366494
 216746.3810477027 5194108.48430178
 216751.77531379668 5194100.064938621
 216757.16957989067 5194091.645575461
 216762.5638459847 5194083.226212301
 216767.9581120787 5194074.806849142
 216773.4597436096 5194066.337407705
 216778.99443140632 5194058.009682103
 216784.52911919952 5194049.681956496
 216790.06380699296 5194041.3542308975
 216795.5984947864 5194033.026505299
 216801.133182583 5194024.698779697
 216806.66787037623 5194016.37105409
 216812.2025581713 5194008.04332849
 216817.7372459664 5193999.715602889
 216823.27193376125 5193991.38787728
 216828.80662156024 5193983.060151673
 216834.3413093536 5193974.732426075
 216839.8760016142 5193966.404696527
 216845.4106974032 5193958.076976237
 216850.94539319217 5193949.749255947
 216856.4800889812 5193941.421535657
 216862.0147847702 5193933.093815367
 216867.5494805592 5193924.766095077
 216873.08417634817 5193916.438374787
 216878.6188721372 5193908.110654497
 216884.1535679262 5193899.782934207
 216889.6882637129 5193891.45521392
 216895.22295950344 5193883.127493628
 216900.7576552925 5193874.799773338
 216906.29235108147 5193866.472053048
 216911.8270468705 5193858.144332758
 216917.36174265944 5193849.816612468
 216922.8964384485 5193841.488892178
 216928.36417281 5193833.161044657
 216933.84770646173 5193824.799547094
 216939.33124011004 5193816.438049535
 216944.81477376173 5193808.076551974
 216950.2983074285 5193799.715054394
 216955.783097256 5193791.351950744
 216961.27290847263 5193782.992371399
 216966.7618377992 5193774.634414816
 216972.25076710497 5193766.27645827
 216977.7396963993 5193757.918501737
 216983.22862572595 5193749.560545152
 216988.71755501145 5193741.202588634
 216994.20648432276 5193732.844632079
 216999.6954136492 5193724.486675496
 217005.1843429381 5193716.12871897
 217010.67327226783 5193707.770762383
 217016.16220155565 5193699.412805859
 217021.6511308614 5193691.0548493145
 217027.1400601912 5193682.696892726
 217032.6289894824 5193674.338936197
 217038.11791878808 5193665.98097965
 217043.60684811624 5193657.623023067
 217049.09577740563 5193649.26506654
 217054.58470672992 5193640.90710996
 217060.0736360412 5193632.549153406
 217065.60876941693 5193624.188023006
 217071.1367847492 5193615.85586671
 217076.66480011627 5193607.523710359
 217082.19281546795 5193599.191554036
 217087.72083221952 5193590.859397638
 217093.24884870247 5193582.527242099
 217098.7768652015 5193574.19508654
 217104.3048817015 5193565.862930979
 217109.83289820043 5193557.530775419
 217115.3609146978 5193549.198619862
 217120.8889311995 5193540.866464299
 217126.41694769845 5193532.53430874
 217131.944964214 5193524.20215315
 217137.47298071627 5193515.869997586
 217143.0009972136 5193507.53784203
 217148.5290137136 5193499.205686469
 217154.05703019543 5193490.873530929
 217159.5850466922 5193482.541375374
 217165.1130631945 5193474.209219809
 217170.6410796935 5193465.8770642495
 217176.16909619173 5193457.544908692
 217181.6971126925 5193449.212753129
 217187.2251291915 5193440.88059757
 217192.7531456915 5193432.548442009
 217198.28116219043 5193424.21628645
 217203.80917870748 5193415.884130859
 217209.33720012617 5193407.551974554
 217214.86522132604 5193399.219822076
 217220.4062484551 5193390.879469949
 217225.95373828293 5193382.560266939
 217231.50122814512 5193374.241063879
 217237.04871797623 5193365.921860865
 217242.5962078384 5193357.602657805
 217248.14369768515 5193349.283454772
 217253.6911875113 5193340.964251765
 217259.23867737336 5193332.645048705
 217264.78616720124 5193324.325845695
 217270.33365706343 5193316.006642635
 217275.8811468912 5193307.687439624
 217281.42863675344 5193299.368236565
 217286.97612660017 5193291.049033532
 217292.52361644336 5193282.729830495
 217298.07110629012 5193274.410627462
 217303.61859611623 5193266.091424455
 217309.17485525116 5193257.772171039
 217314.7291511061 5193249.457510523
 217320.2834469824 5193241.142849967
 217325.8377428564 5193232.828189417
 217331.3920387271 5193224.513528872
 217336.94633460103 5193216.198868322
 217342.5006304774 5193207.884207767
 217348.05492634987 5193199.569547219
 217353.6086844326 5193191.255562709
 217359.1504152011 5193182.939821798
 217364.6950960483 5193174.618746287
 217370.2397768593 5193166.297670831
 217375.7844576883 5193157.976595351
 217381.32913853723 5193149.655519838
 217386.8738193501 5193141.3344443785
 217392.4185001773 5193133.013368902
 217397.96318100905 5193124.692293407
 217403.5078618364 5193116.371217932
 217409.052542668 5193108.050142447
 217414.59722349804 5193099.729066958
 217420.14190432703 5193091.407991477
 217425.6865851554 5193083.086916001
 217431.18807283687 5193074.768581466
 217436.6964252969 5193066.423413046
 217442.20477775583 5193058.078244636
 217447.713130216 5193049.733076216
 217453.2214826572 5193041.38790783
 217458.72983513496 5193033.042739386
 217464.2381875949 5193024.697570966
 217469.7465400549 5193016.352402556
 217475.25489251397 5193008.007234136
 217480.76324497396 5192999.662065726
 217486.25658323945 5192991.319422501
 217491.75050583217 5192982.964747319
 217497.24442842157 5192974.610072152
 217502.73835103112 5192966.255396948
 217508.2322736036 5192957.9007218005
 217513.726196213 5192949.546046598
 217519.22011878545 5192941.191371451
 217524.71404137652 5192932.836696281
 217530.2079639676 5192924.482021102
 217535.70188655856 5192916.127345932
 217541.19580914945 5192907.772670751
 217546.8467900025 5192899.397893915
 217552.4848726739 5192891.139818728
 217558.12295538443 5192882.881743485
 217563.76103807543 5192874.623668265
 217569.39912074868 5192866.365593076
 217575.03720345744 5192858.107517835
 217580.6752861503 5192849.849442612
 217586.31336883956 5192841.591367405
 217591.9514515323 5192833.333292183
 217597.58953422375 5192825.075216962
 217603.22761691143 5192816.817141755
 217608.86569960244 5192808.559066536
 217614.50378229344 5192800.300991325
 217620.1418649845 5192792.042916106
 217625.65300461455 5192783.8033669405
 217631.1718712785 5192775.4651481295
 217636.69073796272 5192767.126929297
 217642.20960464148 5192758.78871047
 217647.72847132245 5192750.45049164
 217653.24733800348 5192742.112272809
 217658.76620468445 5192733.774053981
 217664.30771543205 5192725.426879693
 217669.85433023903 5192717.107093222
 217675.4009450443 5192708.787306754
 217680.94755987197 5192700.467520258
 217686.49417467893 5192692.147733788
 217692.04078948425 5192683.82794732
 217697.5874042741 5192675.508160882
 217703.13401908104 5192667.188374411
 217708.64686793997 5192658.887199955
 217714.14601804892 5192650.535964675
 217719.6451681579 5192642.184729386
 217725.1443182679 5192633.833494106
 217730.64346837695 5192625.482258815
 217736.1426184842 5192617.131023538
 217741.64176859328 5192608.779788249
 217747.1780855218 5192600.386458834
 217752.75443225369 5192592.086570936
 217758.3307790238 5192583.786682983
 217763.9071257748 5192575.486795054
 217769.4834725268 5192567.186907123
 217775.05981927775 5192558.887019194
 217780.6361660097 5192550.587131296
 217786.21251277975 5192542.287243343
 217791.78885953405 5192533.987355409
 217797.3652062828 5192525.687467483
 217802.8454849692 5192517.435339968
 217808.29278920192 5192509.050194851
 217813.7400934712 5192500.665049677
 217819.18739770396 5192492.279904561
 217824.63470197425 5192483.894759388
 217830.0820062069 5192475.509614271
 217835.5293104762 5192467.124469097
 217840.97661471224 5192458.739323976
 217846.4239189792 5192450.354178808
 217851.8712232302 5192441.969033667
 217857.3185274812 5192433.583888517
 217862.76583173545 5192425.198743373
 217868.27061852207 5192416.811381704
 217873.76438191207 5192408.456601844
 217879.2581453032 5192400.101821985
 217884.7519086932 5192391.747042125
 217890.2456720832 5192383.392262265
 217895.7394354741 5192375.037482404
 217901.23319886415 5192366.682702545
 217906.7269622552 5192358.327922685
 217912.2207256266 5192349.973142847
 217917.71448901985 5192341.618362982
 217923.2082524076 5192333.263583127
 217928.7020157976 5192324.9088032665
 217934.1957791885 5192316.554023407
 217939.68954257853 5192308.199243547
 217945.26376987837 5192299.772402326
 217950.90242188933 5192291.514715835
 217956.5410738985 5192283.257029347
 217962.17972592908 5192274.999342823
 217967.8183779224 5192266.741656356
 217973.4570299333 5192258.483969865
 217979.0956819425 5192250.226283377
 217984.7343339535 5192241.968596887
 217990.3729859663 5192233.7109103855
 217996.0116379773 5192225.453223895
 218001.2378052815 5192217.205970715
 218006.5492918233 5192208.734141319
 218011.860778369 5192200.262311918
 218017.17226491237 5192191.790482518
 218022.48375145576 5192183.318653122
 218027.7952380045 5192174.846823716
 218033.22688749988 5192166.248065012
 218038.77881157995 5192157.931820556
 218044.33073565096 5192149.615576112
 218049.8826597292 5192141.299331658
 218055.4345838019 5192132.983087212
 218060.9865078801 5192124.666842758
 218066.53843197183 5192116.350598278
 218072.09035605015 5192108.034353823
 218077.6422801212 5192099.71810938
 218083.1942042012 5192091.4018649245
 218088.74612827384 5192083.085620477
 218094.29805233312 5192074.769376048
 218099.87943917688 5192066.417066395
 218105.4954688995 5192058.143977969
 218111.11149864373 5192049.870889505
 218116.7275283825 5192041.597801049
 218122.34355812625 5192033.324712588
 218127.9595878673 5192025.051624127
 218133.34044991204 5192016.798257202
 218138.75330592823 5192008.390833505
 218144.16616190533 5191999.983409868
 218149.57901789804 5191991.575986202
 218154.99187389304 5191983.168562542
 218160.404729906 5191974.761138848
 218165.817585888 5191966.353715207
 218171.23044189924 5191957.946291515
 218176.6432978762 5191949.538867878
 218182.056153887 5191941.131444189
 218187.46900986403 5191932.724020552
 218192.88186587705 5191924.316596859
 218198.2947218572 5191915.909173218
 218203.7075778522 5191907.501749548
 218209.1204338473 5191899.094325888
 218214.533289858 5191890.686902198
 218219.94614583667 5191882.27947856
 218225.469383684 5191873.732714586
 218231.24557092704 5191865.493991836
 218236.99030612977 5191857.30975088
 218242.7350413178 5191849.125509939
 218248.4797765205 5191840.941268983
 218254.05219979005 5191832.9131864365
 218259.48491417328 5191824.518581192
 218264.91762855105 5191816.123975957
 218270.3503429139 5191807.729370739
 218275.7830572956 5191799.334765497
 218281.21577167648 5191790.940160257
 218286.648486074 5191782.545554986
 218292.081200454 5191774.150949746
 218297.513914835 5191765.7563445065
 218302.94662920016 5191757.361739284
 218308.42989580127 5191748.939911155
 218313.93298261127 5191740.591269438
 218319.4360694124 5191732.2426277455
 218324.9166853414 5191723.900290687
 218330.3952474616 5191715.535534839
 218335.87380956888 5191707.170779014
 218341.3523716544 5191698.806023217
 218346.83093377465 5191690.441267368
 218352.30949588184 5191682.076511543
 218357.7880579836 5191673.711755729
 218363.2666200692 5191665.346999931
 218370.26540152688 5191657.027267942
 218374.25814114735 5191652.549300529
 1 127
L  487 1
 220113.244606257 5197596.583412046
 220107.1041024605 5197604.306702885
 220099.49447287247 5197610.779951735
 220091.157785436 5197616.281917475
 220082.30606265904 5197620.932323394
 220072.972992141 5197624.507447571
 220063.3362427025 5197627.13567566
 220053.464735077 5197628.704311965
 220043.493343403 5197629.081568415
 220033.5166681715 5197628.447073029
 220023.5657563815 5197627.4679785855
 220013.6148456675 5197626.48887321
 220003.663936148 5197625.50975569
 219993.7130270535 5197624.530633856
 219983.762118132 5197623.55151026
 219973.8112092475 5197622.572386291
 219963.8603002805 5197621.593263155
 219953.9093908865 5197620.614144365
 219943.958481492 5197619.635025575
 219934.0075720975 5197618.65590678
 219924.056660555 5197617.676809825
 219914.1057486535 5197616.697716525
 219904.15483675152 5197615.718623215
 219894.2039248495 5197614.739529915
 219884.253014565 5197613.760420175
 219874.302105243 5197612.781300645
 219864.351195922 5197611.802181115
 219854.4002866 5197610.823061585
 219844.449376312 5197609.84395188
 219834.49846509 5197608.86485166
 219824.547553868 5197607.88575144
 219814.5966426465 5197606.906651231
 219804.6457314245 5197605.927551011
 219794.694820203 5197604.948450794
 219784.743908981 5197603.96935058
 219774.792997759 5197602.99025036
 219764.8420871255 5197602.011144165
 219754.89117703 5197601.0320325
 219744.940266935 5197600.052920835
 219734.9893568395 5197599.0738091655
 219725.0384467445 5197598.094697505
 219715.0875367715 5197597.115584595
 219705.136626876 5197596.136470895
 219695.1857169805 5197595.157357195
 219685.234807085 5197594.178243505
 219675.28389718905 5197593.199129805
 219665.33298729348 5197592.220016114
 219655.3820752785 5197591.24092396
 219645.431163064 5197590.261833835
 219635.4802508495 5197589.282743705
 219625.529338635 5197588.303653576
 219615.57842756 5197587.32455187
 219605.6275172 5197586.34544289
 219595.67660684 5197585.3663339205
 219585.72569648 5197584.387224941
 219575.7747867715 5197583.40810934
 219565.8238771025 5197582.42899335
 219555.8729674325 5197581.44987735
 219545.9220577635 5197580.47076136
 219535.971148117 5197579.491645135
 219526.020238517 5197578.512528425
 219516.069328918 5197577.5334117245
 219506.118419318 5197576.554295015
 219496.167509719 5197575.575178316
 219486.2166001195 5197574.596061605
 219476.26569052 5197573.616944905
 219466.314780921 5197572.637828196
 219456.363871008 5197571.658714674
 219446.412960368 5197570.679608544
 219436.462049728 5197569.7005024105
 219426.511139089 5197568.721396275
 219416.560228449 5197567.742290145
 219406.609317809 5197566.76318401
 219396.65840717 5197565.784077875
 219386.70749653 5197564.804971745
 219376.75658589 5197563.82586561
 219366.805675251 5197562.846759476
 219356.85476361305 5197561.86766349
 219346.903851814 5197560.88856914
 219336.952940015 5197559.90947479
 219327.00202821603 5197558.930380435
 219317.051116417 5197557.951286085
 219307.100204618 5197556.972191735
 219297.149294662 5197555.99307865
 219287.1983854545 5197555.013957964
 219277.247476247 5197554.034837276
 219267.2965670395 5197553.055716585
 219257.345657832 5197552.076595895
 219247.3947486245 5197551.097475205
 219237.4438394165 5197550.118354525
 219227.4929302095 5197549.139233835
 219217.5420210015 5197548.160113145
 219207.591111794 5197547.180992454
 219197.6402025865 5197546.201871765
 219187.689293379 5197545.22275108
 219177.7383841715 5197544.243630394
 219167.7874745375 5197543.264514035
 219157.836564012 5197542.285406745
 219147.8856534865 5197541.306299455
 219137.9347429605 5197540.327192159
 219127.98383243495 5197539.348084865
 219118.032921909 5197538.368977575
 219108.0820113835 5197537.389870285
 219098.1311008575 5197536.410762996
 219088.180190332 5197535.431655705
 219078.2292798265 5197534.452548205
 219068.2783700795 5197533.473433
 219058.3274603525 5197532.494317589
 219048.3765506245 5197531.51520219
 219038.4256408975 5197530.53608679
 219028.4747311695 5197529.5569713805
 219018.5238214425 5197528.57785598
 219008.5729117145 5197527.59874057
 218998.6220019875 5197526.61962517
 218988.67109226 5197525.64050976
 218978.720181799 5197524.661401819
 218968.7692711855 5197523.682295419
 218958.818360572 5197522.70318902
 218948.8674499585 5197521.724082621
 218938.916541171 5197520.74495766
 218928.9521749635 5197520.362063505
 218918.9666421745 5197520.88013763
 218908.9810837325 5197521.397722385
 218898.995525291 5197521.915307145
 218889.009966849 5197522.4328919
 218879.024408407 5197522.950476659
 218869.038849965 5197523.468061419
 218859.053291523 5197523.985646175
 218849.067733081 5197524.503230935
 218839.08217463896 5197525.02081569
 218829.096616197 5197525.538400451
 218819.111057755 5197526.05598521
 218809.125499313 5197526.573569965
 218799.13994087095 5197527.091154725
 218789.154382429 5197527.60873948
 218779.1688239875 5197528.12632424
 218769.1832655455 5197528.643909
 218759.1977071035 5197529.161493755
 218749.212148662 5197529.679078515
 218739.22659022 5197530.19666327
 218729.241031778 5197530.7142480295
 218719.255473336 5197531.231832789
 218709.269914894 5197531.749417545
 218699.284356452 5197532.267002305
 218689.29879801 5197532.784587065
 218679.313239568 5197533.302171821
 218669.327681126 5197533.8197565805
 218659.342122684 5197534.337341335
 218649.356564242 5197534.854926095
 218639.3710058 5197535.372510855
 218629.3854473585 5197535.89009561
 218619.3998889165 5197536.40768037
 218609.414330475 5197536.925265125
 218599.42877203305 5197537.442849885
 218589.443213591 5197537.960434645
 218579.457655149 5197538.4780194
 218569.472096707 5197538.995604159
 218559.48653826505 5197539.513188915
 218549.500979823 5197540.030773675
 218539.515421381 5197540.548358435
 218529.529862939 5197541.06594319
 218519.54430449705 5197541.583527951
 218509.558746055 5197542.10111271
 218499.573187613 5197542.618697465
 218489.5876291715 5197543.136282225
 218479.6020707295 5197543.65386698
 218469.6165122875 5197544.17145174
 218459.630953846 5197544.6890365
 218449.645395404 5197545.206621255
 218439.659836962 5197545.724206016
 218429.67427852 5197546.24179077
 218419.688720078 5197546.759375529
 218409.703161636 5197547.27696029
 218399.717603194 5197547.794545045
 218389.732044752 5197548.312129805
 218379.74648631 5197548.82971456
 218369.760927868 5197549.347299321
 218359.77746562 5197549.90145549
 218349.7981647175 5197550.52821292
 218339.818863815 5197551.15497036
 218329.839562913 5197551.781727795
 218319.860262011 5197552.40848523
 218309.880961109 5197553.035242665
 218299.9016602065 5197553.6620001
 218289.9223593045 5197554.288757535
 218279.943058402 5197554.91551497
 218269.9637575 5197555.542272405
 218259.984456598 5197556.169029839
 218250.005155696 5197556.795787275
 218240.0258547935 5197557.42254471
 218230.046553891 5197558.04930215
 218220.06725298896 5197558.67605958
 218210.087952087 5197559.302817021
 218200.108651185 5197559.929574455
 218191.030645463 5197563.673463535
 218182.651311163 5197569.129288685
 218174.271976863 5197574.585113835
 218165.892642564 5197580.040938985
 218157.513308264 5197585.496764135
 218149.133973964 5197590.952589285
 218140.754639665 5197596.408414435
 218132.375305365 5197601.86423959
 218123.995971065 5197607.32006474
 218114.576875723 5197610.48606859
 218104.6133567195 5197611.19345101
 218094.6152579915 5197611.324954649
 218084.617159264 5197611.45645829
 218074.6190605365 5197611.58796193
 218064.6209618085 5197611.7194655705
 218054.6228630805 5197611.85096921
 218044.6247643525 5197611.982472844
 218034.6266656245 5197612.113976485
 218024.62984558 5197612.278306485
 218014.6518123645 5197612.924931975
 218004.6737791485 5197613.571557465
 217994.695745933 5197614.218182955
 217984.717712717 5197614.864808445
 217974.73967950096 5197615.51143393
 217964.761646285 5197616.158059415
 217954.7836130695 5197616.804684905
 217944.8055798535 5197617.451310395
 217934.827546638 5197618.097935885
 217924.849513422 5197618.744561375
 217914.871480206 5197619.391186865
 217904.8934469905 5197620.037812355
 217894.9154137745 5197620.684437845
 217884.937380559 5197621.33106333
 217874.94870762105 5197621.768756591
 217864.9566047265 5197622.1390958
 217854.964501832 5197622.509435
 217844.9723989375 5197622.87977421
 217834.98029604295 5197623.25011341
 217824.98819314895 5197623.62045262
 217814.9960902545 5197623.99079182
 217805.00398736 5197624.361131029
 217795.0192045625 5197624.889678584
 217785.0355953135 5197625.443589894
 217775.0519860645 5197625.997501215
 217765.068376816 5197626.551412525
 217755.0847675675 5197627.1053238455
 217745.1011583185 5197627.659235155
 217735.11754906952 5197628.213146474
 217725.1339398205 5197628.767057786
 217715.15033057152 5197629.320969105
 217705.1667213225 5197629.87488042
 217695.1831120745 5197630.428791735
 217685.1995028255 5197630.982703054
 217675.2158935765 5197631.536614366
 217665.2322843275 5197632.090525685
 217655.2486750785 5197632.644436995
 217645.2650658295 5197633.198348315
 217635.281456581 5197633.75225963
 217625.2978473325 5197634.306170944
 217615.3142380835 5197634.860082259
 217605.3306288345 5197635.413993575
 217595.3470195855 5197635.967904896
 217585.3634103365 5197636.521816205
 217575.379801088 5197637.075727524
 217565.3961918395 5197637.629638836
 217555.4125825905 5197638.183550155
 217545.4289733415 5197638.73746147
 217535.4453640925 5197639.291372785
 217525.4617548435 5197639.845284104
 217515.478145595 5197640.399195416
 217505.4945363465 5197640.953106735
 217495.5109270975 5197641.507018045
 217485.5273178485 5197642.060929365
 217475.5437085995 5197642.614840675
 217465.5600993505 5197643.168751994
 217455.5764901015 5197643.722663309
 217445.5928808535 5197644.276574625
 217435.6092716045 5197644.830485946
 217425.6256623555 5197645.384397255
 217415.6420531065 5197645.938308574
 217405.6584438575 5197646.492219886
 217395.6748346085 5197647.046131205
 217385.6912253605 5197647.6000425145
 217375.7076161115 5197648.153953835
 217365.7240068625 5197648.70786515
 217355.7403976135 5197649.261776465
 217345.756523844 5197649.810807635
 217335.771534767 5197650.33926246
 217325.78654568896 5197650.86771728
 217315.801556612 5197651.39617211
 217305.816567534 5197651.92462693
 217295.831578457 5197652.45308176
 217285.846589379 5197652.98153658
 217275.861600302 5197653.5099914055
 217265.876611224 5197654.03844623
 217255.891622147 5197654.566901054
 217245.90663306895 5197655.09535588
 217235.921643992 5197655.623810705
 217225.936654914 5197656.15226553
 217215.951665837 5197656.68072035
 217205.966676759 5197657.20917518
 217195.981687682 5197657.73763
 217185.9966986045 5197658.26608483
 217176.011709527 5197658.79453965
 217166.0267204495 5197659.32299448
 217156.041731372 5197659.8514493
 217146.0567422945 5197660.379904125
 217136.071753217 5197660.90835895
 217126.090596341 5197661.489152765
 217116.13512240548 5197662.420716019
 217106.17964847 5197663.352279275
 217096.2241745345 5197664.28384253
 217086.268700599 5197665.215405785
 217076.3132266635 5197666.146969041
 217066.357752728 5197667.078532295
 217056.55415481352 5197669.02971266
 217046.75936552952 5197671.040029615
 217036.964576245 5197673.05034657
 217027.169786961 5197675.060663525
 217017.3749976765 5197677.070980474
 217007.580208392 5197679.08129743
 216997.785419108 5197681.091614385
 216987.9906298235 5197683.10193134
 216978.195840539 5197685.11224829
 216968.401051255 5197687.122565245
 216958.6062619705 5197689.1328822
 216948.811472686 5197691.143199155
 216939.016683402 5197693.153516104
 216929.22189411748 5197695.16383306
 216919.427104833 5197697.174150015
 216909.632315549 5197699.18446697
 216899.83752626448 5197701.19478392
 216890.04273698 5197703.205100875
 216880.247947696 5197705.21541783
 216870.4531584115 5197707.225734785
 216860.6583691275 5197709.23605174
 216850.86357984305 5197711.246368689
 216841.0687905585 5197713.256685644
 216831.2740012745 5197715.2670026
 216821.47921199 5197717.277319551
 216811.6844227055 5197719.287636505
 216801.8896334215 5197721.29795346
 216792.09484413703 5197723.308270415
 216782.30005485305 5197725.31858737
 216772.5052655685 5197727.32890432
 216762.710476284 5197729.3392212745
 216752.915687 5197731.34953823
 216743.1208977155 5197733.359855184
 216733.32610843095 5197735.370172136
 216723.53131914695 5197737.38048909
 216713.7365298625 5197739.390806045
 216703.941740578 5197741.401123
 216694.146951294 5197743.41143995
 216684.3521620095 5197745.421756905
 216674.557372725 5197747.43207386
 216664.76258344096 5197749.442390814
 216654.969155202 5197751.45932626
 216645.1759087845 5197753.477145875
 216635.38266236705 5197755.49496549
 216625.58941595 5197757.512785099
 216615.796169533 5197759.53060471
 216606.0029231155 5197761.54842433
 216596.209676698 5197763.56624394
 216586.416430281 5197765.58406355
 216576.623183864 5197767.601883166
 216566.8299374465 5197769.61970278
 216557.036691029 5197771.63752239
 216547.243444612 5197773.655342
 216537.4501981945 5197775.673161615
 216527.656951777 5197777.69098123
 216517.86370536 5197779.70880084
 216508.070458943 5197781.72662045
 216498.2400257455 5197783.51975061
 216488.31887089048 5197784.76472359
 216478.39771603548 5197786.00969657
 216468.4765611805 5197787.25466955
 216458.555406326 5197788.49964253
 216448.6036952245 5197789.41790675
 216438.62374471448 5197790.034233925
 216428.64379420356 5197790.6505611
 216418.6638436935 5197791.26688828
 216408.68389318348 5197791.88321546
 216398.70394267247 5197792.499542635
 216388.7239921625 5197793.115869811
 216378.7440416515 5197793.73219699
 216368.76409114152 5197794.34852417
 216358.8431229565 5197795.431549685
 216349.023632365 5197797.317517845
 216339.2041417735 5197799.203486
 216329.3846511815 5197801.08945416
 216319.5651605895 5197802.97542232
 216309.7456699975 5197804.86139048
 216299.9261794055 5197806.747358641
 216290.1066888135 5197808.633326795
 216280.287198222 5197810.519294955
 216270.46770763 5197812.405263115
 216260.6482170385 5197814.29123127
 216250.8287264465 5197816.17719943
 216241.0092358545 5197818.063167591
 216231.1897452625 5197819.949135751
 216221.3702546705 5197821.835103905
 216211.5507640785 5197823.721072065
 216201.731273487 5197825.607040225
 216191.9117828955 5197827.49300838
 216182.0922923035 5197829.378976541
 216172.288794596 5197831.345565654
 216162.49294672097 5197833.3507179655
 216152.697098846 5197835.355870275
 216142.90125097104 5197837.361022585
 216133.1054030965 5197839.366174895
 216123.3095552215 5197841.371327205
 216113.5137073465 5197843.37647952
 216103.7178594715 5197845.381631834
 216093.9220115965 5197847.386784146
 216084.126163722 5197849.391936455
 216074.330315847 5197851.397088764
 216064.534467972 5197853.402241075
 216054.738620097 5197855.407393385
 216044.9427722225 5197857.412545695
 216035.1469243475 5197859.417698005
 216025.3510764725 5197861.42285032
 216015.55522859748 5197863.428002635
 216005.7593807225 5197865.433154944
 215995.963532848 5197867.438307256
 215986.16768497296 5197869.443459565
 215976.371837098 5197871.448611875
 215966.57598922303 5197873.453764185
 215956.780141348 5197875.458916495
 215946.98429347348 5197877.4640688095
 215937.1884455985 5197879.469221124
 215927.39259772352 5197881.474373436
 215917.5967498485 5197883.479525745
 215907.80090197403 5197885.484678054
 215898.00505409905 5197887.489830365
 215888.209206224 5197889.494982675
 215878.413358349 5197891.500134985
 215868.617510474 5197893.505287295
 215858.8216625995 5197895.51043961
 215849.031682116 5197897.543578445
 215839.255335603 5197899.641749125
 215829.47898909 5197901.739919815
 215819.7026425765 5197903.838090505
 215809.9262960635 5197905.936261196
 215800.1499495505 5197908.034431875
 215790.3736030375 5197910.132602565
 215780.5972565245 5197912.230773255
 215770.820910011 5197914.3289439455
 215761.044563498 5197916.4271146245
 215751.268216985 5197918.525285315
 215741.4918704715 5197920.623456005
 215731.7155239585 5197922.721626695
 215721.93917744549 5197924.81979738
 215712.1628309325 5197926.917968065
 215702.326666935 5197928.560257224
 215692.3399631645 5197929.055251345
 215682.3532593945 5197929.550245466
 215672.3665556235 5197930.0452395845
 215662.3798518535 5197930.540233705
 215652.39314808248 5197931.035227825
 215642.40644431248 5197931.530221945
 215632.4197405415 5197932.025216065
 215622.4330367715 5197932.520210185
 215612.4463330005 5197933.015204305
 215602.4596292305 5197933.5101984255
 215592.4729254595 5197934.005192544
 215582.4862216895 5197934.500186671
 215572.4995179185 5197934.995180789
 215562.5128141485 5197935.49017491
 215552.5261103775 5197935.985169034
 215542.5394066075 5197936.480163155
 215532.5527028365 5197936.975157276
 215522.5659990665 5197937.470151395
 215512.5792952955 5197937.965145515
 215502.5925915255 5197938.460139635
 215492.6058877545 5197938.955133755
 215482.6191839845 5197939.450127875
 215472.6324802135 5197939.945121994
 215462.6457764435 5197940.440116115
 215452.65907267248 5197940.935110236
 215442.67236890248 5197941.430104354
 215432.6856651315 5197941.925098475
 215422.6989613615 5197942.4200926
 215412.7122575905 5197942.91508672
 215402.7255538205 5197943.41008084
 215392.7388500495 5197943.90507496
 215382.766649579 5197944.61532632
 215372.80380684495 5197945.46446473
 215363.0108094146 5197948.306378229
 215352.9630440196 5197948.159129088
 215343.0002012856 5197949.008267498
 215333.06667547653 5197949.868536713
 215323.1680713395 5197951.154246327
 215311.65844732267 5197951.666913233
 1 198