cat,x,y
1,400690.682551534,4971758.82255904
2,400690.655002646,4971758.72642861
3,400697.517201497,4971734.94657299
4,400697.455736926,4971735.02545332
5,414888.266867949,4960048.51955553
6,414888.330009101,4960048.44201074
7,414952.671454922,4959993.44711782
8,414952.572122208,4959993.4586509
9,399737.747984224,4975841.38471804
10,399737.717315515,4975841.289537
11,399744.846776013,4975816.98146766
12,399744.862571117,4975817.08021236
13,402314.103611016,4978565.08907756
14,402314.091429792,4978564.98982224
15,402311.800934324,4978538.46893908
16,402311.769785995,4978538.56396424
17,404003.397594524,4974907.49997544
18,404003.497417044,4974907.50593065
19,404028.164743175,4974904.92537016
20,404028.068247475,4974904.95161097
21,412642.852055122,4953143.71075241
22,412642.851151673,4953143.81074832
23,412638.763606567,4953168.25611637
24,412638.798018428,4953168.16222375
25,415302.4885603,4965322.22807381
26,415302.444741431,4965322.31796211
27,415291.609791289,4965344.30140993
28,415291.53287528,4965344.23750432
29,377923.341748174,4951444.37323243
30,377923.440278204,4951444.3561493
31,378003.355762378,4951410.99313232
32,378003.26203321,4951411.02798692
33,421130.508903115,4951418.53137694
34,421130.602388719,4951418.49587424
35,421155.276051766,4951415.62106352
36,421155.199180623,4951415.55710394
37,374383.740385871,4946823.88572047
38,374383.820785442,4946823.94518398
39,374408.746844736,4946835.80017484
40,374408.658492453,4946835.75333603
41,424596.383844098,4950380.12702782
42,424596.471867036,4950380.17448267
43,424612.785303132,4950401.70300133
44,424612.871682749,4950401.65261719
45,422722.653667436,4951550.96991293
46,422722.753667332,4951550.97005697
47,422761.865442265,4951560.9764688
48,422761.882660768,4951561.07497526
49,384992.982097105,4965988.58061967
50,384992.884456311,4965988.60221308
51,384943.291290514,4965992.44110566
52,384943.391270181,4965992.43908916
53,384883.569206468,4965992.64544062
54,384883.469226802,4965992.64745711
55,384833.871170565,4965994.48382351
56,384833.971169875,4965994.48345212
57,409724.627314214,4980516.29367581
58,409724.671059051,4980516.38360016
59,409731.748984467,4980561.52683728
60,409731.724096875,4980561.42998374
61,409378.868703813,4980605.03494808
62,409378.92356964,4980604.95134341
63,409407.686040696,4980570.43948186
64,409407.590358332,4980570.46854877
65,396516.421501428,4980039.76479626
66,396516.384725402,4980039.6718042
67,396499.464861791,4979993.84143442
68,396499.466209178,4979993.94142534
69,394766.151201726,4971390.07699858
70,394766.051209875,4971390.07827525
71,394718.868387741,4971400.85006833
72,394718.968371751,4971400.84828011
73,394617.558506311,4971394.59538637
74,394617.458510971,4971394.59635178
75,394568.760460364,4971387.49498826
76,394568.853109282,4971387.5326204
77,394565.871619038,4971248.8311282
78,394565.871555979,4971248.73112822
79,394562.873936641,4971199.27064681
80,394562.885436203,4971199.36998341
81,394078.635349914,4970299.96074446
82,394078.644030039,4970299.86112189
83,394082.424542024,4970250.43176685
84,394082.343465723,4970250.4903043
85,394421.921151153,4970081.12993468
86,394421.922644113,4970081.02994582
87,394422.578741597,4970031.44462766
88,394422.577865243,4970031.54462382
89,394278.533013842,4969430.17673597
90,394278.476566263,4969430.09419101
91,394270.875304628,4969382.50908247
92,394270.911193411,4969382.60242054
93,381911.324235119,4960500.19864515
94,381911.423415902,4960500.18587126
95,381960.461350237,4960502.97098234
96,381960.361350595,4960502.97124988
97,382892.698598023,4958608.49711048
98,382892.707375613,4958608.39749645
99,382891.912635663,4958559.79508672
100,382891.914571009,4958559.89506799
101,418748.635601398,4957985.91750263
102,418748.554824217,4957985.97645216
103,418708.243957938,4958014.75876249
104,418708.324138026,4958014.69900336
105,418654.215573979,4958053.00519801
106,418654.134514619,4958053.06375892
107,418614.070161774,4958082.0080403
108,418614.151221134,4958081.94947939
109,418317.869534619,4958302.17619921
110,418317.787239173,4958302.23300994
111,418280.159054921,4958334.30093508
112,418280.234092543,4958334.23483398
113,408143.714581523,4975616.48494682
114,408143.76833568,4975616.4006231
115,408177.397727356,4975580.33400847
116,408177.302965996,4975580.36595036
117,408370.744468792,4975410.15149195
118,408370.766129038,4975410.05386596
119,408397.425996481,4975371.08631148
120,408397.34651095,4975371.14699139
121,402679.391678716,4977796.4280831
122,402679.444197682,4977796.34298458
123,402708.087174268,4977756.00713611
124,402708.031755318,4977756.09037517
125,402842.876847732,4977104.33583779
126,402842.959719002,4977104.27987036
127,402884.094969383,4977077.00716925
128,402884.018079049,4977077.07110575
129,402977.69710999,4976390.0062296
130,402977.696122838,4976389.90623447
131,402956.378132184,4976345.64472439
132,402956.455515833,4976345.70806293
133,402725.858184897,4975787.90305595
134,402725.784622953,4975787.83531645
135,402688.172846259,4975755.49751185
136,402688.264218146,4975755.53814654
137,402290.899151395,4975336.10631563
138,402290.899006948,4975336.00631574
139,402296.826443508,4975287.74124336
140,402296.810410172,4975287.83994965
141,402776.939130566,4978607.94881558
142,402776.839399842,4978607.94148193
143,402736.265859463,4978608.01922661
144,402736.365824829,4978608.01659494
145,400043.959046152,4972021.02341719
146,400044.000178523,4972020.93226825
147,400065.373144909,4971976.25702845
148,400065.329192357,4971976.34685146
149,400086.028617565,4971933.60969642
150,400086.069242179,4971933.51832005
151,400113.984758648,4971892.79491751
152,400113.921313337,4971892.87221364
153,400648.889910991,4971811.88974514
154,400648.952967292,4971811.81213133
155,400683.124672365,4971778.30671606
156,400683.076703506,4971778.39445994
157,400673.995625585,4971742.79624654
158,400674.095596287,4971742.798667
159,400697.517201497,4971734.94657299
160,400697.445190381,4971735.01595886
161,419841.70176745,4958798.13763097
162,419841.654456652,4958798.22573141
163,419832.391227794,4958846.98108851
164,419832.391232539,4958846.88108851
165,419965.318740881,4959249.47550645
166,419965.393734959,4959249.54165695
167,420001.812150322,4959281.71018873
168,420001.743281335,4959281.63768312
169,409807.188944924,4977800.5131407
170,409807.171160111,4977800.41473491
171,409795.837617764,4977752.75160413
172,409795.862703282,4977752.84840659
173,409627.155992698,4977608.79246654
174,409627.060857928,4977608.7616546
175,409579.92894503,4977594.56499102
176,409580.021724165,4977594.60230097
177,409572.924282152,4977592.44855711
178,409572.828250609,4977592.42066548
179,409527.335739175,4977573.88955237
180,409527.432755009,4977573.91379959
181,409498.093980748,4977560.06391948
182,409497.994171537,4977560.05774522
183,409453.254995198,4977538.60508218
184,409453.331376276,4977538.6696262
185,409319.108581304,4977314.75688587
186,409319.096209361,4977314.65765414
187,409295.51302053,4977272.93627045
188,409295.595712958,4977272.99250178
189,408479.963844987,4976923.45183223
190,408479.888095965,4976923.38654758
191,408436.815085567,4976899.36062362
192,408436.906902934,4976899.40024143
193,408432.312443972,4976897.41780141
194,408432.220626605,4976897.3781836
195,408388.54353191,4976874.66263375
196,408388.637584819,4976874.69660507
197,408342.617193699,4976843.26665013
198,408342.538923589,4976843.20441035
199,408301.883722255,4976815.30024996
200,408301.960692039,4976815.3640908
201,408149.425810298,4976707.85415341
202,408149.353657142,4976707.78491525
203,408108.944317586,4976679.45174053
204,408109.003650812,4976679.53223629
205,413575.102985401,4960566.74742286
206,413575.202962603,4960566.74955805
207,413624.669338792,4960564.8202124
208,413624.56936159,4960564.81807721
209,414161.518787302,4960454.89730871
210,414161.615359005,4960454.92326842
211,414208.296634627,4960464.62897006
212,414208.200738686,4960464.60061572
213,414588.0444399,4960434.07129022
214,414588.113538432,4960433.99900335
215,414618.588921806,4960394.80529747
216,414618.520602253,4960394.87832102
217,414673.195568529,4960323.23053013
218,414673.256625145,4960323.15133361
219,414703.437108058,4960284.00423477
220,414703.376051442,4960284.0834313
221,385039.518943163,4954608.78200854
222,385039.618655902,4954608.77443427
223,385088.262157874,4954616.00018647
224,385088.234233524,4954615.90416444
225,385733.385094902,4954453.71459768
226,385733.433029664,4954453.62683517
227,385760.002803858,4954411.60779343
228,385759.959912578,4954411.69812802
229,385855.6035585,4954194.06637546
230,385855.642854783,4954193.97442002
231,385859.204960085,4954144.69136357
232,385859.207925758,4954144.79131958
233,412216.184807344,4955603.54169505
234,412216.248717979,4955603.61726046
235,412253.975804053,4955634.68657636
236,412253.890420347,4955634.63452233
237,413193.047356206,4955807.32796709
238,413193.132001245,4955807.27472033
239,413239.103317329,4955788.63003586
240,413239.016711353,4955788.68002991
241,412598.969907764,4960010.9199456
242,412599.061993652,4960010.9589352
243,412644.780565394,4960030.31639603
244,412644.688479506,4960030.27740643
245,412667.111425121,4960038.96804457
246,412667.199172842,4960039.0160064
247,412712.400700877,4960059.18672455
248,412712.312953156,4960059.13876272
249,394115.399625303,4975330.30558512
250,394115.498430136,4975330.29017068
251,394165.06257173,4975326.45000835
252,394164.962678662,4975326.45463166
253,411260.4175821,4980306.04952128
254,411260.510424143,4980306.08667441
255,411307.537363344,4980306.20234033
256,411307.443388114,4980306.23652594
257,411535.283569973,4980356.20562324
258,411535.383446988,4980356.21058124
259,411583.975000051,4980355.57233165
260,411583.875818153,4980355.58509687
261,412350.759139096,4979648.80558057
262,412350.734725123,4979648.70860656
263,412340.938767392,4979600.19911746
264,412340.958921899,4979600.29706539
265,412319.748874903,4979349.25392728
266,412319.749471218,4979349.15392906
267,412321.00311618,4979299.52006429
268,412320.975226734,4979299.61609647
269,412448.012347266,4979267.8864193
270,412448.110551429,4979267.86755286
271,412496.681029832,4979267.88669444
272,412496.581032725,4979267.88593386
273,412742.366405714,4979282.5788102
274,412742.466389923,4979282.58058727
275,412792.085279527,4979283.17989011
276,412791.985531414,4979283.18698335
277,413288.338641659,4979457.86444721
278,413288.432776473,4979457.8981909
279,413328.149200843,4979484.02651055
280,413328.079142678,4979483.95515333
281,411833.332654107,4972305.20747477
282,411833.237996361,4972305.17522711
283,411787.023519263,4972287.44536611
284,411787.122666283,4972287.45839947
285,419853.99829023,4972422.63623524
286,419854.049474759,4972422.55032747
287,419877.880632123,4972379.00211342
288,419877.844057276,4972379.09518479
289,411195.019204905,4971711.46806614
290,411195.103246833,4971711.52225981
291,411238.313859914,4971732.00105321
292,411238.227899287,4971731.94995751
293,402730.215082038,4955310.78913222
294,402730.197110383,4955310.88750406
295,402731.616200413,4955360.17092132
296,402731.614505573,4955360.07093568
297,402736.070145209,4955595.82059394
298,402736.072387832,4955595.92056879
299,402734.367099642,4955629.26488828
300,402734.32355546,4955629.17486659
301,382062.415398805,4947647.12278035
302,382062.414491307,4947647.02278446
303,382061.057839287,4947597.42605422
304,382061.103419759,4947597.5150622
305,382057.374401229,4947499.47505622
306,382057.375017329,4947499.37505812
307,382067.96429114,4947451.96079232
308,382067.903224409,4947452.03998105
309,399348.688948909,4975821.03645738
310,399348.788947438,4975821.03591498
311,399398.405548063,4975820.68768835
312,399398.305550707,4975820.68841543
313,399711.09268987,4975817.10556887
314,399711.18991419,4975817.12896613
315,399744.846776013,4975816.98146766
316,399744.74682898,4975816.97821334
317,383185.501063177,4966972.43532383
318,383185.498222473,4966972.33536419
319,383183.885684709,4966923.15155708
320,383183.868860215,4966923.2501316
321,383183.405126839,4966898.68281532
322,383183.402286135,4966898.58285568
323,383181.992753961,4966848.98376631
324,383181.995594665,4966849.08372595
325,384003.131898763,4966185.90017346
326,384003.231867356,4966185.8976674
327,384052.700961673,4966183.66141098
328,384052.600992841,4966183.66390749
329,384360.084963206,4966004.2552359
330,384360.180059861,4966004.22430652
331,384409.773651671,4966001.26916626
332,384409.673677894,4966001.2714562
333,399190.498291331,4968147.96270177
334,399190.529018071,4968147.86753944
335,399208.359072919,4968103.96347658
336,399208.288070443,4968104.03389425
337,400069.708027076,4967324.44812271
338,400069.786712497,4967324.5098366
339,400111.132175214,4967352.0685942
340,400111.052376281,4967352.00832705
341,401354.268394561,4968036.82511437
342,401354.357012525,4968036.87144855
343,401398.464532639,4968057.91721061
344,401398.383333965,4968057.85884302
345,402336.449750959,4968059.67881196
346,402336.497253197,4968059.59081458
347,402350.106301995,4968012.07680535
348,402350.056041207,4968012.1632568
349,409229.068626169,4974943.00005302
350,409229.104053735,4974942.90653892
351,409263.643450833,4974907.59077917
352,409263.57582579,4974907.66444635
353,410910.112286313,4975708.76221279
354,410910.182111377,4975708.69062745
355,410952.056622656,4975682.73275326
356,410951.957746927,4975682.7477062
357,414471.919609483,4973249.44474065
358,414471.995145901,4973249.37921013
359,414515.9698072,4973237.43341568
360,414515.870377696,4973237.4227492
361,414612.220248302,4973165.32058036
362,414612.283656414,4973165.24325371
363,414654.14847795,4973148.49152601
364,414654.049720006,4973148.50723806
365,413049.343675427,4953386.54147222
366,413049.320194887,4953386.44426798
367,413027.723961186,4953341.88841921
368,413027.75681673,4953341.98286768
369,412956.774877918,4953189.41874035
370,412956.742022375,4953189.32429188
371,412935.739002035,4953144.32434907
372,412935.789914832,4953144.41041815
373,419362.932856365,4961169.74166394
374,419362.84941696,4961169.6865471
375,419345.5569013,4961152.08088021
376,419345.575273159,4961152.1791781
377,382682.446998504,4978547.12269522
378,382682.371893237,4978547.18871945
379,382641.527147986,4978575.51928834
380,382641.60845085,4978575.46106597
381,382700.678858323,4978799.11218519
382,382700.73895082,4978799.19211573
383,382733.715018035,4978833.16748223
384,382733.639274725,4978833.10219095
385,382769.956263312,4979397.75537922
386,382770.006021331,4979397.84212102
387,382795.111750795,4979440.08006108
388,382795.066035286,4979439.99112238
389,382796.375510936,4979442.53868368
390,382796.421226445,4979442.62762237
391,382796.31038646,4979492.2507183
392,382796.311995194,4979492.15073124
393,382217.049570306,4958161.3298932
394,382217.051535862,4958161.42987388
395,382218.84037531,4958210.92429794
396,382218.848377498,4958210.82461863
397,414502.181733674,4965804.22574728
398,414502.274533798,4965804.26300499
399,414545.274884272,4965828.39947145
400,414545.189861149,4965828.34683052
401,390787.728993602,4967539.71378134
402,390787.828562746,4967539.7045085
403,390820.09449958,4967544.71799024
404,390819.994541594,4967544.71509179
405,401586.722878632,4964072.8726292
406,401586.82041382,4964072.89469472
407,401624.553362,4964104.87248258
408,401624.479051285,4964104.80556534
409,402085.32002744,4964345.44995701
410,402085.401415991,4964345.50805954
411,402125.851570073,4964373.45426496
412,402125.77328776,4964373.39204053
413,402178.327134654,4964377.01828051
414,402178.420197271,4964377.05487764
415,402223.306058106,4964397.88251899
416,402223.206160495,4964397.87799491
417,386723.775756936,4953526.80764966
418,386723.779589594,4953526.90757618
419,386726.397456443,4953576.41635539
420,386726.38542004,4953576.31708241
421,386733.505471311,4953745.47664913
422,386733.500431423,4953745.57652204
423,386734.340586304,4953795.04327732
424,386734.342055011,4953794.94328811
425,414281.724039631,4959673.91816559
426,414281.819965008,4959673.94642018
427,414328.269589497,4959688.74081234
428,414328.171442117,4959688.7216527
429,414384.363450316,4959722.78977218
430,414384.42285517,4959722.8702151
431,414422.467324234,4959754.65685857
432,414422.383088193,4959754.60296711
433,414532.587540102,4959804.93942474
434,414532.678493151,4959804.98098846
435,414574.338694464,4959831.2989175
436,414574.261330436,4959831.235555
437,414598.813610316,4959851.34430623
438,414598.890974344,4959851.40766873
439,414638.446935542,4959880.9023262
440,414638.365469297,4959880.84433265
441,414780.913470056,4959906.50662167
442,414780.99969121,4959906.45596683
443,414824.088799463,4959881.85662252
444,414823.99805277,4959881.89863487
445,414871.584653042,4959890.35008904
446,414871.632538306,4959890.43787857
447,414897.718836254,4959932.50506806
448,414897.656915217,4959932.42654554
449,406358.828963297,4955424.09355015
450,406358.927651653,4955424.10969352
451,406382.349189092,4955431.94804233
452,406382.296684581,4955431.86293489
453,419756.39147333,4978014.87516005
454,419756.427675264,4978014.78194299
455,419796.774041169,4977986.07956899
456,419796.702965766,4977986.14991305
457,419821.879168494,4977965.97825793
458,419821.919376366,4977965.88669742
459,419850.645645631,4977929.52999289
460,419850.550162254,4977929.55970694
461,419869.266207441,4977918.55077654
462,419869.333962495,4977918.47722891
463,419903.190079194,4977883.91852469
464,419903.09483246,4977883.94898876
465,419935.193273288,4977836.0144492
466,419935.24639222,4977835.92972388
467,419974.256144056,4977806.99443363
468,419974.179659948,4977807.05885553
469,382153.51845242,4969232.59348986
470,382153.605711904,4969232.64233433
471,382195.981741336,4969254.57880631
472,382195.89276635,4969254.53316146
473,382949.896507316,4969423.41452661
474,382949.990105087,4969423.44973254
475,382998.598433107,4969433.45666192
476,382998.503285279,4969433.42589033
477,383607.342938901,4969786.97847316
478,383607.442738049,4969786.97213833
479,383655.394029632,4969798.13333582
480,383655.301215911,4969798.096112
481,384463.105494245,4969951.19230944
482,384463.201745957,4969951.21943153
483,384505.782184836,4969976.48132089
484,384505.693632136,4969976.4348621
485,399718.989349024,4976818.39205219
486,399719.087311371,4976818.37196791
487,399763.652216033,4976799.48156099
488,399763.564759427,4976799.53005163
489,399928.537844345,4976397.26993787
490,399928.494558031,4976397.17979191
491,399917.872311117,4976348.74221241
492,399917.912228903,4976348.83389976
493,399856.088729976,4976105.67697264
494,399856.030453688,4976105.59570841
495,399822.107731875,4976070.04968666
496,399822.178036476,4976070.1208011
497,407357.395194058,4974636.45826191
498,407357.468699698,4974636.39046131
499,407389.902861317,4974599.87400201
500,407389.859318058,4974599.96402414
501,407587.101661413,4974355.03344005
502,407587.20034346,4974355.01725816
503,407633.113515804,4974349.72403014
504,407633.014937166,4974349.70722978
505,407902.239627707,4974312.22895474
506,407902.338213847,4974312.21219846
507,407948.197488795,4974294.64225768
508,407948.115491252,4974294.69949755
509,404286.71211847,4974918.43973034
510,404286.810898229,4974918.45278901
511,404335.583851317,4974927.4587337
512,404335.486444594,4974927.43610782
513,406141.216187651,4974518.36116561
514,406141.31488797,4974518.34509554
515,406183.200989822,4974496.64527202
516,406183.110719268,4974496.68829791
517,406767.408344195,4974648.91805983
518,406767.459242028,4974649.00337155
519,406799.889887354,4974686.46218293
520,406799.806560581,4974686.40689596
521,411640.508593563,4973168.99543199
522,411640.441028149,4973168.92171011
523,411630.311437909,4973146.38463339
524,411630.312308155,4973146.48462961
525,395465.550025298,4974429.89935416
526,395465.622797902,4974429.83076737
527,395492.396770851,4974387.99147299
528,395492.352561294,4974388.08116979
529,396776.09745538,4972907.01897933
530,396776.170011968,4972906.95016406
531,396823.273649959,4972892.72520299
532,396823.182598605,4972892.76655092
533,398793.933727261,4972649.80374826
534,398794.020023513,4972649.75322147
535,398833.475385413,4972620.67062805
536,398833.395774525,4972620.73114339
537,398963.025478761,4972493.3621563
538,398963.054987419,4972493.26660925
539,398979.657564665,4972446.79313196
540,398979.619220389,4972446.88548843
541,411629.462952199,4971798.89169862
542,411629.463488265,4971798.79170006
543,411631.580158243,4971769.84847706
544,411631.487786001,4971769.88678331
545,381463.153718029,4958319.66872096
546,381463.237113394,4958319.61353751
547,381487.16862477,4958312.79021371
548,381487.068627753,4958312.79098617
549,400538.413772957,4950429.15350152
550,400538.408921493,4950429.25338377
551,400555.394876155,4950474.65371745
552,400555.296988861,4950474.6332705
553,400962.788953228,4950441.06643264
554,400962.886430047,4950441.04411068
555,401012.466230463,4950440.38721175
556,401012.366268831,4950440.38998159
557,415912.425423424,4966702.06239565
558,415912.50894489,4966702.11738805
559,415957.237807863,4966723.34962689
560,415957.154286397,4966723.29463448
561,411605.094347518,4962906.51605634
562,411605.190373899,4962906.54396574
563,411654.338525559,4962913.30217313
564,411654.239339592,4962913.28943955
565,412915.363995,4963694.85423725
566,412915.402961178,4963694.76214144
567,412941.017693647,4963652.67537065
568,412940.926527567,4963652.716465
569,401821.677023387,4978980.71931347
570,401821.769826374,4978980.68206289
571,401868.343474857,4978963.63845935
572,401868.245570775,4978963.65882576
573,408530.355962645,4977674.28222938
574,408530.276719891,4977674.22123278
575,408490.411039725,4977645.13844415
576,408490.476779444,4977645.21379857
577,408408.552602269,4977583.05387995
578,408408.462569853,4977583.01035796
579,408370.067589327,4977551.62916975
580,408370.146457243,4977551.69065025
581,408171.200127178,4977045.83470213
582,408171.147650147,4977045.74957774
583,408145.421847515,4977003.58864653
584,408145.491311619,4977003.66058219
585,384819.633653024,4965750.04927257
586,384819.662135046,4965749.95341448
587,384820.347689948,4965700.56622925
588,384820.319207926,4965700.66208734
589,384814.167345153,4965202.04116247
590,384814.157227861,4965201.94167558
591,384813.508228226,4965152.43194362
592,384813.501287416,4965152.53170246
593,385361.11756109,4963954.50417727
594,385361.118673191,4963954.40418345
595,385362.52946494,4963904.8268081
596,385362.531687155,4963904.92678341
597,386525.964090219,4954147.35186024
598,386526.000962242,4954147.44481428
599,386536.644307055,4954195.81500842
600,386536.637203549,4954195.71526104
601,386736.914172293,4954585.25347285
602,386736.988740193,4954585.32010339
603,386774.47592098,4954617.47591029
604,386774.401353081,4954617.40927976
605,383772.035293781,4956676.7027831
606,383772.051406673,4956676.60408976
607,383767.748291963,4956627.37714697
608,383767.751055669,4956627.47710878
609,399778.764009844,4975784.78195899
610,399778.833713375,4975784.71025531
611,399822.016876873,4975761.14170174
612,399821.921445148,4975761.17158127
613,400258.317269408,4975475.23715283
614,400258.394689317,4975475.17385861
615,400297.684415198,4975445.24875286
616,400297.601148158,4975445.30412975
617,400408.57807403,4975376.72315468
618,400408.648622128,4975376.6522818
619,400446.077764782,4975348.12779886
620,400445.982897196,4975348.15942387
621,400714.244851247,4975158.94016954
622,400714.310674226,4975158.86488784
623,400736.621441375,4975115.41081765
624,400736.565718679,4975115.49385367
625,401580.565925741,4974947.65178027
626,401580.665003536,4974947.66532983
627,401630.293031696,4974947.50238555
628,401630.193056765,4974947.50014654
629,402144.725528009,4975160.63275284
630,402144.674005853,4975160.71845854
631,402135.657012786,4975208.82916214
632,402135.656722106,4975208.72916257
633,402290.346417762,4975262.35202607
634,402290.434971615,4975262.30556948
635,402316.365816996,4975251.214107
636,402316.278590222,4975251.16520414
637,402673.264419789,4975134.27060461
638,402673.348941701,4975134.21716262
639,402714.621360454,4975106.61598764
640,402714.534203779,4975106.66501532
641,403727.951050133,4975003.70675724
642,403728.051048768,4975003.70623475
643,403777.509488132,4975006.5499375
644,403777.410688278,4975006.56538383
645,403784.407659802,4975005.88598639
646,403784.507440376,4975005.87936544
647,403831.202840227,4974990.53169425
648,403831.119662311,4974990.58720492
649,414932.828209514,4962484.81214138
650,414932.729258385,4962484.82658694
651,414886.029241381,4962500.95671082
652,414886.122435321,4962500.92044942
653,414645.416371485,4962726.13244882
654,414645.439878234,4962726.22964672
655,414660.857543018,4962771.11975094
656,414660.823808106,4962771.02561298
657,402155.578041173,4971382.1170629
658,402155.652885595,4971382.05074313
659,402198.307169539,4971356.83540238
660,402198.226598895,4971356.89463388
661,402294.953720709,4971269.80427783
662,402295.017655409,4971269.727386
663,402313.413680502,4971225.10439104
664,402313.36949608,4971225.19410022
665,402672.680845263,4970736.90294402
666,402672.671388668,4970736.80339216
667,402690.25107464,4970691.13807678
668,402690.197229713,4970691.22234258
669,413344.241605423,4952912.76579625
670,413344.186697956,4952912.84937358
671,413317.274357902,4952951.41793118
672,413317.357846369,4952951.36288868
673,412414.754673688,4952721.02658326
674,412414.80899281,4952721.11054417
675,412442.157330765,4952761.9859428
676,412442.100719274,4952761.90351016
677,411982.316777396,4954254.67142294
678,411982.229298243,4954254.7198729
679,411940.196308345,4954280.58038567
680,411940.270579055,4954280.51342403
681,413110.909651285,4955855.18958641
682,413110.995824073,4955855.13884933
683,413152.955762511,4955828.83602573
684,413152.868314743,4955828.8845323
685,414123.651270693,4955975.70322141
686,414123.728123166,4955975.76720341
687,414163.596709622,4956004.67203433
688,414163.517863432,4956004.61052597
689,414927.949512427,4957051.2812813
690,414928.028081441,4957051.34314332
691,414966.301027411,4957082.77540961
692,414966.229003825,4957082.70603669
693,415033.281649273,4957142.17659044
694,415033.358608947,4957142.24044346
695,415067.441193384,4957176.5884228
696,415067.429520889,4957176.48910637
697,400464.735385041,4956725.86894669
698,400464.834698256,4956725.85724689
699,400511.786706545,4956711.38436045
700,400511.691095559,4956711.41366129
701,403921.091545201,4955798.5882459
702,403921.16991976,4955798.5261377
703,403966.669938041,4955779.98516511
704,403966.57180845,4955780.00441565
705,405330.514740427,4955758.17836074
706,405330.535987351,4955758.08064396
707,405340.186855064,4955709.55016254
708,405340.177914213,4955709.64976204
709,406232.354236741,4955470.72618959
710,406232.446337154,4955470.68723431
711,406277.918595575,4955450.74475296
712,406277.819436756,4955450.75769625
713,401152.532475744,4956874.72315679
714,401152.622818268,4956874.68028222
715,401194.824190068,4956850.58888916
716,401194.756039266,4956850.66207022
717,401401.283840445,4956678.62938846
718,401401.3442189,4956678.5496737
719,401428.056107373,4956636.61296697
720,401427.981488668,4956636.67954061
721,401380.982343021,4956233.06821816
722,401381.011546754,4956232.97257747
723,401404.388504724,4956190.18627585
724,401404.322148485,4956190.26108795
725,402656.633035321,4955621.38349115
726,402656.730280944,4955621.36018259
727,402705.124887802,4955621.13282211
728,402705.024955556,4955621.13650262
729,415151.530795422,4959855.11393402
730,415151.612115267,4959855.05573537
731,415191.321959058,4959825.33705797
732,415191.230868004,4959825.37831836
733,415473.547673598,4959662.73139707
734,415473.605951858,4959662.65013426
735,415505.2108892,4959624.4884575
736,415505.137665864,4959624.55656288
737,418543.781432398,4959730.52844093
738,418543.681623137,4959730.52226748
739,418495.408223092,4959731.34836107
740,418495.507201945,4959731.3564349
741,418330.406368716,4959807.48303742
742,418330.345644946,4959807.56248944
743,418302.10385364,4959848.22304258
744,418302.144452532,4959848.13165478
745,418227.617400638,4960141.06635312
746,418227.53721917,4960141.1261104
747,418185.278567902,4960166.60420342
748,418185.365070251,4960166.55403029
749,414452.032696731,4964409.92102972
750,414452.115019002,4964409.97780158
751,414500.406514643,4964419.60472237
752,414500.32163432,4964419.55185148
753,414712.434265995,4965793.71551334
754,414712.340996149,4965793.75157906
755,414680.814862849,4965831.93883241
756,414680.860986943,4965831.85010492
757,414625.069231747,4965947.32445514
758,414625.09166851,4965947.4219056
759,414646.13914097,4965991.8295274
760,414646.08070267,4965991.7483796
761,414698.781180222,4966073.6582925
762,414698.855647797,4966073.72503514
763,414713.947180858,4966119.82427928
764,414713.930907848,4966119.72561222
765,414993.169347885,4966492.2033146
766,414993.235586058,4966492.27823125
767,415038.319732897,4966509.24851899
768,415038.219734261,4966509.24904142
769,415104.212656084,4966511.79148894
770,415104.312597621,4966511.79490789
771,415153.516292607,4966518.38340774
772,415153.419657139,4966518.35768642
773,416620.809125739,4967593.3330032
774,416620.876602339,4967593.25920002
775,416662.590691591,4967571.60071711
776,416662.493957501,4967571.57536922
777,416715.200498542,4967594.19578567
778,416715.291222107,4967594.23784794
779,416723.311610544,4967635.90020194
780,416723.286459924,4967635.80341638
781,416732.154986055,4967651.93734283
782,416732.251013534,4967651.96524844
783,416771.18689183,4967682.29991392
784,416771.089575384,4967682.27690285
785,416894.242598257,4967668.32394135
786,416894.290968834,4967668.41146442
787,416939.910468531,4967657.00181983
788,416939.812307126,4967657.02090749
789,401582.867034091,4949532.40301492
790,401582.856550402,4949532.30356598
791,401588.294893253,4949483.22541904
792,401588.237394612,4949483.30723533
793,430573.423335444,4948075.99077382
794,430573.420910296,4948076.09074441
795,430571.823475265,4948100.70636189
796,430571.825900413,4948100.6063913
797,373252.808147849,4948058.8567678
798,373252.907435059,4948058.84484932
799,373301.977541682,4948064.56251842
800,373301.87841235,4948064.54935121
801,373321.384352628,4948063.02000567
802,373321.484070447,4948063.02751277
803,373371.05252726,4948063.67274813
804,373370.952805889,4948063.68020791
805,373441.392674893,4948086.62949485
806,373441.440434569,4948086.71735276
807,373474.592772623,4948123.07982919
808,373474.509318875,4948123.02473408
809,373515.857094174,4948158.24313348
810,373515.955137109,4948158.2628206
811,373564.868738465,4948151.65198323
812,373564.769852953,4948151.63709513
813,373879.692792806,4948023.18687065
814,373879.777567414,4948023.13383042
815,373921.505601767,4947996.80349169
816,373921.455197953,4947996.88985983
817,373955.589606328,4947975.06679958
818,373955.652169664,4947974.98878785
819,373998.090636155,4947949.20505822
820,373998.00145524,4947949.2502994
821,374453.922572319,4946863.86260695
822,374454.021529378,4946863.87701183
823,374495.980968754,4946888.930821
824,374495.883696392,4946888.90762429
825,375154.500026388,4947023.11725902
826,375154.588838678,4947023.07129842
827,375202.116289584,4947009.52558031
828,375202.030819596,4947009.57749256
829,375290.712920212,4946966.47386736
830,375290.811966181,4946966.46008708
831,375336.734508552,4946947.50916961
832,375336.643602647,4946947.55083634
833,375856.428777489,4946797.29276805
834,375856.523835012,4946797.26171862
835,375900.51936373,4946774.54402454
836,375900.432094884,4946774.59285228
837,375947.633936794,4946749.09028644
838,375947.716164911,4946749.03337829
839,375989.414033549,4946722.62459358
840,375989.318746738,4946722.65493207
841,376554.723201141,4946985.61752243
842,376554.804313825,4946985.67600945
843,376596.695558386,4947011.59861752
844,376596.595806439,4947011.60565662
845,376607.11756261,4947010.96296057
846,376607.215375173,4947010.98376207
847,376656.699659696,4947011.38205275
848,376656.600944462,4947011.3917703
849,376674.422678411,4947009.16978813
850,376674.519161536,4947009.19607514
851,376724.101457568,4947008.4705487
852,376724.007612706,4947008.43600681
853,376981.651730105,4946877.84948703
854,376981.70989442,4946877.76814263
855,377012.863079447,4946839.33746954
856,377012.795229618,4946839.41092974
857,377461.796030016,4946527.21223806
858,377461.894626189,4946527.19554091
859,377490.171979312,4946521.94517915
860,377490.14719057,4946521.84830027
861,374869.68676263,4948275.34928059
862,374869.681665244,4948275.24941059
863,374840.509751584,4948243.12307688
864,374840.60945382,4948243.11536558
865,377202.985645746,4951680.22019542
866,377203.080861943,4951680.18963604
867,377252.590609521,4951679.6124282
868,377252.492942539,4951679.63390286
869,377872.537419721,4951463.13346621
870,377872.63594975,4951463.11638309
871,377918.667746404,4951445.18361048
872,377918.569216374,4951445.20069361
873,378524.728288286,4951029.56029713
874,378524.826024114,4951029.53913802
875,378574.289565649,4951028.0373849
876,378574.189578097,4951028.03896269
877,419484.748481854,4946946.60866565
878,419484.776282565,4946946.70472355
879,419498.19237411,4946994.33978492
880,419498.158546063,4946994.24568039
881,426766.297043102,4945644.42493727
882,426766.381340787,4945644.37114228
883,426808.657347327,4945618.49548901
884,426808.571359145,4945618.54653833
885,427039.468216535,4945232.99686909
886,427039.499640919,4945232.90193486
887,427058.480613684,4945187.04906445
888,427058.439800268,4945187.14035665
889,426466.437644289,4945834.50838364
890,426466.492910654,4945834.4250432
891,426485.655888226,4945818.88561675
892,426485.565954243,4945818.92934178
893,429858.051385425,4950631.48176211
894,429858.150446134,4950631.4680882
895,429907.069960549,4950623.21266675
896,429906.972924685,4950623.23683369
897,424608.11816273,4951478.65928777
898,424608.216338524,4951478.64027426
899,424655.212486125,4951462.35916709
900,424655.120719887,4951462.39890319
901,423304.333031316,4950656.53183617
902,423304.428539034,4950656.50220045
903,423350.854186405,4950638.97096694
904,423350.758678687,4950639.00060266
905,422901.063775662,4950692.17116877
906,422901.10939715,4950692.26015573
907,422926.240775286,4950734.47192758
908,422926.167698729,4950734.40366473
909,421932.569189615,4950311.10657825
910,421932.569680188,4950311.20657705
911,421940.734539552,4950359.79072445
912,421940.735311133,4950359.69072743
913,421812.319456962,4950149.41262472
914,421812.41648877,4950149.43680795
915,421860.533496402,4950161.42900384
916,421860.436464595,4950161.40482062
917,424143.156837655,4951733.02654084
918,424143.107006519,4951732.93984102
919,424114.52972689,4951741.31418602
920,424114.61631975,4951741.26416926
921,423988.230858076,4951790.29107632
922,423988.137481713,4951790.32686536
923,423965.08202934,4951799.16349512
924,423965.175405703,4951799.12770609
925,421190.821816997,4950998.9901576
926,421190.883072098,4950999.06920071
927,421226.945119837,4951032.68546533
928,421226.876442737,4951032.61277794
929,421243.69504312,4951047.51575432
930,421243.76372022,4951047.5884417
931,421281.46806186,4951079.84375265
932,421281.392491083,4951079.77826175
933,421284.617260903,4951082.57290113
934,421284.69283168,4951082.63839202
935,421322.7108811,4951114.26220572
936,421322.635310322,4951114.19671482
937,381793.950056147,4950698.76498222
938,381794.045243486,4950698.73433306
939,381839.400240014,4950678.98279298
940,381839.320701001,4950679.04340276
941,381937.772418583,4950199.45737585
942,381937.771113836,4950199.35738436
943,381936.853973016,4950151.20791382
944,381936.835641416,4950151.30621922
945,382070.400460902,4948669.43822189
946,382070.484750237,4948669.38441383
947,382111.431311733,4948641.47557406
948,382111.337748465,4948641.51087158
949,382518.833639064,4946870.21977995
950,382518.903096294,4946870.14783766
951,382553.398035209,4946834.767669
952,382553.315706738,4946834.82443187
953,379813.187462979,4950868.96787455
954,379813.263496994,4950868.90292204
955,379835.47953169,4950858.12299635
956,379835.400141209,4950858.06219214
957,431883.724579981,4946499.50803587
958,431883.811001299,4946499.55834845
959,431923.871311555,4946528.61297395
960,431923.80140527,4946528.54146792
961,432913.091506898,4946595.34641559
962,432913.140675654,4946595.25933842
963,432936.470190424,4946551.75983071
964,432936.418041504,4946551.8451565
965,372122.630710655,4948851.86440276
966,372122.676736304,4948851.77562416
967,372149.879665333,4948810.41682227
968,372149.811348317,4948810.48984819
969,372301.968864657,4948606.72395695
970,372302.0660494,4948606.70039584
971,372344.597942083,4948581.50546868
972,372344.502472524,4948581.5352271
973,372395.335215698,4948450.37621859
974,372395.353549885,4948450.27791367
975,372393.22857907,4948400.76677379
976,372393.239336377,4948400.86619351
977,372394.54100388,4948372.63452582
978,372394.552897651,4948372.53523564
979,372424.075572117,4948335.70611294
980,372423.986361348,4948335.75129523
981,372431.301095231,4948332.98651544
982,372431.39468671,4948332.95129279
983,372478.262001413,4948316.49794659
984,372478.162359691,4948316.50640397
985,372719.657879668,4948320.71160463
986,372719.756004542,4948320.69233006
987,372765.928960621,4948303.48241134
988,372765.838623128,4948303.52529651
989,372989.901007002,4948222.61024167
990,372989.985571852,4948222.55686765
991,373035.062613093,4948201.7363126
992,373034.968108849,4948201.76900736
993,373056.495057497,4948191.20875337
994,373056.589561742,4948191.1760586
995,373097.10870349,4948163.16093922
996,373097.019024918,4948163.20518574
997,372509.274674603,4952204.49668461
998,372509.187470888,4952204.44774064
999,372466.445126259,4952181.74718305
1000,372466.5345056,4952181.79203094
1001,372114.315404791,4951815.82773228
1002,372114.23658471,4951815.76619047
1003,372071.973979238,4951789.78537358
1004,372072.059307252,4951789.83751886
1005,372328.247548559,4950561.50042941
1006,372328.347334436,4950561.50696995
1007,372377.746819657,4950564.35496535
1008,372377.646895395,4950564.35885658
1009,372740.59974037,4950198.81958691
1010,372740.531294841,4950198.74668143
1011,372703.210465289,4950166.21643699
1012,372703.29156673,4950166.27493961
1013,421048.982588079,4950741.9161701
1014,421048.981100844,4950742.01615904
1015,421044.534600324,4950791.1996487
1016,421044.546037599,4950791.10030491
1017,424175.537734155,4951835.5662167
1018,424175.437789328,4951835.5695381
1019,424141.568162994,4951802.15725039
1020,424141.579345345,4951802.2566232
1021,424419.782630627,4952007.12919413
1022,424419.682641101,4952007.13064144
1023,424392.513195615,4951988.53175951
1024,424392.512557208,4951988.63175748
1025,424551.520851099,4952808.66624741
1026,424551.470202518,4952808.58002258
1027,424534.298564556,4952762.0813688
1028,424534.324420417,4952762.17793745
1029,424547.420382603,4953229.80649995
1030,424547.501432003,4953229.74792526
1031,424585.564592541,4953198.1799091
1032,424585.499229322,4953198.25559034
1033,417979.913180347,4945079.89114345
1034,417979.937828538,4945079.98805819
1035,417980.601004943,4945129.70811634
1036,417980.615528052,4945129.60917656
1037,411311.845926739,4951291.81556511
1038,411311.849037077,4951291.91551672
1039,411312.416053363,4951341.25819504
1040,411312.41242368,4951341.15826094
1041,412289.57911751,4951959.85828142
1042,412289.653221442,4951959.79113526
1043,412326.138331003,4951926.49008141
1044,412326.055185575,4951926.54564073
1045,412854.525003351,4951755.17445232
1046,412854.603855215,4951755.23595341
1047,412875.175538044,4951768.88336518
1048,412875.09736677,4951768.82100132
1049,430531.315241872,4947857.49580196
1050,430531.414731669,4947857.48571334
1051,430580.950280967,4947857.13844952
1052,430580.851729196,4947857.12149227
1053,420875.444690289,4951538.13901199
1054,420875.544097939,4951538.12814373
1055,420922.461086321,4951541.07214641
1056,420922.362624501,4951541.05467443
1057,420532.350175244,4951570.9699945
1058,420532.364058361,4951570.87096289
1059,420535.633200634,4951521.44262653
1060,420535.61753468,4951521.5413918
1061,383187.245541679,4945367.27991381
1062,383187.317231643,4945367.34963145
1063,383213.691280407,4945409.10917905
1064,383213.642953252,4945409.021632
1065,383262.382087961,4946043.01386784
1066,383262.293069079,4946043.05942701
1067,383219.58789375,4946067.45458412
1068,383219.63816631,4946067.36813951
1069,426141.225414023,4949235.44494537
1070,426141.282244483,4949235.5272272
1071,426163.995187807,4949279.19794284
1072,426163.935502743,4949279.11770761
1073,426620.587961904,4950049.41002666
1074,426620.65599245,4950049.48331954
1075,426657.528860205,4950082.74292769
1076,426657.466596476,4950082.66467663
1077,427131.93750915,4951273.52989711
1078,427132.029725368,4951273.56857746
1079,427177.242712543,4951293.49875432
1080,427177.157035524,4951293.44718448
1081,427583.400150433,4951407.75448048
1082,427583.500111704,4951407.75169763
1083,427630.527080231,4951421.18185263
1084,427630.437528697,4951421.13734957
1085,419019.809119414,4950411.25044239
1086,419019.709119662,4950411.2502197
1087,418976.511073227,4950394.01942844
1088,418976.551421696,4950394.11092708
1089,430236.947990229,4947038.30542542
1090,430236.948253378,4947038.40542507
1091,430237.029383549,4947063.13601438
1092,430237.029017159,4947063.03601505
1093,422942.733378496,4952584.13453162
1094,422942.796550555,4952584.05701201
1095,422974.965621228,4952546.16472866
1096,422974.902449155,4952546.24224826
1097,422664.063976138,4952973.16085976
1098,422664.150418755,4952973.11058379
1099,422705.620901013,4952948.89422951
1100,422705.539891243,4952948.952859
1101,422450.974073365,4953152.83182562
1102,422451.044412831,4953152.76074567
1103,422484.590945696,4953116.16447823
1104,422484.526899781,4953116.24127745
1105,423003.899712315,4954368.59866918
1106,423003.892487215,4954368.49893053
1107,422973.606141173,4954334.07312011
1108,422973.697778832,4954334.11315185
1109,418124.461331187,4950000.73923235
1110,418124.521679066,4950000.65949444
1111,418168.237373185,4949976.98754793
1112,418168.17108413,4949977.06241956
1113,418017.988679748,4950038.68512701
1114,418018.078995601,4950038.64219629
1115,418063.953468634,4950019.81543466
1116,418063.856238069,4950019.83880595
1117,417810.79375939,4950078.7519673
1118,417810.89101143,4950078.77524906
1119,417859.617050554,4950085.9257661
1120,417859.52091152,4950085.89824727
1121,417744.765982857,4950063.44930791
1122,417744.861475921,4950063.47899082
1123,417792.628388286,4950076.73872797
1124,417792.528394725,4950076.73986276
1125,417622.870441397,4950047.27018775
1126,417622.969597083,4950047.28315502
1127,417672.039959964,4950053.48540738
1128,417671.940145147,4950053.47932443
1129,425463.829666106,4946274.26754527
1130,425463.88060449,4946274.35359921
1131,425495.956353279,4946307.02015309
1132,425495.916816011,4946306.92830101
1133,428595.687930305,4948335.49108156
1134,428595.782902176,4948335.522392
1135,428645.357955691,4948339.58432794
1136,428645.257992087,4948339.5816302
1137,378998.221330149,4948930.89614857
1138,378998.215972146,4948930.79629221
1139,378989.875272314,4948882.25242946
1140,378989.887987966,4948882.35161772
1141,378989.416368145,4949169.85005822
1142,378989.413286095,4949169.75010573
1143,378999.489214979,4949121.4582004
1144,378999.474111738,4949121.55705328
1145,378152.912940045,4950013.4180416
1146,378152.813310301,4950013.40944427
1147,378129.218573062,4949988.77358134
1148,378129.158392898,4949988.8534459
1149,374408.746844736,4946835.80017484
1150,374408.828757449,4946835.85753604
1151,374422.917803484,4946845.01252554
1152,374422.83118961,4946844.96254518
1153,374378.260969147,4946603.12280675
1154,374378.314436162,4946603.20731283
1155,374397.358074007,4946648.66774636
1156,374397.353492982,4946648.56785135
1157,372394.329824126,4947312.64549051
1158,372394.370448245,4947312.7368671
1159,372438.002597504,4947335.44280145
1160,372437.910333392,4947335.40423549
1161,374115.648013797,4947423.57828878
1162,374115.66603354,4947423.47992573
1163,374095.671363955,4947378.36690609
1164,374095.728513603,4947378.44896654
1165,374013.208069719,4947218.60980708
1166,374013.187309847,4947218.51198567
1167,373988.75453624,4947175.5714751
1168,373988.807461455,4947175.65632156
1169,373903.158977498,4947152.31275144
1170,373903.060410017,4947152.29588574
1171,373859.43983156,4947132.1583614
1172,373859.454995264,4947132.25720502
1173,373865.838204865,4947078.06603595
1174,373865.866770096,4947077.97020262
1175,373879.978700913,4947030.90489267
1176,373879.933842127,4947030.99426655
1177,373890.184053875,4947014.83642795
1178,373890.210505227,4947014.73998975
1179,373911.172494954,4946970.04053554
1180,373911.150615531,4946970.13811264
1181,370076.884911735,4951448.93095578
1182,370076.933402527,4951448.84349926
1183,370101.749650743,4951405.91894199
1184,370101.692698076,4951406.00113927
1185,369502.067749827,4952149.84846764
1186,369502.156260308,4952149.80192846
1187,369539.186281757,4952120.51335616
1188,369539.115271417,4952120.5837659
1189,368626.911583347,4952433.27634073
1190,368627.007956898,4952433.2496548
1191,368675.587999024,4952423.03201401
1192,368675.489448351,4952423.04897764
1193,367265.562351809,4953313.70129895
1194,367265.626639632,4953313.77789579
1195,367289.179634082,4953354.19109628
1196,367289.141698162,4953354.09857133
1197,366300.652188821,4949604.6880275
1198,366300.650855618,4949604.78801861
1199,366298.697897736,4949654.30999858
1200,366298.6892745,4949654.21037108
1201,365770.753548768,4947982.65334467
1202,365770.835320014,4947982.71090736
1203,365807.265800722,4948015.69360785
1204,365807.184029476,4948015.63604516
1205,374261.797136083,4946363.92300989
1206,374261.775720491,4946364.02068984
1207,374272.516122208,4946408.52552092
1208,374272.448749843,4946408.45162258
1209,374400.799262246,4945915.35878887
1210,374400.783400403,4945915.45752287
1211,374392.513887824,4945964.36123251
1212,374392.53044296,4945964.2626124
1213,374406.386546686,4945813.13230695
1214,374406.394512245,4945813.23198919
1215,374404.549552653,4945862.85290253
1216,374404.552090724,4945862.75293474
1217,374399.610575867,4945721.6106793
1218,374399.601882519,4945721.71030071
1219,374405.996497574,4945770.77609451
1220,374405.988532016,4945770.67641226
1221,372873.376500698,4945339.33180592
1222,372873.376265859,4945339.43180564
1223,372874.636987639,4945387.61495344
1224,372874.609105686,4945387.51891909
1225,372367.356937936,4945544.6464678
1226,372367.455578459,4945544.63003469
1227,372416.687892601,4945538.78218304
1228,372416.590392933,4945538.80440499
1229,371616.119346792,4945324.54017839
1230,371616.20813832,4945324.58617909
1231,371659.702168664,4945347.18044342
1232,371659.617365721,4945347.12766855
1233,418338.30244185,4950100.47641899
1234,418338.26713944,4950100.56998041
1235,418340.477518412,4950148.79229845
1236,418340.483717216,4950148.69249076
1237,418340.692102492,4950434.79508938
1238,418340.695226149,4950434.89504058
1239,418339.655565738,4950484.55277036
1240,418339.653723969,4950484.45278732
1241,418345.872163859,4950839.99342173
1242,418345.873806668,4950840.09340824
1243,418348.375611687,4950889.6148777
1244,418348.354368991,4950889.51716001
1245,418350.676458682,4951020.21148375
1246,418350.697701378,4951020.30920144
1247,418351.646267502,4951069.68084649
1248,418351.644624694,4951069.58085999
1249,418030.107958285,4950628.82916556
1250,418030.010651281,4950628.85221653
1251,417981.20343453,4950638.25052624
1252,417981.290821459,4950638.20191015
1253,417912.824084694,4950698.23063453
1254,417912.776703058,4950698.31869689
1255,417872.575901498,4950721.91043076
1256,417872.66867092,4950721.87309667
1257,417843.559858239,4950729.18905045
1258,417843.463888614,4950729.21715438
1259,417794.285537589,4950735.43069668
1260,417794.383720194,4950735.41171838
1261,417783.584239951,4950737.9399501
1262,417783.491686242,4950737.9778158
1263,417735.361900028,4950747.96770489
1264,417735.458003065,4950747.94006061
1265,418480.176956116,4950821.56939504
1266,418480.26917947,4950821.60805837
1267,418529.705027058,4950822.67033083
1268,418529.607322209,4950822.64902913
1269,418723.089831885,4950828.08399317
1270,418723.189149129,4950828.09565872
1271,418772.609973215,4950826.92346806
1272,418772.514623286,4950826.89332853
1273,418933.180106962,4950828.20403238
1274,418933.279453964,4950828.21544173
1275,418982.609854735,4950830.16241642
1276,418982.521079821,4950830.11638366
1277,420420.659602909,4949608.3529925
1278,420420.559760644,4949608.34737803
1279,420371.541076873,4949603.76519478
1280,420371.627398014,4949603.81567904
1281,420521.204093334,4949603.21706619
1282,420521.104195421,4949603.2215836
1283,420471.728106684,4949606.74850813
1284,420471.827058503,4949606.7340673
1285,420421.650252842,4948429.56094206
1286,420421.552307163,4948429.54077664
1287,420373.032588802,4948419.55135917
1288,420373.130534481,4948419.57152458
1289,419522.846136353,4947647.52716304
1290,419522.806876288,4947647.43519213
1291,419505.946935079,4947601.18188891
1292,419505.99518528,4947601.2694784
1293,419734.855969049,4948025.25477871
1294,419734.916249573,4948025.17498987
1295,419753.807702086,4947980.24663125
1296,419753.791442069,4947980.34530045
1297,419913.424802604,4948893.68677446
1298,419913.42335358,4948893.58678496
1299,419887.48744821,4948856.71019896
1300,419887.555433352,4948856.78353395
1301,419750.790151276,4949851.73898178
1302,419750.888644875,4949851.72168985
1303,419790.421658267,4949826.25329348
1304,419790.331305229,4949826.29614588
1305,419274.871326722,4949814.04585697
1306,419274.953586253,4949813.98899425
1307,419323.597353729,4949823.79311181
1308,419323.499106572,4949823.77447056
1309,419719.998583995,4947195.5856126
1310,419720.083854179,4947195.63785239
1311,419741.246797079,4947208.31168522
1312,419741.160753533,4947208.26072927
1313,427099.633921651,4946477.58174103
1314,427099.732334921,4946477.56399762
1315,427148.275191836,4946466.7555337
1316,427148.177602319,4946466.77735768
1317,428619.332597618,4946652.51662504
1318,428619.432069219,4946652.52689152
1319,428667.605624937,4946653.40903234
1320,428667.505625102,4946653.40885058
1321,426543.334165071,4946675.74998725
1322,426543.4337793,4946675.75876253
1323,426566.23166634,4946685.20101991
1324,426566.132287459,4946685.21214816
1325,430276.029632284,4946573.53635479
1326,430276.124315989,4946573.50418344
1327,430321.481744129,4946553.34469041
1328,430321.390238085,4946553.38502209
1329,430321.612443873,4946553.28708395
1330,430321.703949917,4946553.24675227
1331,430367.139783416,4946533.23057633
1332,430367.05274562,4946533.27981475
1333,430584.455379456,4946438.61863763
1334,430584.553085847,4946438.59734301
1335,430629.601096752,4946418.01137066
1336,430629.506121743,4946418.04267158
1337,430670.943861477,4946400.96685895
1338,430671.030755643,4946400.9173675
1339,430716.005779766,4946380.16309515
1340,430715.912504678,4946380.19914731
1341,422351.511127815,4945912.62326412
1342,422351.411196597,4945912.62697244
1343,422301.892306802,4945913.09519253
1344,422301.988277745,4945913.12329196
1345,422246.533625742,4945525.75016495
1346,422246.437816737,4945525.77881167
1347,422197.107476275,4945528.47353288
1348,422197.206575352,4945528.46013986
1349,422156.330723584,4945528.84730612
1350,422156.230935511,4945528.84079917
1351,422107.845981894,4945525.20529336
1352,422107.856523518,4945525.30473618
1353,422109.08230146,4945448.89543505
1354,422109.082769252,4945448.79543615
1355,422107.364221161,4945399.32262656
1356,422107.344140391,4945399.42058962
1357,422107.208081544,4945126.91953092
1358,422107.152554429,4945126.83636398
1359,422059.845401325,4945115.71775909
1360,422059.945388452,4945115.71615455
1361,421504.455892854,4945127.13882136
1362,421504.356200241,4945127.13098664
1363,421454.693118994,4945129.22117425
1364,421454.793013914,4945129.21659113
1365,422522.791298087,4945906.18637622
1366,422522.695682494,4945906.15709042
1367,422498.024149436,4945904.92033529
1368,422498.110172876,4945904.86934541
1369,425813.034702105,4951319.83024891
1370,425813.13185754,4951319.80656724
1371,425862.227639553,4951316.00179103
1372,425862.136682261,4951316.04334546
1373,425119.900458081,4950755.24765404
1374,425120.000453304,4950755.24667656
1375,425168.306899224,4950747.2272898
1376,425168.284523829,4950747.32475437
1377,424751.316564286,4950919.80084798
1378,424751.24675385,4950919.87244758
1379,424712.286300627,4950950.02102114
1380,424712.364202826,4950949.95832148
1381,424584.448857085,4950489.91684422
1382,424584.428487274,4950490.01474759
1383,424569.437465981,4950537.19189109
1384,424569.459972616,4950537.09445675
1385,423785.448999927,4950564.12621912
1386,423785.526847001,4950564.06345103
1387,423802.041227478,4950517.47110372
1388,423802.031110607,4950517.57059065
1389,421870.73041418,4951634.51163327
1390,421870.830064854,4951634.50328203
1391,421920.165453618,4951629.88402316
1392,421920.065929925,4951629.89377172
1393,423515.902387599,4951228.92834109
1394,423515.996254719,4951228.96282245
1395,423558.431271656,4951254.45204128
1396,423558.340775582,4951254.40949177
1397,420861.014061612,4950962.64110499
1398,420860.943808549,4950962.56993964
1399,420825.604686849,4950928.5070228
1400,420825.67424504,4950928.57886748
1401,412703.750138543,4946894.72393549
1402,412703.6540367,4946894.75158393
1403,412654.065723962,4946896.67074687
1404,412654.165703866,4946896.66874217
1405,413028.131453178,4945468.85995883
1406,413028.227535905,4945468.83224405
1407,413075.972959346,4945465.10631118
1408,413075.873128618,4945465.10049518
1409,414016.510342355,4945433.67008244
1410,414016.607917206,4945433.64819298
1411,414065.92027097,4945434.63719171
1412,414065.820822524,4945434.62670331
1413,414367.900719143,4945460.83076985
1414,414367.988823088,4945460.78346557
1415,414410.96959875,4945436.24609839
1416,414410.8838019,4945436.29746862
1417,415485.321277922,4946142.81608002
1418,415485.33369035,4946142.91530668
1419,415487.329282629,4946190.93411998
1420,415487.316870201,4946190.83489331
1421,423487.167652751,4950504.09930243
1422,423487.207215995,4950504.19114332
1423,423506.758090232,4950549.57244856
1424,423506.718368087,4950549.48067628
1425,422806.246833541,4949850.92058848
1426,422806.31992546,4949850.98883489
1427,422828.138807348,4949895.29346898
1428,422828.084560372,4949895.20946145
1429,422482.059722886,4949804.08642034
1430,422482.157440074,4949804.10766537
1431,422530.291064582,4949816.03029619
1432,422530.191933893,4949816.0171392
1433,422206.009378294,4949740.89930111
1434,422206.104085573,4949740.931403
1435,422254.362581344,4949752.18236287
1436,422254.263418868,4949752.16944763
1437,421927.59598168,4948935.75110941
1438,421927.661940447,4948935.82627218
1439,421972.657448529,4948944.77242253
1440,421972.557450341,4948944.77302446
1441,421859.590578612,4948560.27985248
1442,421859.614774445,4948560.37688115
1443,421877.013595069,4948606.79107054
1444,421876.979863334,4948606.69693144
1445,421342.769303299,4948098.5016999
1446,421342.77180817,4948098.60166852
1447,421343.242931946,4948147.86605755
1448,421343.250450475,4948147.76634059
1449,421522.703486469,4947943.1874084
1450,421522.609277549,4947943.22094464
1451,421478.629675971,4947938.90260172
1452,421478.7295429,4947938.89744454
1453,421526.970057553,4948346.45215316
1454,421526.996906954,4948346.35582502
1455,421542.236828304,4948342.85946283
1456,421542.137058155,4948342.86623907
1457,411298.811292953,4951082.07327859
1458,411298.737303857,4951082.14055127
1459,411257.160994129,4951109.14842438
1460,411257.244266514,4951109.09305553
1461,411386.527722246,4951012.01752119
1462,411386.456327235,4951012.08754085
1463,411347.979593166,4951043.20940517
1464,411348.058041763,4951043.14739051
1465,377531.312555407,4947012.44183278
1466,377531.258279004,4947012.35784426
1467,377511.973072628,4946966.76818012
1468,377511.985235015,4946966.86743775
1469,378470.619651356,4946159.7569207
1470,378470.664416994,4946159.84634127
1471,378502.278874672,4946198.1359877
1472,378502.193010897,4946198.08472941
1473,381592.33454365,4946013.90187772
1474,381592.360816407,4946013.99836472
1475,381639.275546286,4946024.23236668
1476,381639.176101281,4946024.24288766
1477,430809.555325238,4946510.215686
1478,430809.586681594,4946510.12072928
1479,430820.311701513,4946461.64768867
1480,430820.291800657,4946461.74568845
1481,383793.640969421,4946806.29039474
1482,383793.635123896,4946806.39022375
1483,383797.134963373,4946855.8799162
1484,383797.154306143,4946855.78180475
1485,384669.036679264,4947298.77627796
1486,384669.125117182,4947298.72960105
1487,384717.5717404,4947289.9580185
1488,384717.483279384,4947290.00465163
1489,384924.310491122,4947227.06922507
1490,384924.40894749,4947227.08672775
1491,384971.956887128,4947213.23097655
1492,384971.864297971,4947213.26875548
1493,384992.609901305,4947207.33127914
1494,384992.706725225,4947207.35628171
1495,385040.346646623,4947193.65034909
1496,385040.250137995,4947193.67654231
1497,385255.796690373,4947105.97043271
1498,385255.88302794,4947105.91997655
1499,385299.305881714,4947082.10359686
1500,385299.26273414,4947082.19380932
1501,385341.65671847,4947036.30854353
1502,385341.718067836,4947036.22957357
1503,385368.69654766,4946994.53437844
1504,385368.681748918,4946994.63327736
1505,385958.391292426,4946884.08681444
1506,385958.491290591,4946884.08620855
1507,386007.624098106,4946889.09724045
1508,386007.534928866,4946889.14250464
1509,386201.908014924,4946881.39201956
1510,386202.008014918,4946881.39205569
1511,386251.198549687,4946883.40982862
1512,386251.098549693,4946883.40979249
1513,386377.961612657,4946887.63098656
1514,386378.061112729,4946887.64097332
1515,386426.886919459,4946880.54115868
1516,386426.787419386,4946880.53117192
1517,386576.255538867,4946887.49844659
1518,386576.344996858,4946887.45375579
1519,386625.17044978,4946881.85302073
1520,386625.074657168,4946881.88172222
1521,382686.864596522,4946819.10584153
1522,382686.951248614,4946819.05592745
1523,382726.891818727,4946791.11943174
1524,382726.806522832,4946791.17162954
1525,382792.51801496,4946740.60040174
1526,382792.591285187,4946740.53234681
1527,382834.418372213,4946714.12491201
1528,382834.336295592,4946714.18203844
1529,415291.609791289,4965344.30140993
1530,415291.703586779,4965344.33608566
1531,415322.131936945,4965353.73180505
1532,415322.032859082,4965353.71825599
1533,415291.609791289,4965344.30140993
1534,415291.671851154,4965344.37982277
1535,415261.96820927,4965373.93897648
1536,415262.026600587,4965373.85779487
1537,396536.444816778,4980363.19336432
1538,396536.389471366,4980363.11007635
1539,396507.646556826,4980313.92671471
1540,396507.685484945,4980314.01882661
1541,402625.370739931,4978610.73379407
1542,402625.275949785,4978610.7019377
1543,402560.519569155,4978594.49882867
1544,402560.618351692,4978594.48327199
1545,402347.864447409,4978544.4669609
1546,402347.766956669,4978544.44469982
1547,402311.800934324,4978538.46893908
1548,402311.891254472,4978538.51186076
1549,402311.800934324,4978538.46893908
1550,402311.811761557,4978538.36952695
1551,402312.907076435,4978513.71957977
1552,402312.90763497,4978513.81957821
1553,408609.975968339,4977117.05219441
1554,408609.936430798,4977116.96034245
1555,408588.005868148,4977070.37977443
1556,408588.026334482,4977070.47765767
1557,408568.000727447,4977022.80430985
1558,408567.999352415,4977022.70431931
1559,408495.884857085,4976932.31743781
1560,408495.963632149,4976932.37903723
1561,413937.058540323,4960458.21217159
1562,413937.131067268,4960458.14332507
1563,413982.740495909,4960430.27741295
1564,413982.648792868,4960430.31574394
1565,414003.437849712,4960426.96182129
1566,414003.531438591,4960426.99705085
1567,414066.587057643,4960439.82192744
1568,414066.497206383,4960439.77803267
1569,412786.634583219,4960089.89420382
1570,412786.722094253,4960089.94259617
1571,412859.615244564,4960138.79750885
1572,412859.591334654,4960138.70040933
1573,412014.200094221,4972365.76829399
1574,412014.11361118,4972365.71808758
1575,411940.84904546,4972342.28038116
1576,411940.94819248,4972342.29341452
1577,411922.861007094,4972333.92757288
1578,411922.770033086,4972333.88605505
1579,411871.191174646,4972317.17842592
1580,411871.288574227,4972317.20108252
1581,382098.172002181,4947419.49754051
1582,382098.245149296,4947419.42935327
1583,382220.174982153,4947339.48573719
1584,382220.131061962,4947339.57557603
1585,404031.982027597,4974871.35520588
1586,404031.959390068,4974871.4526099
1587,404028.164743175,4974904.92537016
1588,404028.174830275,4974904.82588021
1589,382213.880905761,4957898.3990802
1590,382213.882871317,4957898.49906088
1591,382214.746270215,4957975.93031778
1592,382214.754272404,4957975.83063847
1593,382219.262109049,4958228.06352395
1594,382219.274022802,4958228.16281173
1595,382224.408677902,4958304.77247924
1596,382224.35953107,4958304.6853897
1597,414656.185704729,4965866.62276119
1598,414656.160365879,4965866.71949765
1599,414631.32914852,4965909.78463432
1600,414631.389651748,4965909.70501423
1601,414952.671454922,4959993.44711782
1602,414952.759373762,4959993.39947039
1603,414972.012898348,4959981.73443117
1604,414971.929921732,4959981.79024229
1605,382224.408677902,4958304.77247924
1606,382224.508425041,4958304.76537232
1607,382261.290320058,4958304.51864002
1608,382261.190334762,4958304.52035487
1609,382207.910573533,4958304.72045552
1610,382208.010150632,4958304.72964254
1611,382224.408677902,4958304.77247924
1612,382224.311125096,4958304.79446674
1613,382856.368172697,4958302.57958447
1614,382856.467595905,4958302.56885947
1615,382891.115886607,4958304.2608329
1616,382891.015917384,4958304.26331374
1617,382887.510771584,4958328.80792403
1618,382887.498897204,4958328.70863153
1619,382891.115886607,4958304.2608329
1620,382891.071256079,4958304.35032098
1621,382891.115886607,4958304.2608329
1622,382891.214985941,4958304.24744179
1623,382915.853228668,4958302.34985447
1624,382915.753494489,4958302.34256795
1625,416072.57603318,4966803.65021336
1626,416072.642110923,4966803.72527155
1627,416096.37363952,4966854.93842919
1628,416096.404423138,4966854.84328526
1629,416357.882283259,4967238.61790883
1630,416357.927801483,4967238.70694866
1631,416395.783952403,4967277.31867739
1632,416395.702188333,4967277.2611045
1633,402289.370228175,4978939.43479524
1634,402289.404662127,4978939.34091072
1635,402313.791101629,4978879.33578353
1636,402313.792693211,4978879.43577087
1637,383423.945309427,4957917.24008614
1638,383423.949552596,4957917.14017621
1639,383420.539938369,4957863.99653416
1640,383420.544004022,4957864.09645148
1641,383568.389928539,4957097.64078217
1642,383568.437625755,4957097.55289032
1643,383597.15459354,4957054.62803711
1644,383597.090435573,4957054.70474275
1645,402161.9594419,4975287.43704258
1646,402162.026012695,4975287.51123897
1647,402252.63662128,4975282.1331048
1648,402252.543883464,4975282.17051733
1649,402464.718252999,4975209.40135744
1650,402464.8174936,4975209.38905691
1651,402646.572125343,4975155.4305791
1652,402646.488284499,4975155.48508335
1653,402780.208046117,4975107.49515743
1654,402780.307654685,4975107.48631814
1655,402831.862849457,4975086.96264177
1656,402831.764479491,4975086.9806237
1657,403045.052602698,4975077.31367198
1658,403045.146957031,4975077.3467969
1659,403136.64866228,4975111.21971238
1660,403136.571398687,4975111.15622744
1661,403146.330038468,4975120.27618377
1662,403146.418118266,4975120.323533
1663,403227.4277061,4975112.69136892
1664,403227.340372051,4975112.74007994
1665,412686.791513009,4953160.86317868
1666,412686.691638125,4953160.86817944
1667,412638.763606567,4953168.25611637
1668,412638.863532139,4953168.25997383
1669,414346.521467675,4964388.75082166
1670,414346.615507741,4964388.78482851
1671,414398.007213199,4964400.41872473
1672,414397.909903215,4964400.39568635
1673,414972.156800114,4964582.6437343
1674,414972.245205011,4964582.69047373
1675,415040.618650101,4964580.0646623
1676,415040.526751744,4964580.10409188
1677,414578.845382715,4964433.60904975
1678,414578.935841727,4964433.65167799
1679,414700.636093839,4964451.47654756
1680,414700.539090935,4964451.45224866
1681,414721.450129045,4964452.14523096
1682,414721.545821282,4964452.11619657
1683,414776.255173743,4964438.44028806
1684,414776.155812474,4964438.42900363
1685,415235.994864869,4965412.67140805
1686,415235.947653463,4965412.7595618
1687,415197.963584575,4965467.37968018
1688,415198.018441609,4965467.29606974
1689,414720.857885486,4966167.87064005
1690,414720.874158496,4966167.96930711
1691,414733.695374626,4966227.87121839
1692,414733.692461705,4966227.77126083
1693,414893.310695068,4966396.00181945
1694,414893.401485291,4966396.04373765
1695,414988.199098828,4966487.55305067
1696,414988.119334405,4966487.49273785
1697,416229.27975457,4967106.0492933
1698,416229.340514745,4967106.12871748
1699,416277.545282183,4967140.51230232
1700,416277.465131669,4967140.45250353
1701,416496.581463979,4967589.60939119
1702,416496.675369838,4967589.57501548
1703,416587.841605551,4967627.11371476
1704,416587.764514931,4967627.17740963
1705,412074.464807858,4950759.3071684
1706,412074.466813382,4950759.40714829
1707,412043.685370221,4950789.65491395
1708,412043.773554939,4950789.60776042
1709,373611.368126259,4948148.79255672
1710,373611.468006066,4948148.78765528
1711,373701.946967846,4948115.10730466
1712,373701.847261027,4948115.11495647
1713,375402.734081991,4946915.10824336
1714,375402.83312796,4946915.09446309
1715,375450.939973178,4946894.5137679
1716,375450.853665809,4946894.5642757
1717,376739.848752679,4947007.02415081
1718,376739.943693482,4947006.99274629
1719,376804.460864119,4946984.69054655
1720,376804.363615987,4946984.71384464
1721,421164.133886478,4951384.56076545
1722,421164.073385937,4951384.64038758
1723,421155.276051766,4951415.62106352
1724,421155.236943593,4951415.52902792
1725,428106.359660985,4951608.28840513
1726,428106.444133006,4951608.34192594
1727,428155.946758665,4951640.024315
1728,428155.852186454,4951639.99181736
1729,378022.641844276,4951438.66078
1730,378022.587509953,4951438.57682893
1731,378003.355762378,4951410.99313232
1732,378003.406633691,4951411.07922593
1733,422450.874065219,4953623.10740982
1734,422450.774783796,4953623.1193764
1735,422412.739657859,4953595.03951098
1736,422412.753476846,4953595.13855156
1737,422787.630744165,4953787.41756606
1738,422787.630735796,4953787.31756606
1739,422786.477362426,4953678.27905195
1740,422786.469454423,4953678.37873878
1741,418345.828013988,4949966.64908984
1742,418345.921128891,4949966.61262596
1743,418354.530730552,4949963.45525514
1744,418354.432719765,4949963.47510169
1745,417911.222749776,4950084.58624977
1746,417911.32085148,4950084.56685761
1747,418011.870415068,4950041.59338165
1748,418011.780099215,4950041.63631237
1749,374338.669901913,4946518.38159739
1750,374338.704175263,4946518.47554065
1751,374371.295938985,4946588.62090358
1752,374371.273266311,4946588.52350774
1753,373194.076433746,4948021.34746244
1754,373194.121664223,4948021.43664879
1755,373222.99510196,4948066.23391187
1756,373222.923846437,4948066.16375027
1757,373212.236664535,4948074.75415188
1758,373212.315305569,4948074.69238143
1759,373222.99510196,4948066.23391187
1760,373222.917169026,4948066.29657333
1761,374265.376200464,4946776.53719295
1762,374265.467863519,4946776.5771665
1763,374323.042816976,4946799.65635042
1764,374322.954058152,4946799.61028664
1765,418345.828013988,4949966.64908984
1766,418345.9022479,4949966.71609228
1767,418339.702690265,4950050.23453809
1768,418339.662703734,4950050.1428807
1769,418338.173089284,4950215.87289926
1770,418338.169661646,4950215.9728405
1771,418338.644213885,4950400.01906283
1772,418338.637721489,4950399.9192738
1773,418343.437554145,4950581.39867651
1774,418343.429435026,4950581.49834637
1775,418343.426369942,4950648.81093684
1776,418343.414585312,4950648.71163366
1777,418344.723190241,4950745.37900319
1778,418344.734777111,4950745.47832965
1779,418347.264533105,4950802.99466792
1780,418347.262890296,4950802.89468141
1781,420323.552756401,4949517.87547794
1782,420323.513825132,4949517.78336737
1783,420290.196151304,4949438.95445038
1784,420290.235082574,4949439.04656095
1785,420865.14371772,4949585.89239798
1786,420865.043875925,4949585.8980208
1787,420791.690050781,4949589.56990335
1788,420791.789043509,4949589.55574567
1789,420144.061455642,4948367.80896804
1790,420143.964310863,4948367.78524269
1791,420089.153260069,4948354.23130037
1792,420089.252339954,4948354.24483463
1793,418524.248221022,4949943.96699273
1794,418524.347223263,4949943.98108373
1795,418579.548200181,4949940.09004789
1796,418579.451270788,4949940.06545739
1797,430414.605558331,4946512.21908399
1798,430414.692749103,4946512.17011697
1799,430504.975943795,4946472.92322928
1800,430504.884312546,4946472.96327567
1801,430508.851010916,4946471.22967509
1802,430508.942642166,4946471.18962869
1803,430563.097590272,4946446.43049135
1804,430563.005959022,4946446.47053775
1805,421577.3062429,4945125.45318389
1806,421577.208624886,4945125.47488005
1807,421504.524887413,4945127.14424357
1808,421504.624580026,4945127.15207829
1809,421438.297794855,4945128.83901288
1810,421438.200739673,4945128.86310212
1811,421367.977553793,4945131.68022172
1812,421368.077551421,4945131.6795329
1813,424774.525324822,4950746.56615602
1814,424774.52141095,4950746.6660794
1815,424773.441664583,4950774.82724671
1816,424773.45856247,4950774.72868475
1817,424773.441664583,4950774.82724671
1818,424773.508187788,4950774.90191038
1819,424775.16805542,4950799.53417985
1820,424775.167226178,4950799.43418328
1821,424773.441664583,4950774.82724671
1822,424773.366603646,4950774.76117209
1823,424792.798761869,4950759.37515351
1824,424792.700121761,4950759.35871791
1825,422761.865442265,4951560.9764688
1826,422761.794727826,4951561.04717572
1827,422750.06804951,4951589.02795736
1828,422750.078829146,4951588.92854006
1829,410889.831374007,4951076.23086354
1830,410889.925350936,4951076.26504449
1831,410973.251755914,4951107.2289452
1832,410973.161601436,4951107.18567662
1833,411188.029683613,4951154.72135345
1834,411188.129615935,4951154.7250319
1835,411205.906076723,4951157.56937546
1836,411205.809198652,4951157.54458354
1837,378217.813045309,4946030.22491886
1838,378217.910074261,4946030.20072418
1839,378312.343957483,4946044.9762351
1840,378312.247675442,4946044.94922087
1841,384288.233817378,4947203.63757238
1842,384288.329757652,4947203.66577635
1843,384354.594028584,4947238.08679072
1844,384354.516317184,4947238.02385474
1845,382565.188567126,4946825.92140394
1846,382565.264838254,4946825.85673002
1847,382570.555902008,4946825.03440883
1848,382570.502675501,4946824.94975105
1849,382570.555902008,4946825.03440883
1850,382570.586844307,4946825.12950128
1851,382660.58065523,4946825.34612655
1852,382660.480711263,4946825.34277939
1853,409428.111760674,4977518.76464755
1854,409428.044389938,4977518.69074773
1855,409333.928000363,4977434.94763498
1856,409333.968799376,4977435.03893361
1857,414734.837801096,4960244.91222576
1858,414734.898857712,4960244.83302923
1859,414770.228160288,4960195.70191922
1860,414770.175840376,4960195.78714027
1861,382237.884351151,4947356.96316053
1862,382237.792512437,4947356.92359222
1863,382218.118881955,4947314.61675708
1864,382218.119191773,4947314.7167566
1865,412998.445710091,4953279.64710663
1866,412998.394797294,4953279.56103755
1867,412957.77903087,4953192.30533721
1868,412957.811886414,4953192.39978568
1869,414702.41689486,4959933.53872983
1870,414702.508461028,4959933.57892481
1871,414755.691469745,4959920.7202396
1872,414755.604048015,4959920.76879309
1873,416814.659464184,4967666.3524418
1874,416814.757594942,4967666.33319721
1875,416891.064376204,4967663.03575087
1876,416890.981198496,4967662.98023989
1877,415356.538349389,4964964.18864195
1878,415356.546904664,4964964.28827531
1879,415381.573306593,4965032.23842109
1880,415381.536514055,4965032.14543555
1881,414738.526711914,4966258.43347069
1882,414738.530077075,4966258.53341405
1883,414878.805199912,4966387.3852629
1884,414878.725943067,4966387.3242846
1885,378003.355762378,4951410.99313232
1886,378003.418114494,4951410.91495168
1887,378015.366241425,4951395.08983044
1888,378015.308375184,4951395.17138716
1889,372836.499793222,4948278.58237005
1890,372836.596828204,4948278.55819957
1891,372946.970684547,4948238.43414815
1892,372946.877247025,4948238.4697772
1893,424612.785303132,4950401.70300133
1894,424612.693448842,4950401.74253346
1895,424604.486959532,4950425.27482834
1896,424604.510627834,4950425.17766965
1897,374012.597111101,4946876.27465272
1898,374012.690166374,4946876.23803693
1899,374123.580708097,4946815.42739225
1900,374123.535518388,4946815.51659926
1901,374152.554038089,4946775.0106222
1902,374152.630983902,4946774.94675248
1903,374247.433653773,4946770.04905566
1904,374247.33785543,4946770.0203733
1905,422761.865442265,4951560.9764688
1906,422761.842038681,4951560.879246
1907,422783.817732833,4951549.34934286
1908,422783.717748813,4951549.35113052
1909,410797.232507334,4951018.08524303
1910,410797.23635686,4951018.18516891
1911,410863.743599811,4951066.75857927
1912,410863.653493417,4951066.71521064
1913,411253.972465191,4951111.36284631
1914,411253.89536633,4951111.42653121
1915,411205.906076723,4951157.56937546
1916,411205.923284338,4951157.47086709
1917,411499.200088403,4950923.21727539
1918,411499.113718481,4950923.26767615
1919,411454.033464233,4950957.30978587
1920,411454.116332642,4950957.2538142
1921,414922.955568467,4959960.29087214
1922,414923.022386226,4959960.36527232
1923,414952.671454922,4959993.44711782
1924,414952.585138702,4959993.39662515
1925,408361.445379851,4977544.90783378
1926,408361.366511936,4977544.84635327
1927,408302.356350727,4977466.00754905
1928,408302.372125515,4977466.10629699
1929,414849.17483031,4964499.92841186
1930,414849.255397154,4964499.98764854
1931,414916.323107987,4964545.78878122
1932,414916.251094789,4964545.71939751
1933,414547.818453855,4965829.9742888
1934,414547.903476979,4965830.02692974
1935,414616.671109178,4965920.06723056
1936,414616.628769043,4965919.97663634
1937,400697.517201497,4971734.94657299
1938,400697.556464717,4971734.85460343
1939,400709.322542213,4971712.96382783
1940,400709.263215583,4971713.04432845
1941,402709.20099047,4955621.41605123
1942,402709.299952123,4955621.43042452
1943,402734.367099642,4955629.26488828
1944,402734.271646543,4955629.23507711
1945,399744.846776013,4975816.98146766
1946,399744.92037464,4975816.91376801
1947,399758.269059884,4975806.11368349
1948,399758.185944732,4975806.16928809
1949,411631.580158243,4971769.84847706
1950,411631.680148775,4971769.84710101
1951,411651.938081654,4971769.41267017
1952,411651.838137876,4971769.41602298
1953,400538.332688207,4950429.17035113
1954,400538.336897855,4950429.27026248
1955,400553.761383497,4950475.80676248
1956,400553.662468996,4950475.7920682
1957,400962.788953228,4950441.4753376
1958,400962.886225289,4950441.45213962
1959,401012.497053769,4950439.30374173
1960,401012.397252108,4950439.29744662
1961,402304.790067251,4975275.30193143
1962,402304.808009975,4975275.20355431
1963,402316.365816996,4975251.214107
1964,402316.300480224,4975251.28981107
1965,402316.365816996,4975251.214107
1966,402316.430670659,4975251.29022534
1967,402337.282060981,4975247.59650503
1968,402337.186420639,4975247.62570991
1969,377478.681746295,4946543.78940199
1970,377478.720699447,4946543.69730068
1971,377490.171979312,4946521.94517915
1972,377490.129461784,4946522.03569026
1973,377490.171979312,4946521.94517915
1974,377490.271828608,4946521.93969115
1975,377510.351562987,4946519.04774064
1976,377510.254538141,4946519.07195178
1977,424142.389225611,4951754.14696226
1978,424142.401037178,4951754.04766228
1979,424143.156837655,4951733.02654084
1980,424143.158462795,4951733.12652763
1981,424143.156837655,4951733.02654084
1982,424143.246196483,4951733.07142959
1983,424147.593394951,4951707.54909987
1984,424147.580969474,4951707.6483249
1985,430580.745466185,4947858.62858773
1986,430580.680543169,4947858.70464693
1987,430572.727023562,4947874.74408075
1988,430572.744764346,4947874.64566701
1989,374404.241354094,4946800.45881936
1990,374404.251405426,4946800.55831293
1991,374408.746844736,4946835.80017484
1992,374408.735117706,4946835.70086484
1993,421498.37926231,4948345.53209049
1994,421498.478457535,4948345.51942924
1995,421526.970057553,4948346.45215316
1996,421526.973643463,4948346.35221747
1997,404028.164743175,4974904.92537016
1998,404028.264309283,4974904.93467554
1999,404052.771786839,4974907.78433983
2000,404052.674133295,4974907.76280415
2001,399982.440496734,4949370.44904112
2002,399982.452283204,4949370.54834409
2003,399982.556238269,4949421.94127484
2004,399982.555859318,4949421.84127556
2005,399981.697436991,4949370.39821444
2006,399981.708234124,4949370.49762984
2007,399982.292856668,4949421.95929063
2008,399982.282059536,4949421.85987523
2009,412638.763606567,4953168.25611637
2010,412638.715635469,4953168.34385902
2011,412628.576076212,4953190.87190239
2012,412628.60953081,4953190.77766445
2013,421155.276051766,4951415.62106352
2014,421155.374709028,4951415.6047312
2015,421177.387685261,4951426.88134525
2016,421177.297446637,4951426.83825244
2017,424621.549362977,4950371.18029555
2018,424621.54838427,4950371.28029076
2019,424612.785303132,4950401.70300133
2020,424612.831567944,4950401.61434713
2021,418305.902551742,4949972.24333948
2022,418306.002541093,4949972.24479882
2023,418345.828013988,4949966.64908984
2024,418345.728345287,4949966.64095658
2025,373222.99510196,4948066.23391187
2026,373223.089778705,4948066.20172004
2027,373230.658432819,4948063.62823877
2028,373230.563756074,4948063.66043061
2029,411205.906076723,4951157.56937546
2030,411205.987714318,4951157.62712754
2031,411218.768530217,4951166.68480248
2032,411218.687059122,4951166.62681575
2033,382565.858130093,4946821.34425798
2034,382565.953927151,4946821.37294462
2035,382570.555902008,4946825.03440883
2036,382570.481286717,4946824.96783137
2037,402734.367099642,4955629.26488828
2038,402734.459360692,4955629.30346157
2039,402751.399305176,4955638.32121498
2040,402751.317478399,4955638.26373126
2041,411603.432282534,4971768.63415575
2042,411603.532262331,4971768.6321457
2043,411631.580158243,4971769.84847706
2044,411631.551591151,4971769.75264428
2045,421526.970057553,4948346.45215316
2046,421526.954449995,4948346.55092767
2047,421509.663073482,4948378.02129452
2048,421509.654295103,4948377.92168056
