L  2 1
 400696.4366026576 4971757.121560607
 400684.90095152234 4971760.427427042
 1 1
L  2 1
 400692.75364940776 4971731.2981388755
 400702.2192890153 4971738.673887435
 1 2
L  2 1
 414892.95112602727 4960052.2692523515
 414883.64575102273 4960044.692313918
 1 3
L  2 1
 414951.9298037847 4959987.492921519
 414953.3137733453 4959999.412847201
 1 4
L  2 1
 399743.4435122469 4975839.497004995
 399732.02178749215 4975843.177250044
 1 5
L  2 1
 399738.9299918868 4975817.978546194
 399750.77935524326 4975816.083133825
 1 6
L  2 1
 402320.05283937627 4978564.308576493
 402308.1422014318 4978565.770323308
 1 7
L  2 1
 402306.0838503951 4978536.647551876
 402317.4868699238 4978540.3853514455
 1 8
L  2 1
 404003.09019318706 4974913.492304238
 404003.8048183809 4974901.513601853
 1 9
L  2 1
 404026.5420467002 4974899.148748643
 404029.6909439498 4974910.728232487
 1 10
L  2 1
 412636.8518482686 4953143.706543419
 412648.85135852644 4953143.81495731
 1 11
L  2 1
 412644.414369622 4953170.273881692
 412633.14725537295 4953166.144458428
 1 12
L  2 1
 415297.0733528019 4965319.643885784
 415307.8599489291 4965324.9021501355
 1 13
L  2 1
 415295.4056699853 4965339.654496446
 415287.7369965837 4965348.884417804
 1 14
L  2 1
 377924.41600097273 4951450.276492624
 377922.36602540524 4951438.452889105
 1 15
L  2 1
 378001.217621791 4951405.386809565
 378005.400173797 4951416.634309676
 1 16
L  2 1
 421132.68580793904 4951424.122761866
 421128.4254838949 4951412.904489314
 1 17
L  2 1
 421159.0751908952 4951410.976815263
 421151.4000414939 4951420.201352198
 1 18
L  2 1
 374380.21277505346 4946828.7394264685
 374387.3483962596 4946819.091477982
 1 19
L  2 1
 374411.5129971775 4946830.475618457
 374405.8923400115 4946841.077892413
 1 20
L  2 1
 424593.58056463284 4950385.432131424
 424599.2751465012 4950374.869379067
 1 21
L  2 1
 424615.8515413556 4950406.8605863415
 424609.80544452544 4950396.495032178
 1 22
L  2 1
 422722.69502502715 4951556.9699787265
 422722.71230974083 4951544.9699911745
 1 23
L  2 1
 422755.96366377093 4951562.058832235
 422767.7844392621 4951559.992611825
 1 24
L  2 1
 384991.637672132 4965982.732968733
 384994.228881284 4965994.449864019
 1 25
L  2 1
 384943.4622703253 4965998.438877405
 384943.2202903697 4965986.441317416
 1 26
L  2 1
 384883.39822727046 4965986.647668858
 384883.6402059996 4965998.645228873
 1 27
L  2 1
 384833.9434536214 4966000.483596436
 384833.8988868186 4965988.483679195
 1 28
L  2 1
 409719.25372550025 4980518.963328285
 409730.0446477647 4980513.713947685
 1 29
L  2 1
 409737.5477529423 4980559.985155027
 409725.92532839964 4980562.971665993
 1 30
L  2 1
 409383.9124169737 4980608.285095393
 409373.8798564793 4980601.701196098
 1 31
L  2 1
 409405.8941849156 4980564.7130734855
 409409.38221411244 4980576.194957144
 1 32
L  2 1
 396521.9826372059 4980037.511738591
 396510.8235896241 4980041.924861869
 1 33
L  2 1
 396493.46608014475 4979993.972273101
 396505.4649908242 4979993.81058666
 1 34
L  2 1
 394766.02460559964 4971384.0781259015
 394766.17780600133 4971396.077147929
 1 35
L  2 1
 394719.0256729123 4971406.848214825
 394718.81108657975 4971394.850133616
 1 36
L  2 1
 394617.45058404637 4971388.5961486865
 394617.5664332356 4971400.5955894645
 1 37
L  2 1
 394566.54885640193 4971393.072739411
 394571.064713244 4971381.954869248
 1 38
L  2 1
 394571.87158631557 4971248.777344671
 394559.8715887014 4971248.784911749
 1 39
L  2 1
 394556.919490429 4971200.010288823
 394568.8398824149 4971198.630341396
 1 40
L  2 1
 394084.6170438707 4970300.431740649
 394072.6623360824 4970299.390125701
 1 41
L  2 1
 394078.87175682175 4970245.596457417
 394085.89625092514 4970255.325613732
 1 42
L  2 1
 394427.9212289169 4970081.169517847
 394415.9225663491 4970080.9903626535
 1 43
L  2 1
 394416.5785338233 4970031.4420445
 394428.57807301666 4970031.547206979
 1 44
L  2 1
 394283.457487754 4969426.748608684
 394273.5520923511 4969433.522318296
 1 45
L  2 1
 394265.292964839 4969384.709078488
 394276.4935332 4969380.402424521
 1 46
L  2 1
 381912.1402589138 4960506.14310519
 381910.6073921072 4960494.24141122
 1 47
L  2 1
 381960.39529800974 4960496.971137584
 381960.4274028223 4960508.971094637
 1 48
L  2 1
 382898.67982830177 4958608.973958833
 382886.7261453342 4958607.920648096
 1 49
L  2 1
 382885.9147271105 4958559.961198115
 382897.91247956146 4958559.728956594
 1 50
L  2 1
 418745.05824101344 4957981.100346551
 418752.1321846016 4957990.793608238
 1 51
L  2 1
 418711.86959574977 4958019.539688181
 418704.69850021414 4958009.91807767
 1 52
L  2 1
 418650.6613897149 4958048.170916863
 418657.68869888305 4958057.898040067
 1 53
L  2 1
 418617.6243460381 4958086.842321447
 418610.59703686996 4958077.1151982425
 1 54
L  2 1
 418314.4197429999 4958297.26687769
 418321.2370307921 4958307.1423314605
 1 55
L  2 1
 418284.16263971466 4958338.770141811
 418276.23050774937 4958329.765627249
 1 56
L  2 1
 408148.80088201695 4975619.668034516
 408138.68203518604 4975613.217535403
 1 57
L  2 1
 408175.43383325794 4975574.664297722
 408179.266860094 4975586.035661109
 1 58
L  2 1
 408376.61285826314 4975411.402293699
 408364.8977395668 4975408.80306421
 1 59
L  2 1
 408393.74545932625 4975366.3475198345
 408401.02704810473 4975375.885783034
 1 60
L  2 1
 402684.52384942357 4977799.53667182
 402674.31202697445 4977793.234395861
 1 61
L  2 1
 402703.06512147625 4977752.723618826
 402713.05380810966 4977759.373892454
 1 62
L  2 1
 402846.27632904943 4977109.280130133
 402839.5602376846 4977099.335578017
 1 63
L  2 1
 402880.2203341223 4977072.425717341
 402887.8927143096 4977081.65255766
 1 64
L  2 1
 402983.6963240662 4976389.897002918
 402971.6969087618 4976390.015461153
 1 65
L  2 1
 402952.61651154957 4976350.319412637
 402960.21713646734 4976341.033374683
 1 66
L  2 1
 402729.88577402465 4975783.455469434
 402721.75703382527 4975792.282902966
 1 67
L  2 1
 402685.78045078035 4975761.000142482
 402690.6566136247 4975750.035515907
 1 68
L  2 1
 402296.899072912 4975336.047648863
 402284.89908543095 4975336.064982506
 1 69
L  2 1
 402290.8960493062 4975286.828596325
 402302.7408043738 4975288.752596685
 1 70
L  2 1
 402777.32928422507 4978601.9613052355
 402776.449246183 4978613.928992274
 1 71
L  2 1
 402736.47374233726 4978614.015832709
 402736.15794195473 4978602.01998884
 1 72
L  2 1
 400049.4485484066 4972023.445784833
 400038.5106762685 4972018.509900607
 1 73
L  2 1
 400059.96178802574 4971973.6647868175
 400070.7405492402 4971978.939093092
 1 74
L  2 1
 400091.53151199996 4971936.001485047
 400080.566347744 4971931.126531423
 1 75
L  2 1
 400109.3152679979 4971889.026846774
 400118.590803987 4971896.640284376
 1 76
L  2 1
 400653.5782676047 4971815.634316179
 400644.2646106783 4971808.067560292
 1 77
L  2 1
 400677.83605512255 4971775.472456427
 400688.3653207484 4971781.228719572
 1 78
L  2 1
 400673.9003833427 4971748.795698924
 400674.1908385293 4971736.799214615
 1 79
L  2 1
 400693.3180437105 4971730.660598902
 400701.6443481675 4971739.301932948
 1 80
L  2 1
 419836.3920854248 4958795.343033182
 419846.96413867717 4958801.020329197
 1 81
L  2 1
 419838.3912301598 4958846.931373212
 419826.3912301733 4958846.930803808
 1 82
L  2 1
 419961.38720801374 4959254.008226308
 419969.32526782627 4959245.008937092
 1 83
L  2 1
 420006.12805224414 4959277.541796882
 419997.42737941287 4959285.806074968
 1 84
L  2 1
 409813.08440018847 4977799.396848971
 409801.2757048464 4977801.531026639
 1 85
L  2 1
 409790.04201276996 4977754.305136477
 409801.658308276 4977751.2948742425
 1 86
L  2 1
 409628.95714172075 4977603.068974407
 409625.2597089053 4977614.485146733
 1 87
L  2 1
 409577.7367376151 4977600.150394018
 409582.21393157996 4977589.016897972
 1 88
L  2 1
 409574.54976412316 4977586.672718784
 409571.2027686378 4977598.196503805
 1 89
L  2 1
 409525.9294138315 4977579.722626091
 409528.8390803524 4977568.08072587
 1 90
L  2 1
 409498.4145317301 4977554.072279715
 409497.67362055485 4977566.049384984
 1 91
L  2 1
 409449.420544483 4977543.2202189835
 409457.16582699097 4977534.054489396
 1 92
L  2 1
 409325.0562987715 4977313.96495347
 409313.14849189355 4977315.449586541
 1 93
L  2 1
 409292.18048695923 4977277.925931761
 409298.9282465288 4977268.002840469
 1 94
L  2 1
 408483.8430494994 4976918.87424855
 408476.0088914526 4976927.964131261
 1 95
L  2 1
 408434.48392564815 4976904.889474626
 408439.2380628529 4976893.871390426
 1 96
L  2 1
 408434.64360393793 4976891.888950425
 408429.889466639 4976902.907034584
 1 97
L  2 1
 408386.55227919744 4976880.322793874
 408390.6288375316 4976869.036444944
 1 98
L  2 1
 408346.3124453846 4976838.539323721
 408338.8436719033 4976847.93173676
 1 99
L  2 1
 408298.0917568421 4976819.950357304
 408305.7526574519 4976810.713983457
 1 100
L  2 1
 408153.54402316466 4976703.49034512
 408145.2354442753 4976712.148723539
 1 101
L  2 1
 408104.14423838153 4976683.051982137
 408113.80373001646 4976675.931994683
 1 102
L  2 1
 413575.0248625909 4960572.747122588
 413575.2810854131 4960560.749858322
 1 103
L  2 1
 413624.7474615463 4960558.820512671
 413624.4912388356 4960570.817776939
 1 104
L  2 1
 414160.00949060055 4960460.704590645
 414163.12465570646 4960449.115986485
 1 105
L  2 1
 414209.9499470103 4960458.861036447
 414206.5474263026 4960470.368549333
 1 106
L  2 1
 414592.4162016586 4960438.181058964
 414583.7417766734 4960429.889234606
 1 107
L  2 1
 414614.17334906355 4960390.742636106
 414622.93617499544 4960398.940982384
 1 108
L  2 1
 414677.9778882464 4960326.854328982
 414668.4743054275 4960319.527534758
 1 109
L  2 1
 414698.6547881339 4960280.380436191
 414708.1583713661 4960287.707229879
 1 110
L  2 1
 385040.02325570816 4954614.760985781
 385039.1143433568 4954602.795457029
 1 111
L  2 1
 385094.00951762503 4954614.276714425
 385082.486873773 4954617.627636486
 1 112
L  2 1
 385738.67481298983 4954456.546802219
 385728.14331157616 4954450.794630632
 1 113
L  2 1
 385754.56128282653 4954409.079483942
 385765.4014336095 4954414.226437508
 1 114
L  2 1
 385861.14053281286 4954196.378174641
 385850.1058804702 4954191.662620838
 1 115
L  2 1
 385853.209082067 4954144.919281962
 385865.20380377595 4954144.563401188
 1 116
L  2 1
 412211.63556834066 4955607.454094974
 412220.7979569823 4955599.704860536
 1 117
L  2 1
 412257.05635410536 4955629.537526799
 412250.80987029464 4955639.78357189
 1 118
L  2 1
 413196.284484305 4955812.380046034
 413189.8948731459 4955802.222641384
 1 119
L  2 1
 413236.0603713776 4955783.458674343
 413242.05965730443 4955793.851391427
 1 120
L  2 1
 412596.6765746813 4960016.464593775
 412601.3553267347 4960005.414287026
 1 121
L  2 1
 412647.073898478 4960024.771747856
 412642.39514642203 4960035.822054603
 1 122
L  2 1
 412664.2775891277 4960044.256888826
 412670.03300883534 4960033.727162144
 1 123
L  2 1
 412715.2345368703 4960053.897880294
 412709.4791171627 4960064.427606977
 1 124
L  2 1
 394116.37389412435 4975336.226167885
 394114.52416131465 4975324.369587916
 1 125
L  2 1
 394164.7352266139 4975320.4587359335
 394165.29002377816 4975332.445904078
 1 126
L  2 1
 411258.2348153504 4980311.638620431
 411262.6931908926 4980300.497575259
 1 127
L  2 1
 411305.4392391186 4980300.5809192695
 411309.5415123394 4980311.857946999
 1 128
L  2 1
 411535.0360284768 4980362.200723173
 411535.63098848425 4980350.215481307
 1 129
L  2 1
 411583.15949592507 4980349.627800296
 411584.69132227893 4980361.529628224
 1 130
L  2 1
 412356.5653725094 4979647.292255242
 412344.9284917095 4979650.221931889
 1 131
L  2 1
 412335.0719691811 4979601.4573617745
 412346.8257201099 4979599.038821077
 1 132
L  2 1
 412325.7490663821 4979349.2397070695
 412313.7492797389 4979349.168149272
 1 133
L  2 1
 412315.2272408863 4979297.894713684
 412326.7511020277 4979301.241447075
 1 134
L  2 1
 412449.1934357535 4979273.769235801
 412446.92946294154 4979261.984736359
 1 135
L  2 1
 412496.67666604766 4979261.886487697
 412496.5853965094 4979273.886140603
 1 136
L  2 1
 412742.30977364 4979288.578751267
 412742.52302199695 4979276.580646203
 1 137
L  2 1
 412791.6098110981 4979277.198549978
 412792.46099984297 4979289.168323481
 1 138
L  2 1
 413286.3610876601 4979463.52940795
 413290.41033047193 4979452.233230161
 1 139
L  2 1
 413332.39560508874 4979479.7873418825
 413323.8327384323 4979488.1943219965
 1 140
L  2 1
 411835.22018477623 4972299.511886304
 411831.35046569176 4972310.870815577
 1 141
L  2 1
 411786.29109116027 4972293.400703974
 411787.8550943857 4972281.503061606
 1 142
L  2 1
 419859.17834845255 4972425.664352941
 419848.86941653653 4972419.522209768
 1 143
L  2 1
 419872.2780623141 4972376.85415822
 419883.4466270848 4972381.243139989
 1 144
L  2 1
 411191.80960559554 4971716.537678775
 411198.31284614245 4971706.452647175
 1 145
L  2 1
 411241.3366216027 4971726.817867725
 411235.2051375984 4971737.133142996
 1 146
L  2 1
 402724.3037856004 4955309.760018801
 402736.1084068206 4955311.916617477
 1 147
L  2 1
 402737.61449118645 4955360.019238106
 402725.6162147996 4955360.222618894
 1 148
L  2 1
 402730.0727755176 4955596.005138743
 402742.0697575235 4955595.736023988
 1 149
L  2 1
 402739.7466288324 4955626.607226584
 402728.9440262696 4955631.832528286
 1 150
L  2 1
 382068.4146979851 4947647.018332529
 382056.4151921268 4947647.127232281
 1 151
L  2 1
 382055.74015070335 4947600.205386536
 382066.4211083427 4947594.7357298825
 1 152
L  2 1
 382063.3745954042 4947499.46202317
 382051.3748231539 4947499.38809117
 1 153
L  2 1
 382063.18243410275 4947448.336382951
 382072.6850814462 4947455.66439042
 1 154
L  2 1
 399348.77149219776 4975827.03609792
 399348.7064041492 4975815.036274441
 1 155
L  2 1
 399398.31192459614 4975814.6882104855
 399398.39917417377 4975826.687893294
 1 156
L  2 1
 399709.73746642255 4975822.950726645
 399712.54513763735 4975811.283808356
 1 157
L  2 1
 399744.99206166895 4975810.98301852
 399744.601543324 4975822.97666248
 1 158
L  2 1
 383191.49722145643 4966972.214901763
 383179.50206419354 4966972.555786257
 1 159
L  2 1
 383177.96280114265 4966922.191374671
 383189.79174378136 4966924.210314009
 1 160
L  2 1
 383189.4012851185 4966898.462393253
 383177.4061278556 4966898.803277747
 1 161
L  2 1
 383175.9965956816 4966849.204188377
 383187.9917529445 4966848.863303883
 1 162
L  2 1
 384003.3322466916 4966191.897036032
 384003.0315194274 4966179.900804828
 1 163
L  2 1
 384052.5011866677 4966177.664529295
 384052.8007678463 4966189.660789176
 1 164
L  2 1
 384361.988274308 4966009.945570411
 384358.27674875903 4965998.533972008
 1 165
L  2 1
 384409.5862684016 4965995.271884583
 384409.86106116336 4966007.268737877
 1 166
L  2 1
 399196.2233940391 4968149.758724872
 399184.8039153629 4968146.071516339
 1 167
L  2 1
 399204.0985114317 4968099.738536838
 399212.5486319304 4968108.258833991
 1 168
L  2 1
 400066.04453632486 4967329.200104982
 400073.4502032481 4967319.757854328
 1 169
L  2 1
 400114.7083048941 4967347.250524409
 400107.4762466009 4967356.826396842
 1 170
L  2 1
 401351.5326527102 4968042.165359357
 401357.0927543758 4968031.531203562
 1 171
L  2 1
 401401.9259886417 4968053.016106414
 401394.9218779623 4968062.759947216
 1 172
L  2 1
 402341.75334447727 4968062.484947343
 402331.1936596787 4968056.784679196
 1 173
L  2 1
 402344.89408461424 4968009.104383783
 402355.2682585877 4968015.135678368
 1 174
L  2 1
 409234.6971861448 4974945.078949987
 409223.4754937591 4974940.827641954
 1 175
L  2 1
 409259.18960748345 4974903.570110144
 409268.02966913953 4974911.6851153765
 1 176
L  2 1
 410914.44231912895 4975712.915923879
 410905.85207856103 4975704.53691636
 1 177
L  2 1
 410951.1100084044 4975676.807686049
 410952.9043611786 4975688.672773411
 1 178
L  2 1
 414475.8892089886 4973253.944160587
 414468.0255463954 4973244.879790193
 1 179
L  2 1
 414516.560081263 4973231.462312221
 414515.280103633 4973243.3938526595
 1 180
L  2 1
 414616.89155147556 4973169.0864038635
 414607.61235324043 4973161.477430206
 1 181
L  2 1
 414653.15637599124 4973142.573905399
 414655.0418219647 4973154.424858673
 1 182
L  2 1
 413055.16418954724 4953385.084037702
 413043.4996807668 4953387.901702498
 1 183
L  2 1
 413022.0734808337 4953343.906976067
 413033.40729708236 4953339.964310822
 1 184
L  2 1
 412962.4253582893 4953187.400183545
 412951.09154200373 4953191.342848685
 1 185
L  2 1
 412930.6003134853 4953147.422151515
 412940.9286033817 4953141.312615706
 1 186
L  2 1
 419366.1981470294 4961164.707741328
 419359.5841262955 4961174.720469713
 1 187
L  2 1
 419339.6682139419 4961153.232340673
 419351.46396051714 4961151.027717637
 1 188
L  2 1
 382678.4479920905 4978542.649391329
 382686.3708996505 4978551.662023341
 1 189
L  2 1
 382645.06114157854 4978580.368349
 382638.07445725746 4978570.612005309
 1 190
L  2 1
 382695.9130720482 4978802.757700405
 382705.50473709474 4978795.546600514
 1 191
L  2 1
 382737.5946231267 4978828.590238044
 382729.75966963335 4978837.679435136
 1 192
L  2 1
 382764.7766343986 4979400.7842312
 382775.18565024436 4979394.813269039
 1 193
L  2 1
 382800.42521500913 4979437.292661208
 382789.75257107185 4979442.778522252
 1 194
L  2 1
 382791.06204685033 4979445.326083796
 382801.7346905307 4979439.8402222525
 1 195
L  2 1
 382802.3104143692 4979492.2972488105
 382790.31196728477 4979492.10420073
 1 196
L  2 1
 382211.0517122191 4958161.497816901
 382223.0493939489 4958161.261950179
 1 197
L  2 1
 382224.8251350473 4958211.354589569
 382212.8636177606 4958210.394327001
 1 198
L  2 1
 414499.99267110747 4965809.8123835735
 414504.46359636454 4965798.676368697
 1 199
L  2 1
 414548.3908286671 4965823.271763333
 414542.07391675387 4965833.474538636
 1 200
L  2 1
 390788.3351485664 4967545.683293561
 390787.2224077815 4967533.734996279
 1 201
L  2 1
 390820.21842758777 4967538.719061848
 390819.87061358616 4967550.714020181
 1 202
L  2 1
 401585.4477150138 4964078.735773216
 401588.0955774382 4964067.0315507045
 1 203
L  2 1
 401628.5312411592 4964100.380380913
 401620.5011721258 4964109.297667009
 1 204
L  2 1
 402081.8745699762 4964350.362321295
 402088.8468734548 4964340.595695255
 1 205
L  2 1
 402129.54589467664 4964368.726214017
 402122.07896315627 4964378.120091473
 1 206
L  2 1
 402176.17783823493 4964382.620335927
 402180.56949369004 4964371.452822221
 1 207
L  2 1
 402223.5275541057 4964391.886400285
 402222.9846644954 4964403.874113615
 1 208
L  2 1
 386717.78208166524 4953527.087572414
 386729.7732648647 4953526.627653426
 1 209
L  2 1
 386732.3478171742 4953575.644534706
 386720.4350593087 4953577.088903093
 1 210
L  2 1
 386727.5105763542 4953745.224192287
 386739.4953263798 4953745.828978882
 1 211
L  2 1
 386740.3406734925 4953795.081405138
 386728.3419678225 4953794.905160292
 1 212
L  2 1
 414280.07672690315 4959679.687815559
 414283.4672777359 4959668.176770209
 1 213
L  2 1
 414329.37009421753 4959682.842389724
 414327.07093739655 4959694.620075316
 1 214
L  2 1
 414379.56657754874 4959726.394284859
 414389.21972793725 4959719.265702421
 1 215
L  2 1
 414425.6586937809 4959749.575750383
 414419.1917186461 4959759.684075298
 1 216
L  2 1
 414530.13919344265 4959810.417389566
 414535.1268398103 4959799.503023634
 1 217
L  2 1
 414578.10176261736 4959826.6253944095
 414570.4982622826 4959835.9090780895
 1 218
L  2 1
 414595.05054216087 4959856.017829318
 414602.65404249914 4959846.734145641
 1 219
L  2 1
 414641.8858152543 4959875.985354945
 414634.9265895847 4959885.761303905
 1 220
L  2 1
 414783.99587098934 4959911.654563442
 414777.9172902767 4959901.308025058
 1 221
L  2 1
 414821.52268511185 4959876.432827066
 414826.5641671211 4959887.322430325
 1 222
L  2 1
 414866.34122389706 4959893.267099633
 414876.875967451 4959887.520867976
 1 223
L  2 1
 414902.3992267108 4959928.750544765
 414892.97652476013 4959936.181068835
 1 224
L  2 1
 406357.9097053051 4955430.022923198
 406359.8469096449 4955418.1803204715
 1 225
L  2 1
 406387.4293832332 4955428.755217955
 406377.21649043984 4955435.055759265
 1 226
L  2 1
 419762.002597812 4978017.00066753
 419750.81655078207 4978012.656435509
 1 227
L  2 1
 419792.5178597806 4977981.850216795
 419800.95914715447 4977990.379265245
 1 228
L  2 1
 419827.3929030404 4977968.34495
 419816.4056418196 4977963.520005351
 1 229
L  2 1
 419848.8150609085 4977923.815847322
 419852.38074697653 4977935.2738525085
 1 230
L  2 1
 419873.71294251474 4977922.5793057
 419864.8872274212 4977914.448699751
 1 231
L  2 1
 419901.3146116229 4977878.218952654
 419904.97030003107 4977889.648560796
 1 232
L  2 1
 419940.30335174414 4977839.15922235
 419930.13631376385 4977832.7849507285
 1 233
L  2 1
 419970.35258801066 4977802.437598083
 419978.0832159933 4977811.615691077
 1 234
L  2 1
 382150.6314139453 4969237.853481195
 382156.49275037873 4969227.382342995
 1 235
L  2 1
 382198.6759447576 4969249.217484838
 382193.1985629284 4969259.894482932
 1 236
L  2 1
 382947.8309504028 4969429.047995757
 382952.0556620002 4969417.816263393
 1 237
L  2 1
 383000.39715459035 4969427.732406421
 382996.7045637956 4969439.150145831
 1 238
L  2 1
 383607.7729282791 4969792.963254621
 383607.0127486709 4969780.9873568695
 1 239
L  2 1
 383657.5810520483 4969792.545900545
 383653.1141934947 4969803.683547274
 1 240
L  2 1
 384461.52629470726 4969956.9809732605
 384464.78094549483 4969945.430767709
 1 241
L  2 1
 384508.5254359111 4969971.144929456
 384502.9503810609 4969981.771253534
 1 242
L  2 1
 399720.2433870439 4976824.259750943
 399717.83327335113 4976812.504269158
 1 243
L  2 1
 399760.6990493559 4976794.25840997
 399766.51792610413 4976804.75320265
 1 244
L  2 1
 399933.9249590407 4976394.627685942
 399923.10744333523 4976399.822043838
 1 245
L  2 1
 399912.391028955 4976351.1831232775
 399923.39351106493 4976346.392988892
 1 246
L  2 1
 399860.9354454222 4976102.139763375
 399851.1837382418 4976109.132917675
 1 247
L  2 1
 399817.8760178975 4976074.303519851
 399826.40975045355 4976065.866967909
 1 248
L  2 1
 407361.49998278543 4974640.834699903
 407353.3639109705 4974632.014023317
 1 249
L  2 1
 407384.4797616969 4974597.306417442
 407395.28241767804 4974602.531608707
 1 250
L  2 1
 407588.12191583327 4974360.946271936
 407586.1800890398 4974349.104426273
 1 251
L  2 1
 407634.07224807644 4974343.800911668
 407632.0562048935 4974355.630348251
 1 252
L  2 1
 407903.2942975998 4974318.13574502
 407901.28354395425 4974306.305408179
 1 253
L  2 1
 407944.72209780046 4974289.751024969
 407951.5908822465 4974299.590730261
 1 254
L  2 1
 404285.9751509594 4974924.394506648
 404287.5478657396 4974912.498012701
 1 255
L  2 1
 404336.8927007644 4974921.603017422
 404334.17759514664 4974933.291824098
 1 256
L  2 1
 406142.2297419897 4974524.275149682
 406140.30133363133 4974512.431111469
 1 257
L  2 1
 406180.5743011895 4974491.250551746
 406185.7374079004 4974502.083018183
 1 258
L  2 1
 406762.2811455528 4974652.034837212
 406772.58644067013 4974645.886594167
 1 259
L  2 1
 406803.16544214316 4974681.434933103
 406796.5310057918 4974691.434145787
 1 260
L  2 1
 411644.89812349033 4973164.904646367
 411636.05149822164 4973173.012495734
 1 261
L  2 1
 411624.31210023473 4973146.486846256
 411636.3116458293 4973146.382416745
 1 262
L  2 1
 395469.7016190726 4974434.2314170785
 395461.4712041274 4974425.498704452
 1 263
L  2 1
 395486.99285831104 4974385.38374807
 395497.7564738339 4974390.6888947105
 1 264
L  2 1
 396780.26264989044 4972911.337967023
 396772.0048174576 4972902.631176367
 1 265
L  2 1
 396820.74724851915 4972887.282795823
 396825.7090000448 4972898.208958087
 1 266
L  2 1
 398797.00848286005 4972654.956260076
 398790.945267914 4972644.600709654
 1 267
L  2 1
 398829.80465956294 4972615.9242323935
 398837.066500375 4972625.477539048
 1 268
L  2 1
 398968.7730561887 4972495.08490228
 398957.3074099913 4972491.5438632695
 1 269
L  2 1
 398974.0970046155 4972444.538653764
 398985.1797804385 4972449.139966627
 1 270
L  2 1
 411635.4631340213 4971798.873863301
 411623.46330644266 4971798.809535378
 1 271
L  2 1
 411629.2355970965 4971764.325295637
 411633.8323471475 4971775.409964734
 1 272
L  2 1
 381466.50642269076 4958324.644851128
 381459.88440873224 4958314.637407342
 1 273
L  2 1
 381487.0722786399 4958306.790778952
 381487.1649738831 4958318.790420929
 1 274
L  2 1
 400532.4184123952 4950428.912354811
 400544.4042820547 4950429.494530478
 1 275
L  2 1
 400556.5727494814 4950468.770256357
 400554.1191155346 4950480.516731592
 1 276
L  2 1
 400964.17700922553 4950446.903880759
 400961.4983740494 4950435.206662561
 1 277
L  2 1
 401012.25005924905 4950434.390898717
 401012.582440045 4950446.386294625
 1 278
L  2 1
 415909.1676400437 4966707.101179972
 415915.7667282703 4966697.078603728
 1 279
L  2 1
 415960.4955916721 4966718.310842846
 415953.8965025879 4966728.333418526
 1 280
L  2 1
 411603.46779675013 4962912.29159377
 411606.81692466687 4962900.768428311
 1 281
L  2 1
 411655.05294740346 4962907.344648357
 411653.52491774753 4962919.246964323
 1 282
L  2 1
 412920.909226345 4963697.146159878
 412909.857729833 4963692.470218813
 1 283
L  2 1
 412938.5064495913 4963647.225952948
 412943.4377716226 4963658.165882702
 1 284
L  2 1
 401823.9584596337 4978986.268867384
 401819.4883901274 4978975.132508975
 1 285
L  2 1
 401867.07253822323 4978957.774397612
 401869.5165074087 4978969.522887498
 1 286
L  2 1
 408533.97613738285 4977669.497165653
 408526.6565451532 4977679.006296507
 1 287
L  2 1
 408485.92264420463 4977649.120504628
 408494.96517496445 4977641.231738091
 1 288
L  2 1
 408411.1189055241 4977577.630173874
 408405.89626659796 4977588.434064037
 1 289
L  2 1
 408366.4181933029 4977556.391984954
 408373.79585326713 4977546.927835046
 1 290
L  2 1
 408176.28135192354 4977042.643518168
 408166.0664254014 4977048.940761703
 1 291
L  2 1
 408141.140440161 4977007.792460402
 408149.772718973 4976999.456768318
 1 292
L  2 1
 384825.399379722 4965751.710264937
 384813.89640834794 4965748.292422113
 1 293
L  2 1
 384814.58196324995 4965698.905236883
 384826.084934624 4965702.323079707
 1 294
L  2 1
 384820.1314996447 4965201.384381534
 384808.1930733692 4965202.598456516
 1 295
L  2 1
 384807.51922772074 4965152.065374461
 384819.4902879212 4965152.898271619
 1 296
L  2 1
 385367.11774609843 4963954.520906418
 385355.11848818255 4963954.387454302
 1 297
L  2 1
 385356.53205770213 4963905.010128649
 385368.52909439284 4963904.743462861
 1 298
L  2 1
 386520.4052837319 4954149.61065869
 386531.55976872914 4954145.186015829
 1 299
L  2 1
 386542.6255982171 4954195.338924358
 386530.65591238684 4954196.191345101
 1 300
L  2 1
 386732.9536239445 4954589.760861981
 386740.9492885415 4954580.812714259
 1 301
L  2 1
 386778.43646901846 4954612.968520887
 386770.4408050425 4954621.916669164
 1 302
L  2 1
 383777.9649504354 4956677.620209916
 383766.1217500186 4956675.686662944
 1 303
L  2 1
 383761.7519656746 4956627.592950219
 383773.7473819575 4956627.2613055315
 1 304
L  2 1
 399783.10108241456 4975788.928319022
 399774.4966408044 4975780.563895278
 1 305
L  2 1
 399820.1763892524 4975755.430738133
 399823.7619327685 4975766.882544878
 1 306
L  2 1
 400262.1536324432 4975479.850700126
 400254.5583262818 4975470.560311313
 1 307
L  2 1
 400294.3201682939 4975440.280418857
 400300.9653950621 4975450.272463753
 1 308
L  2 1
 400412.8657210257 4975380.920604291
 400404.3609751324 4975372.45483219
 1 309
L  2 1
 400444.1328303972 4975342.451556244
 400447.92783158086 4975353.835666486
 1 310
L  2 1
 400718.7946649829 4975162.851907641
 400709.7608604902 4975154.95314974
 1 311
L  2 1
 400731.6114187044 4975112.108973796
 400741.5757413496 4975118.795697523
 1 312
L  2 1
 401579.8024910547 4974953.60322274
 401581.4284382222 4974941.713887359
 1 313
L  2 1
 401630.37738484837 4974941.502770185
 401630.10870361264 4974953.499761906
 1 314
L  2 1
 402139.55742483016 4975157.584276249
 402149.84210903186 4975163.7669351315
 1 315
L  2 1
 402141.6568420975 4975208.761721551
 402129.65689279453 4975208.796603158
 1 316
L  2 1
 402293.1780901097 4975267.642029067
 402287.60329926724 4975257.015566482
 1 317
L  2 1
 402319.2563752311 4975245.95604908
 402313.388031987 4975256.423262061
 1 318
L  2 1
 402676.51320016815 4975139.315198355
 402670.1001613218 4975129.172568875
 1 319
L  2 1
 402711.6361212096 4975101.411100836
 402717.51944302337 4975111.869902126
 1 320
L  2 1
 403728.03239883005 4975009.706414095
 403727.9697000709 4974997.706577894
 1 321
L  2 1
 403776.5333083929 4975000.629669506
 403778.3868680171 4975012.485651825
 1 322
L  2 1
 403784.85480703885 4975011.869510381
 403784.06029313913 4974999.8958414495
 1 323
L  2 1
 403827.8306111037 4974985.568774672
 403834.4918914343 4974995.550124498
 1 324
L  2 1
 414931.9120003518 4962478.882296461
 414933.64546754723 4962490.75643186
 1 325
L  2 1
 414888.25152240717 4962506.530216632
 414883.9001542948 4962495.346943608
 1 326
L  2 1
 414639.5962505732 4962727.591452786
 414651.25999914575 4962724.770642755
 1 327
L  2 1
 414666.4889532192 4962769.048587222
 414655.1923979049 4962773.096776698
 1 328
L  2 1
 402159.5946497101 4971386.574568464
 402151.6362770578 4971377.593237565
 1 329
L  2 1
 402194.7129940812 4971352.030779316
 402201.82077435276 4971361.699256943
 1 330
L  2 1
 402299.59919800615 4971273.601914027
 402290.37217811187 4971265.929749803
 1 331
L  2 1
 402308.0090375305 4971222.498180314
 402318.77413905144 4971227.800310946
 1 332
L  2 1
 402678.6492285601 4970736.285772392
 402666.70300537086 4970737.420563788
 1 333
L  2 1
 402685.168204496 4970687.949514235
 402695.2800998571 4970694.410905124
 1 334
L  2 1
 413339.1995118906 4952909.513136906
 413349.2287914884 4952916.102032925
 1 335
L  2 1
 413320.6186520083 4952956.3997177
 413314.0135522626 4952946.38110216
 1 336
L  2 1
 412409.744179003 4952724.327710796
 412419.81948749506 4952717.809416633
 1 337
L  2 1
 412447.07498315664 4952758.548037195
 412437.1830668823 4952765.341415766
 1 338
L  2 1
 411979.36604031624 4954249.446898972
 411985.18003532285 4954259.944396867
 1 339
L  2 1
 411944.2511421976 4954285.003147526
 411936.21574520244 4954276.090662174
 1 340
L  2 1
 413113.9969623831 4955860.334584971
 413107.9085129749 4955849.99385077
 1 341
L  2 1
 413150.0016443468 4955823.613412794
 413155.8224329071 4955834.107145235
 1 342
L  2 1
 414119.8507767045 4955980.346361021
 414127.5286171546 4955971.124063799
 1 343
L  2 1
 414167.2477880989 4955999.910508739
 414159.86678495514 4956009.372051561
 1 344
L  2 1
 414924.27707564493 4957056.026353278
 414931.7005182231 4957046.598071341
 1 345
L  2 1
 414970.42739104177 4957078.419307776
 414962.10264019424 4957087.062138524
 1 346
L  2 1
 415029.4889478364 4957146.82609749
 415037.15131038363 4957137.590936409
 1 347
L  2 1
 415073.39434281545 4957175.838414902
 415061.4763714576 4957177.239114268
 1 348
L  2 1
 400465.48702967115 4956731.821889689
 400464.0830536258 4956719.904303892
 1 349
L  2 1
 400509.9808506601 4956705.662351667
 400513.49695144384 4956717.135670074
 1 350
L  2 1
 403924.85722448106 4955803.259665337
 403917.40424048004 4955793.854718263
 1 351
L  2 1
 403965.4658408376 4955774.107014897
 403967.7759056534 4955785.8825658625
 1 352
L  2 1
 405336.3883704322 4955759.4043177385
 405324.6623573458 4955756.854686962
 1 353
L  2 1
 405334.2064144045 4955709.063511209
 405346.15835487243 4955710.136413372
 1 354
L  2 1
 406234.7376037386 4955476.232736762
 406230.0629701564 4955465.180687138
 1 355
L  2 1
 406277.09241876076 4955444.801695509
 406278.64561357023 4955456.700753702
 1 356
L  2 1
 401155.1501211555 4956880.122270838
 401150.00517285656 4956869.281168173
 1 357
L  2 1
 401190.3992509214 4956846.536431444
 401199.1809784127 4956854.714527938
 1 358
L  2 1
 401406.0969150867 4956682.212238233
 401396.5311442584 4956674.966823927
 1 359
L  2 1
 401424.02437974396 4956632.169131652
 401432.013216297 4956641.123375927
 1 360
L  2 1
 401386.7353864018 4956234.772621827
 401375.2585033732 4956231.2681738045
 1 361
L  2 1
 401399.8666007689 4956186.242307719
 401408.84405244014 4956194.205056082
 1 362
L  2 1
 402658.08017173613 4955627.206574199
 402655.2831445288 4955615.537099541
 1 363
L  2 1
 402704.8540911075 4955615.138727588
 402705.2957522505 4955627.130597143
 1 364
L  2 1
 415155.06337431155 4959859.964025399
 415148.07953637745 4959850.205643991
 1 365
L  2 1
 415188.8007901388 4959819.892224889
 415193.7520369232 4959830.823151441
 1 366
L  2 1
 415478.45258136105 4959666.187461282
 415468.70104409487 4959659.194070048
 1 367
L  2 1
 415501.08795467194 4959620.12910997
 415509.2606003921 4959628.915910409
 1 368
L  2 1
 418544.1019347403 4959724.536798563
 418543.36112079467 4959736.513909847
 1 369
L  2 1
 418494.9699051538 4959737.33253544
 418495.94551988324 4959725.372260531
 1 370
L  2 1
 418325.6088855629 4959803.879337182
 418335.143128099 4959811.166189676
 1 371
L  2 1
 418307.60742107924 4959850.613282201
 418296.6408850927 4959845.741415161
 1 372
L  2 1
 418223.9918731554 4960136.285343763
 418231.16274665267 4960145.9071197575
 1 373
L  2 1
 418188.33220696816 4960171.769257965
 418182.3114311848 4960161.388975745
 1 374
L  2 1
 414448.66754635266 4964414.888751827
 414455.48016938026 4964405.010079473
 1 375
L  2 1
 414503.53632784926 4964414.485467611
 414497.1918211138 4964424.67110624
 1 376
L  2 1
 414710.22368790663 4965788.137355533
 414714.5515742373 4965799.329736867
 1 377
L  2 1
 414686.1615744222 4965834.661914369
 414675.5142753699 4965829.127022961
 1 378
L  2 1
 414619.2334226729 4965948.719386124
 414630.92747758416 4965946.026974616
 1 379
L  2 1
 414650.97878973733 4965988.282655566
 414641.24105390266 4965995.295251434
 1 380
L  2 1
 414694.81385555404 4966078.159718383
 414702.822972465 4966069.2236092575
 1 381
L  2 1
 414719.8590680763 4966118.798565131
 414708.01902062964 4966120.751326371
 1 382
L  2 1
 414988.70746795915 4966496.215063287
 414997.6974659838 4966488.266482564
 1 383
L  2 1
 415038.23838777596 4966503.248862087
 415038.3010793821 4966515.248698325
 1 384
L  2 1
 415104.0574898311 4966517.789690623
 415104.46776387386 4966505.796706207
 1 385
L  2 1
 415155.0112540718 4966512.572418993
 415151.9246956743 4966524.1686751675
 1 386
L  2 1
 416625.2710546312 4967597.344697425
 416616.4146734468 4967589.247505793
 1 387
L  2 1
 416664.0631979363 4967565.783997668
 416661.0214511558 4967577.392088661
 1 388
L  2 1
 416712.7221240778 4967599.660230748
 416717.76959657116 4967588.773402862
 1 389
L  2 1
 416729.1061693258 4967634.3427718375
 416717.49190114223 4967637.360846482
 1 390
L  2 1
 416730.5286631562 4967657.712944428
 416733.8773364328 4967646.189646841
 1 391
L  2 1
 416772.5188978449 4967676.449421636
 416769.7575693691 4967688.127395135
 1 392
L  2 1
 416889.01539947453 4967671.269937427
 416899.51816761645 4967665.465468342
 1 393
L  2 1
 416938.7161282863 4967651.1216794085
 416941.00664737064 4967662.9010479115
 1 394
L  2 1
 401588.8287288249 4949531.724269092
 401576.894855668 4949532.982311808
 1 395
L  2 1
 401583.35716628405 4949479.816408571
 401593.1751215809 4949486.7162458
 1 396
L  2 1
 430567.4238875324 4948075.895250233
 430579.4203582076 4948076.186267996
 1 397
L  2 1
 430577.82292317675 4948100.801885473
 430565.8264525013 4948100.510867717
 1 398
L  2 1
 373253.57290022034 4948064.808041093
 373252.14268268767 4948052.893576027
 1 399
L  2 1
 373302.7180096162 4948058.608174859
 373301.13794441585 4948070.503694771
 1 400
L  2 1
 373320.98378555046 4948069.006828368
 373321.8846375245 4948057.040690072
 1 401
L  2 1
 373370.55507976573 4948057.693195806
 373371.45025338326 4948069.659760234
 1 402
L  2 1
 373436.1450798619 4948089.539004496
 373446.68802960013 4948083.807843112
 1 403
L  2 1
 373477.856752484 4948118.045056557
 373471.245339014 4948128.0595067125
 1 404
L  2 1
 373514.72488843644 4948164.135553201
 373517.0873428465 4948152.370400879
 1 405
L  2 1
 373565.7125817276 4948145.711408464
 373563.92600969045 4948157.577669896
 1 406
L  2 1
 373882.91759391327 4948028.246826956
 373876.5527663067 4948018.073874114
 1 407
L  2 1
 373916.29831148154 4947993.8224469265
 373926.66248823836 4947999.870904594
 1 408
L  2 1
 373960.3015915497 4947978.781593689
 373950.94018444227 4947971.273993741
 1 409
L  2 1
 373995.3315748985 4947943.876823898
 374000.76051649655 4947954.57853372
 1 410
L  2 1
 374453.10775805975 4946869.807232903
 374454.8363436373 4946857.932385877
 1 411
L  2 1
 374497.3241351524 4946883.082880848
 374494.5405299936 4946894.755564443
 1 412
L  2 1
 375157.30206856487 4947028.423016236
 375151.7867965011 4947017.765541204
 1 413
L  2 1
 375198.9588196756 4947004.423337296
 375205.1882895044 4947014.679735575
 1 414
L  2 1
 375291.5892599939 4946972.409735332
 375289.93562639906 4946960.524219108
 1 415
L  2 1
 375334.1890518246 4946942.075648648
 375339.1890593744 4946952.984357302
 1 416
L  2 1
 375858.33927209093 4946802.98069477
 375854.61334041005 4946791.5737919
 1 417
L  2 1
 375897.5460648852 4946769.33230755
 375903.40539372875 4946779.8045692695
 1 418
L  2 1
 375951.08953973115 4946753.995519191
 375944.2605619738 4946744.128145538
 1 419
L  2 1
 375987.5460808032 4946716.922554248
 375991.18669948383 4946728.356971401
 1 420
L  2 1
 376551.25453609246 4946990.513527207
 376558.2729788735 4946980.780004673
 1 421
L  2 1
 376596.2233364135 4947005.617020207
 376597.0680284115 4947017.587253933
 1 422
L  2 1
 376605.91837891383 4947016.8421151405
 376608.41455886926 4947005.104607499
 1 423
L  2 1
 376656.0625018781 4947005.415773366
 376657.23810227995 4947017.358049685
 1 424
L  2 1
 376672.89369940094 4947014.971919048
 376676.0481405461 4947003.393944222
 1 425
L  2 1
 376726.12704850815 4947002.822586116
 376721.9820217659 4947014.083969393
 1 426
L  2 1
 376986.5614765102 4946881.298673925
 376976.80014801474 4946874.318955735
 1 427
L  2 1
 377008.421542573 4946835.30320998
 377017.236766492 4946843.4451893
 1 428
L  2 1
 377462.84715713275 4946533.119659815
 377460.8434990722 4946521.288119156
 1 429
L  2 1
 377495.97231799894 4946520.409415133
 377484.34685188305 4946523.384064287
 1 430
L  2 1
 374875.67641386384 4948274.9935024325
 374863.6920140102 4948275.605188748
 1 431
L  2 1
 374841.02228073904 4948249.101355384
 374840.0969246649 4948237.137087076
 1 432
L  2 1
 377204.8668166847 4951685.917887576
 377201.19969100424 4951674.491943885
 1 433
L  2 1
 377251.2532964878 4951673.763146719
 377253.83025557216 4951685.483184341
 1 434
L  2 1
 377873.61167198676 4951469.036726502
 377871.5616974842 4951457.213122799
 1 435
L  2 1
 377917.59349360527 4951439.2803502865
 377919.64346917276 4951451.103953805
 1 436
L  2 1
 378526.0467027803 4951035.413867257
 378523.50760961976 4951023.685567894
 1 437
L  2 1
 378574.14490447915 4951022.038920668
 378574.3342392668 4951034.037426922
 1 438
L  2 1
 419478.9989081183 4946948.324737285
 419490.5258563008 4946944.988651915
 1 439
L  2 1
 419503.82173207775 4946992.263049773
 419492.52918809524 4946996.322415537
 1 440
L  2 1
 426769.56689121283 4945649.45590073
 426763.1114926761 4945639.34017882
 1 441
L  2 1
 426805.55139411363 4945613.361722884
 426811.67731235834 4945623.680304456
 1 442
L  2 1
 427045.17998254416 4945234.834865024
 427033.7878749098 4945231.063938925
 1 443
L  2 1
 427052.9826751729 4945184.645905668
 427063.93773877906 4945189.543515431
 1 444
L  2 1
 426471.4657038605 4945837.782695315
 426461.4648510824 4945831.150731525
 1 445
L  2 1
 426482.98741939594 4945813.511440153
 426488.234423073 4945824.303518378
 1 446
L  2 1
 429858.9213503807 4950637.41856773
 429857.28048117826 4950625.5312825795
 1 447
L  2 1
 429905.5714262218 4950617.402598345
 429908.4714590122 4950629.046902095
 1 448
L  2 1
 424609.3080612268 4951484.540328627
 424607.0264400272 4951472.759233402
 1 449
L  2 1
 424652.7824369912 4951456.873060892
 424657.5507690208 4951467.885009387
 1 450
L  2 1
 423306.15892836417 4950662.247481363
 423302.60264198587 4950650.786555257
 1 451
L  2 1
 423349.02828935784 4950633.255321747
 423352.58457573416 4950644.716247853
 1 452
L  2 1
 422895.74736859434 4950694.952951632
 422906.42580421764 4950689.478372868
 1 453
L  2 1
 422930.30000806245 4950730.053202734
 422922.1084659526 4950738.822389576
 1 454
L  2 1
 421926.5695071005 4950311.18601203
 421938.56936270255 4950311.127143271
 1 455
L  2 1
 421946.7347467387 4950359.7870208
 421934.7351039463 4950359.6944310805
 1 456
L  2 1
 421810.91697906645 4950155.246624698
 421813.81896666554 4950143.602807972
 1 457
L  2 1
 421861.9359737341 4950155.595003726
 421859.0339872629 4950167.2388207335
 1 458
L  2 1
 424148.3339110536 4951729.993322907
 424137.9299331204 4951735.973058952
 1 459
L  2 1
 424117.5740289613 4951746.484749325
 424111.5720176787 4951736.093605954
 1 460
L  2 1
 423986.0368275578 4951784.706389214
 423990.3315122313 4951795.911552467
 1 461
L  2 1
 423967.2760593211 4951804.748182437
 423962.98137572187 4951793.543018772
 1 462
L  2 1
 421186.10985807976 4951002.704985074
 421195.5950310153 4950995.354373236
 1 463
L  2 1
 421231.2720245352 4951028.528495792
 421222.5495380388 4951036.769747477
 1 464
L  2 1
 421239.3681387117 4951051.6727241585
 421248.0906246283 4951043.431471861
 1 465
L  2 1
 421285.3597303954 4951075.276760641
 421277.5008225477 4951084.345253759
 1 466
L  2 1
 421280.72559268685 4951087.139893411
 421288.5844998962 4951078.071399739
 1 467
L  2 1
 421326.6025496054 4951109.695213686
 421318.74364181655 4951118.763706855
 1 468
L  2 1
 381795.8365993711 4950704.460897833
 381792.1587002619 4950693.038417447
 1 469
L  2 1
 381835.72388370277 4950674.240757101
 381842.9970573123 4950683.785438639
 1 470
L  2 1
 381943.7712554784 4950199.329095285
 381931.77227694064 4950199.485664925
 1 471
L  2 1
 381930.9464829874 4950150.157170482
 381942.7431314447 4950152.356962558
 1 472
L  2 1
 382073.6710892603 4948674.468678146
 382067.2141218787 4948664.353957574
 1 473
L  2 1
 382109.26667892694 4948635.879426741
 382113.50238127104 4948647.107018898
 1 474
L  2 1
 382523.1849050847 4946874.3512426475
 382514.5518302732 4946866.016374963
 1 475
L  2 1
 382549.95109885064 4946829.856342321
 382556.7626430963 4946839.735758549
 1 476
L  2 1
 379817.1226306026 4950873.497439185
 379809.3283293704 4950864.373357406
 1 477
L  2 1
 379839.0880889592 4950853.329165477
 379831.7915839398 4950862.856023014
 1 478
L  2 1
 431880.7490358442 4946504.718471273
 431886.78654543584 4946494.347913046
 1 479
L  2 1
 431928.1267199947 4946524.382844046
 431919.54599683033 4946532.771597825
 1 480
L  2 1
 432918.34072144475 4946598.253002359
 432907.89146110724 4946592.352751652
 1 481
L  2 1
 432931.324568631 4946548.673558465
 432941.563663297 4946554.931428744
 1 482
L  2 1
 372127.9804394317 4948854.581552372
 372117.3270075273 4948849.058474547
 1 483
L  2 1
 372145.4639515402 4948806.354314214
 372154.22706210986 4948814.552356245
 1 484
L  2 1
 372303.4311236036 4948612.543260927
 372300.6037904534 4948600.881091864
 1 485
L  2 1
 372342.7647020845 4948575.792174436
 372346.3357125225 4948587.248521343
 1 486
L  2 1
 372401.2426780772 4948451.427117366
 372389.4460875058 4948449.227014894
 1 487
L  2 1
 372387.2687746368 4948401.461922061
 372399.1991408102 4948400.17104524
 1 488
L  2 1
 372400.504361079 4948373.298506932
 372388.58954045194 4948371.871254528
 1 489
L  2 1
 372421.32002939505 4948330.376058128
 372426.74190407 4948341.081350043
 1 490
L  2 1
 372433.4612499967 4948338.584392841
 372429.2345319444 4948327.35341539
 1 491
L  2 1
 372477.7047377877 4948310.523671969
 372478.7196233162 4948322.480678591
 1 492
L  2 1
 372720.86341631087 4948326.5894598
 372718.55046789907 4948314.814474889
 1 493
L  2 1
 372763.3106817163 4948298.083604474
 372768.4569020327 4948308.9241033755
 1 494
L  2 1
 372993.1457306641 4948227.657445684
 372986.74084818986 4948217.509663636
 1 495
L  2 1
 373033.0536753301 4948196.082405184
 373036.97704661184 4948207.422914776
 1 496
L  2 1
 373058.50399579096 4948196.862660597
 373054.580623448 4948185.522151372
 1 497
L  2 1
 373094.4090731159 4948157.802348376
 373099.71865529206 4948168.563776585
 1 498
L  2 1
 372512.16771094565 4952199.239989762
 372506.2944345454 4952209.704435487
 1 499
L  2 1
 372463.79894251656 4952187.132367503
 372469.18068934244 4952176.406846486
 1 500
L  2 1
 372117.9685034241 4951811.0677563995
 372110.5834860769 4951820.52616635
 1 501
L  2 1
 372068.8879264783 4951794.93112701
 372075.1453600117 4951784.691765429
 1 502
L  2 1
 372327.90500905976 4950567.490852323
 372328.68987393525 4950555.516547036
 1 503
L  2 1
 372377.46338369005 4950558.361455188
 372377.9303313619 4950570.352366741
 1 504
L  2 1
 372744.93984652375 4950194.676402316
 372736.1911886873 4950202.889866023
 1 505
L  2 1
 372699.7408588551 4950171.1117746895
 372706.7611731639 4950161.37960191
 1 506
L  2 1
 421042.9825080586 4950741.87693047
 421054.98118086444 4950742.055398671
 1 507
L  2 1
 421050.5009463999 4950791.83621331
 421038.5796915231 4950790.463740299
 1 508
L  2 1
 424175.2884777482 4951829.571187822
 424175.6870457348 4951841.564566977
 1 509
L  2 1
 424135.61138567125 4951802.8778778445
 424147.5361226678 4951801.535995746
 1 510
L  2 1
 424419.64579727966 4952001.13054623
 424419.81947444833 4952013.129289341
 1 511
L  2 1
 424386.5129986818 4951988.543454078
 424398.5127541413 4951988.620062913
 1 512
L  2 1
 424556.66901658796 4952805.584220139
 424546.322037029 4952811.66204985
 1 513
L  2 1
 424528.5156430852 4952763.6814681
 424540.10734188784 4952760.57783815
 1 514
L  2 1
 424550.9753887654 4953234.6401767265
 424543.94642584067 4953224.914248483
 1 515
L  2 1
 424580.9910366344 4953194.295956684
 424590.0727852286 4953202.139542757
 1 516
L  2 1
 417974.1106200848 4945081.418492265
 417985.7403888003 4945078.460709374
 1 517
L  2 1
 417986.544653072 4945130.530032953
 417974.671879923 4945128.7872599475
 1 518
L  2 1
 411305.8503848714 4951292.052161209
 411317.84457894455 4951291.678920621
 1 519
L  2 1
 411318.4102848389 4951340.990447
 411306.4181922041 4951341.426008981
 1 520
L  2 1
 412293.6449391586 4951964.270944371
 412285.58739979344 4951955.378472309
 1 521
L  2 1
 412322.76319911395 4951921.529135459
 412329.4303174641 4951931.506586681
 1 522
L  2 1
 412850.8743639658 4951759.936314568
 412858.25449460023 4951750.474091161
 1 523
L  2 1
 412878.87828417897 4951764.161906607
 412871.394620635 4951773.542459894
 1 524
L  2 1
 430531.9703039582 4947863.460145483
 430530.75966958277 4947851.521369817
 1 525
L  2 1
 430581.918440057 4947851.216864599
 430579.88357010594 4947863.043077191
 1 526
L  2 1
 420876.1464897532 4951544.098036869
 420874.8422984748 4951532.1691188505
 1 527
L  2 1
 420923.46017422446 4951535.155701248
 420921.3635365976 4951546.971119592
 1 528
L  2 1
 420538.29901319 4951571.753465682
 420526.415220415 4951570.087491708
 1 529
L  2 1
 420529.6994516564 4951520.552051956
 420541.5512836576 4951522.431966374
 1 530
L  2 1
 383183.09832831594 4945371.616170413
 383191.46444500604 4945363.013374847
 1 531
L  2 1
 383218.9199398605 4945406.165776203
 383208.41429379856 4945411.965034847
 1 532
L  2 1
 383259.6040282411 4946037.695514318
 383265.0711287989 4946048.377780532
 1 533
L  2 1
 383224.7997063974 4946070.427715286
 383214.42635366257 4946064.395008345
 1 534
L  2 1
 426136.31691963866 4949238.895913767
 426146.1907388674 4949232.076258803
 1 535
L  2 1
 426168.7794593117 4949275.5767212
 426159.1512312383 4949282.73892925
 1 536
L  2 1
 426616.2244047127 4950053.528505583
 426625.0195496413 4950045.3648406165
 1 537
L  2 1
 426662.1927918615 4950078.967978485
 426652.8026648195 4950086.439625835
 1 538
L  2 1
 427129.6627962776 4951279.082210262
 427134.3044382404 4951268.016264307
 1 539
L  2 1
 427180.29406443436 4951288.3323482545
 427174.10568363266 4951298.613590545
 1 540
L  2 1
 427583.61710210046 4951413.750765328
 427583.2831600365 4951401.755412783
 1 541
L  2 1
 427633.15248812723 4951415.786508954
 427627.8121208007 4951426.532693245
 1 542
L  2 1
 419019.7724809622 4950405.250345922
 419019.7457581138 4950417.250316168
 1 543
L  2 1
 418971.04132908664 4950396.486085903
 418982.02116583625 4950391.644269617
 1 544
L  2 1
 430230.9481425777 4947038.371214184
 430242.9481010292 4947038.339636306
 1 545
L  2 1
 430243.0291600814 4947063.064031315
 430231.0292406266 4947063.107998113
 1 546
L  2 1
 422947.4161413558 4952587.886095561
 422938.1137876951 4952580.30544807
 1 547
L  2 1
 422970.28285899636 4952542.413163935
 422979.5852113866 4952549.993812985
 1 548
L  2 1
 422667.1237557794 4952978.322278998
 422661.0906391136 4952967.949164552
 1 549
L  2 1
 422702.0626267004 4952944.0629580505
 422709.0981655556 4952953.78413046
 1 550
L  2 1
 422455.27404014155 4953157.016653659
 422446.7444460544 4953148.5759176295
 1 551
L  2 1
 422479.95096941723 4953112.360122814
 422489.16687605984 4953120.045632866
 1 552
L  2 1
 423009.8804186531 4954368.115293862
 422997.91178087686 4954368.982305847
 1 553
L  2 1
 422971.2500556709 4954339.591395303
 422976.05386433407 4954328.594876657
 1 554
L  2 1
 418129.2757795384 4950004.320235991
 418119.70723071456 4949997.0784908
 1 555
L  2 1
 418163.71193082415 4949973.047640389
 418172.6965264909 4949981.002327101
 1 556
L  2 1
 418020.6096808454 4950044.082612836
 418015.45799450367 4950033.244710463
 1 557
L  2 1
 418062.5025759253 4950013.993286401
 418065.30713077774 4950025.660954209
 1 558
L  2 1
 417809.4454797551 4950084.5987306805
 417812.23929106485 4950072.928485679
 1 559
L  2 1
 417861.22011086246 4950080.14366461
 417857.91785121156 4950091.680348761
 1 560
L  2 1
 417743.0327548229 4950069.193733084
 417746.59470395505 4950057.734565646
 1 561
L  2 1
 417792.51030413253 4950070.739681702
 417792.6464788785 4950082.7389090285
 1 562
L  2 1
 417622.14198305376 4950053.2260125
 417623.69805542624 4950041.327330271
 1 563
L  2 1
 417672.35502956546 4950047.493476878
 417671.62507554545 4950059.471254933
 1 564
L  2 1
 425458.6918987762 4946277.366875337
 425469.01837181975 4946271.254269144
 1 565
L  2 1
 425501.4477094015 4946304.601990991
 425490.42545988853 4946309.346463109
 1 566
L  2 1
 428593.8567898322 4948341.2050490575
 428597.6140426489 4948329.808424502
 1 567
L  2 1
 428645.4698382746 4948333.585162807
 428645.1461095034 4948345.580795333
 1 568
L  2 1
 379004.2100324994 4948930.524740225
 378992.2272697956 4948931.167700555
 1 569
L  2 1
 378983.9303341616 4948883.06496276
 378995.8329261184 4948881.53908442
 1 570
L  2 1
 378995.4119767332 4949169.615158972
 378983.41767750686 4949169.985004979
 1 571
L  2 1
 378993.550490491 4949120.601432371
 379005.41283622605 4949122.413821309
 1 572
L  2 1
 378153.37896498496 4950007.435958288
 378152.3472853611 4950019.391527583
 1 573
L  2 1
 378124.39660940657 4949985.202703786
 378133.98035655345 4949992.424323454
 1 574
L  2 1
 374405.34612904297 4946840.743618253
 374412.229473142 4946830.914092627
 1 575
L  2 1
 374425.8733182173 4946839.790702806
 374419.8756748768 4946850.184367913
 1 576
L  2 1
 374373.21733767143 4946606.373080822
 374383.35806763754 4946599.957038758
 1 577
L  2 1
 374403.34948445036 4946648.342937342
 374391.3620825386 4946648.892660369
 1 578
L  2 1
 372388.8675408575 4947315.128625927
 372399.83273151354 4947310.253731684
 1 579
L  2 1
 372440.27042312623 4947329.887671663
 372435.6425077698 4947340.959365276
 1 580
L  2 1
 374121.55880644824 4947424.6102918
 374109.7552408888 4947422.447922709
 1 581
L  2 1
 374090.77631169587 4947381.836915222
 374100.62356586213 4947374.978957408
 1 582
L  2 1
 374019.06697422353 4947217.315304083
 374007.3284053425 4947219.806488666
 1 583
L  2 1
 373983.6902112828 4947178.7894111965
 373993.8717864122 4947172.438385462
 1 584
L  2 1
 373904.1216357779 4947146.390269779
 373902.0977517371 4947158.2183674015
 1 585
L  2 1
 373853.5167959549 4947133.117605487
 373865.3780308692 4947131.297960931
 1 586
L  2 1
 373871.602487404 4947079.732033191
 373860.102487557 4947076.3042053785
 1 587
L  2 1
 373874.59383901727 4947028.258052598
 373885.31870402273 4947033.641106621
 1 588
L  2 1
 373895.9835714241 4947016.375289931
 373884.4109876778 4947013.2011277685
 1 589
L  2 1
 373905.3069291249 4946968.7765586795
 373917.01618136006 4946971.402089502
 1 590
L  2 1
 370082.1565483799 4951451.796675077
 370071.66176588205 4951445.977779964
 1 591
L  2 1
 370096.78933737904 4951402.542880477
 370106.65301143995 4951409.377200782
 1 592
L  2 1
 369504.9043557937 4952155.135826771
 369499.3196543413 4952144.514569328
 1 593
L  2 1
 369534.926192179 4952116.287940585
 369543.37536099507 4952124.809181475
 1 594
L  2 1
 368628.5609258992 4952439.045410772
 368625.3586143459 4952427.480584758
 1 595
L  2 1
 368674.5209058286 4952417.127455422
 368676.5565415464 4952428.953536228
 1 596
L  2 1
 367260.99868535536 4953317.596866752
 367270.19030608557 4953309.882327988
 1 597
L  2 1
 367294.7121630066 4953351.868678639
 367283.6091692374 4953356.420988971
 1 598
L  2 1
 366294.6520554723 4949604.658030874
 366306.65098896675 4949604.818015237
 1 599
L  2 1
 366304.6712364305 4949653.742790647
 366292.71593580546 4949654.777579013
 1 600
L  2 1
 365767.34067301045 4947987.588400806
 365774.2481957715 4947977.775851225
 1 601
L  2 1
 365810.6786765168 4948010.75855174
 365803.77115368115 4948020.57110127
 1 602
L  2 1
 374255.9256313485 4946362.686914363
 374267.6472252256 4946365.256785368
 1 603
L  2 1
 374276.9163363675 4946404.446229884
 374268.04853568354 4946412.530913616
 1 604
L  2 1
 374394.8672915677 4945914.456445326
 374406.7153710813 4945916.359866413
 1 605
L  2 1
 374398.43937239976 4945965.305230679
 374386.60495838424 4945963.318614231
 1 606
L  2 1
 374400.409594797 4945813.660081633
 374412.371464134 4945812.704214507
 1 607
L  2 1
 374410.548888836 4945862.95520289
 374398.552754541 4945862.650634381
 1 608
L  2 1
 374393.6289444821 4945721.138889119
 374405.583513904 4945722.18209089
 1 609
L  2 1
 374411.97344947234 4945770.248319932
 374400.0115801176 4945771.204186837
 1 610
L  2 1
 372867.37639982335 4945339.367715441
 372879.3763667337 4945339.39589612
 1 611
L  2 1
 372880.3851077534 4945385.894019057
 372868.8609855717 4945389.239853472
 1 612
L  2 1
 372368.39224482985 4945550.556682656
 372366.42027156515 4945538.719819834
 1 613
L  2 1
 372415.30582579534 4945532.943314027
 372417.97245973867 4945544.643274002
 1 614
L  2 1
 371613.4037005581 4945329.890670474
 371618.9237845539 4945319.235687007
 1 615
L  2 1
 371662.8299506685 4945342.059947944
 371656.4895837165 4945352.248164025
 1 616
L  2 1
 418332.6711052934 4950098.405055046
 418343.8984759966 4950102.641344354
 1 617
L  2 1
 418346.46907916776 4950149.114322844
 418334.49215646024 4950148.370466367
 1 618
L  2 1
 418334.696592205 4950435.032484405
 418346.69073643605 4950434.657645555
 1 619
L  2 1
 418345.65362713335 4950484.392272704
 418333.65566257364 4950484.613284976
 1 620
L  2 1
 418339.8737949644 4950840.141983517
 418351.87217556254 4950839.944846452
 1 621
L  2 1
 418354.22805201134 4950888.291457037
 418342.5019286667 4950890.840580673
 1 622
L  2 1
 418344.82401835767 4951021.534904412
 418356.5501417023 4951018.9857807765
 1 623
L  2 1
 418357.6446363979 4951069.532284756
 418345.6462557981 4951069.729421723
 1 624
L  2 1
 418028.6762466307 4950623.002270869
 418031.4423629353 4950634.679111221
 1 625
L  2 1
 417984.16409345064 4950643.469434053
 417978.33016253845 4950632.983002339
 1 626
L  2 1
 417907.5166519273 4950695.431767361
 417918.08413582464 4950701.117564058
 1 627
L  2 1
 417874.86233162176 4950727.4579290515
 417870.3822407963 4950716.325598379
 1 628
L  2 1
 417841.8256376139 4950723.4449248575
 417845.1981092391 4950734.961279973
 1 629
L  2 1
 417795.47332693235 4950741.312163885
 417793.19593085063 4950729.530251176
 1 630
L  2 1
 417781.2660211186 4950732.405660494
 417785.8099050744 4950743.512105406
 1 631
L  2 1
 417737.06860837067 4950753.720064983
 417733.7512947224 4950742.1877005175
 1 632
L  2 1
 418477.90326802904 4950827.122127924
 418482.542867557 4950816.055325486
 1 633
L  2 1
 418530.9342766256 4950816.79738902
 418528.3780726415 4950828.52197094
 1 634
L  2 1
 418722.4395575587 4950834.048860587
 418723.83942345524 4950822.130791303
 1 635
L  2 1
 418774.37067003496 4950821.187402622
 418770.75392646604 4950832.629393968
 1 636
L  2 1
 418932.5452194809 4950834.170557154
 418933.9143414451 4950822.248916956
 1 637
L  2 1
 418985.3274328427 4950824.8129052995
 418979.8035017133 4950835.46589478
 1 638
L  2 1
 420420.9465499594 4949602.359649411
 420420.27281359356 4949614.34072112
 1 639
L  2 1
 420368.55518184404 4949608.969705408
 420374.613293043 4949598.6111684125
 1 640
L  2 1
 420520.8830997806 4949597.22545012
 420521.4251889743 4949609.21319967
 1 641
L  2 1
 420472.6440323832 4949612.678396841
 420470.91113280377 4949600.804178591
 1 642
L  2 1
 420422.81120519864 4948423.674118671
 420420.3913548064 4948435.427600031
 1 643
L  2 1
 420371.87163703574 4948425.438182676
 420374.2914862473 4948413.684701074
 1 644
L  2 1
 419528.34476065135 4947645.125573811
 419517.30825198966 4947649.836781359
 1 645
L  2 1
 419500.71569094807 4947604.120695614
 419511.226429411 4947598.330671697
 1 646
L  2 1
 419739.67343958403 4948028.831715618
 419730.098779038 4948021.598052963
 1 647
L  2 1
 419747.8794198349 4947979.320364792
 419759.71972432005 4947981.271566909
 1 648
L  2 1
 419919.42344815773 4948893.549838268
 419907.4247080262 4948893.723721151
 1 649
L  2 1
 419883.1213414431 4948860.825974914
 419891.9215401189 4948852.667757996
 1 650
L  2 1
 419751.876913856 4949857.639951793
 419749.80188229494 4949845.820719837
 1 651
L  2 1
 419787.8053377105 4949820.853537305
 419792.9476257854 4949831.695902054
 1 652
L  2 1
 419278.3242198069 4949818.952997618
 419271.5006931681 4949809.081853601
 1 653
L  2 1
 419324.6667051591 4949817.8889617855
 419322.42975514184 4949829.678620585
 1 654
L  2 1
 419716.9068316539 4947200.727943536
 419723.17560652003 4947190.495521454
 1 655
L  2 1
 419744.26113222004 4947203.123594661
 419738.14641839196 4947213.44881983
 1 656
L  2 1
 427100.7477329008 4946483.477665428
 427098.6185236713 4946471.668073222
 1 657
L  2 1
 427146.91695827805 4946460.911074649
 427149.53583587694 4946472.621816731
 1 658
L  2 1
 428618.76634461695 4946658.490054335
 428619.99832222 4946646.553462226
 1 659
L  2 1
 428667.56653060194 4946647.408951372
 428667.544719437 4946659.40893155
 1 660
L  2 1
 426542.8574553982 4946681.7312285835
 426543.9104889729 4946669.777521196
 1 661
L  2 1
 426565.5142819227 4946679.243851153
 426566.8496718763 4946691.169316916
 1 662
L  2 1
 430278.0072552097 4946579.201291468
 430274.1466930633 4946567.839246761
 1 663
L  2 1
 430319.01609039726 4946547.874493735
 430323.8558918168 4946558.855218766
 1 664
L  2 1
 430324.0780976516 4946558.757280605
 430319.2382961385 4946547.776555615
 1 665
L  2 1
 430364.14195930393 4946528.0329277655
 430370.05056973203 4946538.477463313
 1 666
L  2 1
 430585.7819098652 4946444.4703738745
 430583.2265554378 4946432.745606765
 1 667
L  2 1
 430627.675554037 4946412.32852056
 430631.431664458 4946423.725521679
 1 668
L  2 1
 430673.9567956131 4946406.155763256
 430668.0178215069 4946395.728463194
 1 669
L  2 1
 430713.7960126544 4946374.584616029
 430718.12227178965 4946385.777626432
 1 670
L  2 1
 422351.23866302136 4945906.62924519
 422351.6836613907 4945918.62099137
 1 671
L  2 1
 422300.25432647445 4945918.867498867
 422303.6262580726 4945907.350985624
 1 672
L  2 1
 422244.76691806014 4945520.015948005
 422248.2045244188 4945531.513028614
 1 673
L  2 1
 422197.96060697193 4945534.4127809815
 422196.353444655 4945522.52089176
 1 674
L  2 1
 422156.6712465848 4945522.85676824
 422155.8904125102 4945534.831337049
 1 675
L  2 1
 422101.8846835912 4945525.8875122
 422113.81782182085 4945524.62251734
 1 676
L  2 1
 422115.08246970683 4945448.873503124
 422103.08260100515 4945448.817368077
 1 677
L  2 1
 422101.4763967196 4945398.166761798
 422113.2319648324 4945400.576454381
 1 678
L  2 1
 422112.17033428675 4945123.546320621
 422102.1903016863 4945130.209574278
 1 679
L  2 1
 422059.9916672485 4945121.716184407
 422059.79912252846 4945109.717729234
 1 680
L  2 1
 421504.87612971914 4945121.153347195
 421503.9359633759 4945133.116460805
 1 681
L  2 1
 421455.01805367426 4945135.21257788
 421454.4680792338 4945123.2251875
 1 682
L  2 1
 422524.50063830114 4945900.434797651
 422520.9863422798 4945911.908668988
 1 683
L  2 1
 422501.12655395194 4945910.056246721
 422495.00776836 4945899.73343398
 1 684
L  2 1
 425814.5041800434 4951325.647734156
 425811.66237960156 4951313.989081994
 1 685
L  2 1
 425859.6888950813 4951310.565130611
 425864.67542673275 4951321.480005878
 1 686
L  2 1
 425120.00910453923 4950761.246878653
 425119.8918068457 4950749.247451947
 1 687
L  2 1
 425162.4478375308 4950745.933498443
 425174.14358552225 4950748.618545727
 1 688
L  2 1
 424746.9856830049 4950915.648021555
 424755.57763513114 4950924.025274007
 1 689
L  2 1
 424716.08723132155 4950954.6638032645
 424708.56327213143 4950945.315539356
 1 690
L  2 1
 424578.56446970336 4950488.743607184
 424590.3128746556 4950491.187984625
 1 691
L  2 1
 424575.2947799236 4950538.493572071
 424563.6026586733 4950535.792775769
 1 692
L  2 1
 423789.25400883844 4950568.765659515
 423781.7218380895 4950559.424010634
 1 693
L  2 1
 423796.0669533385 4950516.913834929
 423808.0053847464 4950518.127859441
 1 694
L  2 1
 421871.2813139344 4951640.486498077
 421870.27916509955 4951628.528417223
 1 695
L  2 1
 421919.53077814577 4951623.917475829
 421920.7006053972 4951635.86031905
 1 696
L  2 1
 423513.88043957 4951234.577608844
 423518.018202748 4951223.313554695
 1 697
L  2 1
 423560.938994216 4951249.001002153
 423555.833053022 4951259.860530896
 1 698
L  2 1
 420865.24885608203 4950958.390338494
 420856.709014079 4950966.820706136
 1 699
L  2 1
 420821.32878513314 4950932.7164365975
 420829.95014675584 4950924.369453683
 1 700
L  2 1
 412702.0431812287 4946888.971649271
 412705.3609940144 4946900.503870147
 1 701
L  2 1
 412654.2359959566 4946902.668538751
 412653.9954318714 4946890.670950288
 1 702
L  2 1
 413029.8423814157 4945474.611065208
 413026.51660766726 4945463.081137673
 1 703
L  2 1
 413076.27200395503 4945459.113559531
 413075.574084009 4945471.093246829
 1 704
L  2 1
 414017.87249734235 4945439.513628776
 414015.24576221866 4945427.804646644
 1 705
L  2 1
 414066.499850763 4945428.665040735
 414065.241242731 4945440.598854285
 1 706
L  2 1
 414370.7830279154 4945466.093354399
 414365.1065143156 4945455.52088102
 1 707
L  2 1
 414407.8444865022 4945431.123972518
 414414.0089141478 4945441.419594491
 1 708
L  2 1
 415479.37388406653 4946143.610439086
 415491.28108420543 4946142.120947612
 1 709
L  2 1
 415493.27667649265 4946190.139760973
 415481.36947633734 4946191.629252316
 1 710
L  2 1
 423481.6769807917 4950506.519017585
 423492.69788795436 4950501.771428164
 1 711
L  2 1
 423512.2445659082 4950547.143233738
 423501.2318924108 4950551.909891103
 1 712
L  2 1
 422802.188595147 4949855.340226604
 422810.378163854 4949846.569196766
 1 713
L  2 1
 422833.15213579434 4949891.996646587
 422823.07123192557 4949898.506283842
 1 714
L  2 1
 422480.83387970243 4949809.9600741
 422483.38328325754 4949798.23401161
 1 715
L  2 1
 422531.0309186178 4949810.075876318
 422529.4520798572 4949821.971559072
 1 716
L  2 1
 422204.1306185332 4949746.597788783
 422207.9828453338 4949735.232915327
 1 717
L  2 1
 422255.08791453904 4949746.226156715
 422253.538085673 4949758.125653785
 1 718
L  2 1
 421923.1191950698 4948939.746216624
 421932.1387270571 4948931.831164966
 1 719
L  2 1
 421972.5713336022 4948938.7728321925
 421972.6435652678 4948950.772614798
 1 720
L  2 1
 421853.7809566599 4948561.780116714
 421865.42439639714 4948558.876616915
 1 721
L  2 1
 421882.6450751747 4948604.720096899
 421871.34838322835 4948608.767905081
 1 722
L  2 1
 421336.7724383436 4948098.701976475
 421348.7686731254 4948098.401391945
 1 723
L  2 1
 421349.22970869363 4948148.267310805
 421337.26367372746 4948147.365087335
 1 724
L  2 1
 421520.6442075841 4947937.551641329
 421524.668556434 4947948.856711711
 1 725
L  2 1
 421478.9890402431 4947944.892038865
 421478.3701786279 4947932.9080073945
 1 726
L  2 1
 421532.7631703972 4948348.014953075
 421521.2037941098 4948344.793025104
 1 727
L  2 1
 421541.7803688472 4948336.876642027
 421542.59351761185 4948348.849059873
 1 728
L  2 1
 411294.7379375683 4951077.667569123
 411302.8106592417 4951086.546260737
 1 729
L  2 1
 411260.52476137923 4951114.117083142
 411253.88049926376 4951104.124396769
 1 730
L  2 1
 411382.29084523453 4951007.768830429
 411390.69320424646 4951016.336231613
 1 731
L  2 1
 411351.73969697877 4951047.885313565
 411344.2979379502 4951038.471482115
 1 732
L  2 1
 377536.3247285592 4947009.143254254
 377526.2461058519 4947015.656422786
 1 733
L  2 1
 377506.02369625046 4946967.547552123
 377517.9346113925 4946966.088065748
 1 734
L  2 1
 378465.27680015826 4946162.487569172
 378476.0072681917 4946157.115692798
 1 735
L  2 1
 378505.31144016975 4946192.958532099
 378499.1604453993 4946203.262185011
 1 736
L  2 1
 381586.55845972063 4946015.526486732
 381598.1369003364 4946012.373755708
 1 737
L  2 1
 381638.59456499893 4946018.270926881
 381639.85708256817 4946030.204327459
 1 738
L  2 1
 430815.26840669214 4946512.049589023
 430803.8736001398 4946508.286826257
 1 739
L  2 1
 430814.4217645655 4946460.502637249
 430826.18173760443 4946462.89073987
 1 740
L  2 1
 383787.6483064779 4946805.989577768
 383799.6277868391 4946806.691040723
 1 741
L  2 1
 383803.03132194444 4946856.991426703
 383791.2579475716 4946854.670294248
 1 742
L  2 1
 384671.8815129484 4947304.059214768
 384666.28028349753 4947293.446664243
 1 743
L  2 1
 384714.72952211834 4947284.673674148
 384720.3254976657 4947295.288995983
 1 744
L  2 1
 384923.3095585462 4947232.985358434
 384925.40988006577 4947221.170594385
 1 745
L  2 1
 384969.6438567078 4947207.694516464
 384974.1773283912 4947218.805215565
 1 746
L  2 1
 384991.1581590709 4947213.153215629
 384994.15846745914 4947201.53434522
 1 747
L  2 1
 385038.72679910355 4947187.872928037
 385041.86998551444 4947199.453963363
 1 748
L  2 1
 385258.86722881184 4947111.125458772
 385252.8124895012 4947100.764950489
 1 749
L  2 1
 385293.871560613 4947079.559848804
 385304.69705524103 4947084.737557376
 1 750
L  2 1
 385346.4255909222 4947039.950020638
 385336.94919538376 4947032.588096461
 1 751
L  2 1
 385362.7552128338 4946993.695903346
 385374.62308374426 4946995.471752454
 1 752
L  2 1
 385958.477644884 4946890.086401363
 385958.40493813297 4946878.086621626
 1 753
L  2 1
 386004.8636621175 4946883.769718216
 386010.2953648545 4946894.470026874
 1 754
L  2 1
 386201.95584708144 4946887.392037232
 386201.96018276055 4946875.392038017
 1 755
L  2 1
 386251.1507174737 4946877.409810946
 386251.14638190635 4946889.409810164
 1 756
L  2 1
 386377.4121570786 4946893.605984348
 386378.61056830746 4946881.6659755325
 1 757
L  2 1
 386427.436375031 4946874.566160891
 386426.23796381394 4946886.506169708
 1 758
L  2 1
 386578.9817158898 4946892.843580717
 386573.6188198352 4946882.1086216625
 1 759
L  2 1
 386623.4004640892 4946876.119814764
 386626.8446428589 4946887.614928187
 1 760
L  2 1
 382689.90276729106 4946824.280009906
 382683.913077845 4946813.8817590745
 1 761
L  2 1
 382723.71730278316 4946786.027776947
 382729.9810387759 4946796.263284331
 1 762
L  2 1
 382796.6379459223 4946744.962587988
 382788.4713542247 4946736.170160562
 1 763
L  2 1
 382830.94974819396 4946709.228878165
 382837.8049196111 4946719.078072285
 1 764
L  2 1
 415289.57614523335 4965349.946477133
 415293.7372328347 4965338.6910184575
 1 765
L  2 1
 415322.89534159284 4965347.780358726
 415321.26945443416 4965359.669702314
 1 766
L  2 1
 415286.93605089316 4965348.064208185
 415296.3455915499 4965340.617024515
 1 767
L  2 1
 415266.8683016001 4965377.4018647475
 415257.1265082569 4965370.394906602
 1 768
L  2 1
 396541.4144221312 4980359.830995716
 396531.4198660128 4980366.472444955
 1 769
L  2 1
 396502.1393070391 4980316.308457724
 396513.19273473194 4980311.637083597
 1 770
L  2 1
 402627.2347270583 4978605.030457152
 402623.4119626577 4978616.405274617
 1 771
L  2 1
 402561.50236123014 4978600.418002577
 402559.6355596168 4978588.564098083
 1 772
L  2 1
 402349.1513668532 4978538.606385984
 402346.48003722477 4978550.305274735
 1 773
L  2 1
 402309.2707935653 4978543.909608867
 402314.4213952307 4978533.071190972
 1 774
L  2 1
 402317.77107557177 4978539.068866977
 402305.84162030916 4978537.769599053
 1 775
L  2 1
 402306.9074492916 4978513.803091089
 402318.90726211335 4978513.73606689
 1 776
L  2 1
 408615.46731724974 4977114.634015935
 408604.4450818873 4977119.378520926
 1 777
L  2 1
 408582.1431067676 4977071.656696118
 408593.88909586245 4977069.2007359825
 1 778
L  2 1
 408573.99947269016 4977022.6718126545
 408562.0006071718 4977022.8368165055
 1 779
L  2 1
 408492.22827926377 4976937.074741525
 408499.6202099702 4976927.6217335155
 1 780
L  2 1
 413941.2255947752 4960462.529364797
 413932.9640128158 4960453.826131863
 1 781
L  2 1
 413980.3807096191 4960424.760722063
 413985.00857915793 4960435.8324348265
 1 782
L  2 1
 414001.370870571 4960432.594768763
 414005.59841773205 4960421.364103377
 1 783
L  2 1
 414069.17581827164 4960434.408904403
 414063.9084457544 4960445.191055708
 1 784
L  2 1
 412783.7747978309 4960095.169061879
 412789.5818796411 4960084.667738112
 1 785
L  2 1
 412865.42926063767 4960137.314364523
 412853.77731858037 4960140.183553658
 1 786
L  2 1
 412017.16923729226 4972360.554208315
 412011.1444681088 4972370.932173255
 1 787
L  2 1
 411940.11661735777 4972348.235719024
 411941.68062058225 4972336.338076656
 1 788
L  2 1
 411925.3065898248 4972328.448373567
 411920.3244503552 4972339.365254363
 1 789
L  2 1
 411869.8804784303 4972323.033729108
 411872.59927044273 4972311.345779331
 1 790
L  2 1
 382102.29981012776 4947423.852273746
 382094.1173413492 4947415.074620034
 1 791
L  2 1
 382214.7626917512 4947336.895445197
 382225.5433523638 4947342.1658680225
 1 792
L  2 1
 404026.12646787293 4974870.045656216
 404037.81494979205 4974872.762159563
 1 793
L  2 1
 404034.13918380294 4974905.480851197
 404022.200389647 4974904.270399173
 1 794
L  2 1
 382207.883047674 4957898.567003901
 382219.88072940387 4957898.331137179
 1 795
L  2 1
 382220.73102994816 4957976.360609468
 382208.7695126709 4957975.400346782
 1 796
L  2 1
 382213.3107993542 4958228.8279929925
 382225.2253324968 4958227.398342688
 1 797
L  2 1
 382229.60947712034 4958301.7801244
 382219.1587318516 4958307.677744541
 1 798
L  2 1
 414650.36884770746 4965865.150798422
 414661.97722290055 4965868.1914604185
 1 799
L  2 1
 414636.13660570135 4965913.375018068
 414626.58219456667 4965906.114630483
 1 800
L  2 1
 414955.57426016626 4959998.698424487
 414949.85656851775 4959988.148163722
 1 801
L  2 1
 414968.62274281785 4959976.783739756
 414975.3200772621 4959986.740933704
 1 802
L  2 1
 382224.884966657 4958310.753754106
 382224.03213628597 4958298.7840974545
 1 803
L  2 1
 382261.13743642 4958298.520379723
 382261.34321839997 4958310.518615167
 1 804
L  2 1
 382207.4091408606 4958310.699674973
 382208.5115833043 4958298.750423087
 1 805
L  2 1
 382223.0406514726 4958298.930304672
 382225.67915152543 4958310.63664131
 1 806
L  2 1
 382857.06138430047 4958308.539614476
 382855.7743843016 4958296.608829465
 1 807
L  2 1
 382890.9170516335 4958298.263919973
 382891.2147523575 4958310.260226666
 1 808
L  2 1
 382893.46238396 4958328.045815032
 382881.5472848279 4958329.470740529
 1 809
L  2 1
 382885.7242866768 4958301.627745322
 382896.4628560092 4958306.983408558
 1 810
L  2 1
 382891.9689028875 4958310.200097435
 382890.36196966056 4958298.308177254
 1 811
L  2 1
 382916.2405528225 4958296.362160424
 382915.3661703345 4958308.330261996
 1 812
L  2 1
 416068.10558064934 4966807.65240703
 416077.1125634536 4966799.72307788
 1 813
L  2 1
 416102.0976675426 4966856.737874437
 416090.68039511546 4966853.043840013
 1 814
L  2 1
 416352.56265257654 4967241.393522168
 416363.2474321655 4967235.931335323
 1 815
L  2 1
 416399.19744363095 4967272.384046944
 416392.28869710496 4967282.195734946
 1 816
L  2 1
 402295.02051631134 4978941.453890081
 402283.75437399064 4978937.321815879
 1 817
L  2 1
 402307.792657408 4978879.481272114
 402319.7911374319 4978879.290282285
 1 818
L  2 1
 383429.9420272323 4957917.444721334
 383417.95283479063 4957916.935541015
 1 819
L  2 1
 383414.54693210655 4957864.290431998
 383426.53701028443 4957863.8025536435
 1 820
L  2 1
 383573.68728769216 4957100.458668967
 383563.14026660175 4957094.735003523
 1 821
L  2 1
 383592.52017613733 4957050.816911904
 383601.7248529757 4957058.515867956
 1 822
L  2 1
 402157.5268036207 4975291.481075478
 402166.45865097427 4975283.467206071
 1 823
L  2 1
 402250.3455005721 4975276.587542078
 402254.8350041718 4975287.716080052
 1 824
L  2 1
 402465.5059051288 4975215.349643254
 402464.0298414703 4975203.440771096
 1 825
L  2 1
 402643.2599499788 4975150.427380687
 402649.80045986327 4975160.488281762
 1 826
L  2 1
 402780.7882077841 4975113.467251906
 402779.72749301785 4975101.514223663
 1 827
L  2 1
 402830.73474869237 4975081.069434777
 402832.89258025563 4975092.873830693
 1 828
L  2 1
 403043.1122847134 4975082.991494284
 403047.08727501554 4975071.668974596
 1 829
L  2 1
 403140.4191268304 4975106.552154446
 403132.8009341366 4975115.823785374
 1 830
L  2 1
 403143.5331246049 4975125.5846461505
 403149.21503212914 4975115.015070621
 1 831
L  2 1
 403224.46137779165 4975107.475681394
 403230.3067003593 4975117.955767466
 1 832
L  2 1
 412686.44152997696 4953154.873186035
 412687.041621157 4953166.858172083
 1 833
L  2 1
 412638.5821217598 4953174.253579439
 412639.0450169461 4953162.262510761
 1 834
L  2 1
 414344.5280767011 4964394.410229088
 414348.6088987149 4964383.1254210835
 1 835
L  2 1
 414399.3408610029 4964394.56860648
 414396.57625541114 4964406.2458045995
 1 836
L  2 1
 414969.39663677197 4964587.971397796
 414975.0053683531 4964577.362810235
 1 837
L  2 1
 415038.2069261063 4964574.570475611
 415042.9384757387 4964585.598278568
 1 838
L  2 1
 414576.3329177448 4964439.057904655
 414581.44830669713 4964428.202823086
 1 839
L  2 1
 414702.0455263817 4964445.644223846
 414699.1296583923 4964457.284572375
 1 840
L  2 1
 414723.2400385672 4964457.872247975
 414719.7559117598 4964446.389179554
 1 841
L  2 1
 414776.8825589343 4964432.472969749
 414775.5284272827 4964444.39632194
 1 842
L  2 1
 415230.6820342885 4965409.882800651
 415241.26048404357 4965415.548169198
 1 843
L  2 1
 415203.007639522 4965470.629297033
 415192.97438666195 4965464.046452887
 1 844
L  2 1
 414714.9459982677 4966168.8963542
 414726.78604571434 4966166.94359296
 1 845
L  2 1
 414739.6913720924 4966227.646464339
 414727.69646423863 4966227.996014879
 1 846
L  2 1
 414890.8409982152 4966401.470191919
 414895.87118214386 4966390.575365181
 1 847
L  2 1
 414991.7779859059 4966482.737028734
 414984.5404473272 4966492.308759785
 1 848
L  2 1
 416224.54468367295 4967109.734616027
 416234.075585642 4967102.443394753
 1 849
L  2 1
 416281.09313430014 4967135.673372134
 416273.9172795519 4967145.291433717
 1 850
L  2 1
 416498.69095955085 4967595.226554926
 416494.56587426615 4967583.957851744
 1 851
L  2 1
 416583.9813680675 4967622.520125034
 416591.6247524146 4967631.770999356
 1 852
L  2 1
 412068.46701737924 4950759.477489782
 412080.46460386075 4950759.236826909
 1 853
L  2 1
 412046.5586743824 4950794.922420304
 412040.9002507776 4950784.340254065
 1 854
L  2 1
 373611.7121525561 4948154.782894433
 373611.1239797689 4948142.797317568
 1 855
L  2 1
 373701.43800580344 4948109.128721413
 373702.35622306954 4948121.093539718
 1 856
L  2 1
 375403.61042116996 4946921.044111421
 375401.95678878104 4946909.158595029
 1 857
L  2 1
 375447.86635147774 4946889.360579601
 375453.92728750926 4946899.717463998
 1 858
L  2 1
 376741.7804943057 4947012.704896738
 376738.0119518553 4947001.312000363
 1 859
L  2 1
 376803.01435464673 4946978.867307731
 376805.8101254593 4946990.537083459
 1 860
L  2 1
 421159.326308182 4951380.970543879
 421168.8809642331 4951388.23060915
 1 861
L  2 1
 421160.77863344137 4951413.228555441
 421149.73436191765 4951417.921535999
 1 862
L  2 1
 428103.19064831 4951613.383486941
 428109.613145681 4951603.246844128
 1 863
L  2 1
 428157.8493309758 4951634.333733429
 428153.94961414323 4951645.682398929
 1 864
L  2 1
 378027.6517411106 4951435.358745216
 378017.57761311845 4951441.878863712
 1 865
L  2 1
 377998.215581475 4951414.088457874
 378008.546814594 4951407.983900377
 1 866
L  2 1
 422450.10642973136 4953617.156507723
 422451.54241928365 4953629.070278496
 1 867
L  2 1
 422406.80413281603 4953595.91817045
 422418.68900188897 4953594.259892089
 1 868
L  2 1
 422793.6307399595 4953787.367063921
 422781.6307400015 4953787.3680682
 1 869
L  2 1
 422780.49219880026 4953677.854415196
 422792.4546180488 4953678.803375534
 1 870
L  2 1
 418348.0624042702 4949972.217752162
 418343.6867386087 4949961.043963637
 1 871
L  2 1
 418353.2909321424 4949957.584531172
 418355.67251817463 4949969.345825658
 1 872
L  2 1
 417912.43533020274 4950090.462655874
 417910.10827105324 4950078.690451505
 1 873
L  2 1
 418009.24941392645 4950036.195895845
 418014.40110035654 4950047.033798175
 1 874
L  2 1
 374333.0504426018 4946520.48497017
 374344.3236345742 4946516.372167871
 1 875
L  2 1
 374377.12835310755 4946587.211845206
 374365.44085218845 4946589.932566116
 1 876
L  2 1
 373188.7478682739 4948024.105884092
 373199.4502296952 4948018.678227138
 1 877
L  2 1
 373227.1691702569 4948061.92349961
 373218.74977814016 4948070.47416253
 1 878
L  2 1
 373215.98221189674 4948079.441728543
 373208.56975820725 4948070.004804769
 1 879
L  2 1
 373219.1964480513 4948061.58926673
 373226.7158229347 4948070.94121847
 1 880
L  2 1
 374263.0236190567 4946782.056962938
 374267.82044492627 4946771.057396512
 1 881
L  2 1
 374325.762264264 4946794.307789263
 374320.234610864 4946804.9588477975
 1 882
L  2 1
 418341.8449846817 4949971.136625639
 418349.8852772063 4949962.228556481
 1 883
L  2 1
 418345.18214046117 4950047.789517528
 418334.18325353786 4950052.587901262
 1 884
L  2 1
 418332.17490111146 4950215.717211602
 418344.16784981854 4950216.128528157
 1 885
L  2 1
 418344.6283089738 4950399.579624588
 418332.6536264002 4950400.358712042
 1 886
L  2 1
 418337.45330331015 4950580.961364327
 418349.41368586087 4950581.935658554
 1 887
L  2 1
 418349.3786687066 4950648.054207419
 418337.46228654747 4950649.468363081
 1 888
L  2 1
 418338.7693964372 4950746.123878578
 418350.6885709148 4950744.733454263
 1 889
L  2 1
 418353.2629019995 4950802.84610613
 418341.2645214015 4950803.0432432005
 1 890
L  2 1
 420329.05992473796 4949515.4935465995
 420318.0066567951 4949520.16529871
 1 891
L  2 1
 420284.6889829888 4949441.336381771
 420295.7422508892 4949436.66462956
 1 892
L  2 1
 420864.75642762484 4949579.90470173
 420865.4311660201 4949591.885717051
 1 893
L  2 1
 420792.5890079875 4949595.502388153
 420790.8900863024 4949583.623260867
 1 894
L  2 1
 420145.4364042518 4948361.968418723
 420142.58936225314 4948373.625792006
 1 895
L  2 1
 420088.3907444046 4948360.1828606585
 420090.0148556184 4948348.293274342
 1 896
L  2 1
 418523.4522621449 4949949.914172689
 418525.1431821402 4949938.033903771
 1 897
L  2 1
 418580.975165526 4949934.261989046
 418578.024305443 4949945.893516235
 1 898
L  2 1
 430417.5871749351 4946517.426046869
 430411.71113249887 4946506.963154091
 1 899
L  2 1
 430502.5273446605 4946467.445377303
 430507.33291168057 4946478.441127647
 1 900
L  2 1
 430511.29961054533 4946476.707526845
 430506.49404253665 4946465.711776934
 1 901
L  2 1
 430560.6489906439 4946440.952639593
 430565.45455865003 4946451.948389506
 1 902
L  2 1
 421575.95566431637 4945119.60695113
 421578.5592034697 4945131.321112811
 1 903
L  2 1
 421504.1046505479 4945133.129717735
 421505.04481689114 4945121.166604125
 1 904
L  2 1
 421436.80391282623 4945123.027746539
 421439.69462170184 4945134.674368461
 1 905
L  2 1
 421368.0688817597 4945137.679734967
 421367.9862234543 4945125.680019653
 1 906
L  2 1
 424768.5279651653 4950746.381285393
 424780.5187706066 4950746.850950028
 1 907
L  2 1
 424779.36383155594 4950775.79183903
 424767.53639549704 4950773.7640924305
 1 908
L  2 1
 424768.9951060611 4950778.85597074
 424777.9547463099 4950770.87318635
 1 909
L  2 1
 424781.16743450274 4950799.434427048
 424769.1678470952 4950799.5339360805
 1 910
L  2 1
 424777.3686113805 4950770.290553107
 424769.4396568485 4950779.297865693
 1 911
L  2 1
 424793.73557781545 4950753.448529185
 424791.7633058146 4950765.285342234
 1 912
L  2 1
 422757.58766991267 4951556.768956031
 422766.0725001784 4951565.254688489
 1 913
L  2 1
 422756.0384773008 4951589.625026866
 422744.1084013552 4951588.331470554
 1 914
L  2 1
 410887.8275055556 4951081.886569617
 410891.92921938736 4951070.609338412
 1 915
L  2 1
 410975.80279348424 4951101.798042208
 410970.6105638658 4951112.616579613
 1 916
L  2 1
 411187.85894275206 4951160.7191320015
 411188.30035679595 4951148.727253349
 1 917
L  2 1
 411207.3451528707 4951151.744295216
 411204.37012250425 4951163.369663783
 1 918
L  2 1
 378219.3132405884 4946036.034558618
 378216.40987898153 4946024.391084421
 1 919
L  2 1
 378313.9166702803 4946039.185805542
 378310.6749626447 4946050.739650426
 1 920
L  2 1
 384286.58954933344 4947209.40809078
 384289.97402569663 4947197.89525795
 1 921
L  2 1
 384358.33133182366 4947233.39263856
 384350.7790139444 4947242.7180069
 1 922
L  2 1
 382569.1071377213 4946830.465334451
 382561.3462676587 4946821.312799508
 1 923
L  2 1
 382575.6087553582 4946821.798489637
 382565.4498221508 4946828.185670243
 1 924
L  2 1
 382564.86582613154 4946826.938492998
 382576.27692018356 4946823.225417112
 1 925
L  2 1
 382660.73151286406 4946819.347814957
 382660.32985362894 4946831.341090983
 1 926
L  2 1
 409432.51206461195 4977514.685453359
 409423.6440860001 4977522.769941922
 1 927
L  2 1
 409328.4704818827 4977437.44122517
 409339.4263178563 4977432.545343419
 1 928
L  2 1
 414739.62012102007 4960248.536024339
 414730.1165377879 4960241.209230651
 1 929
L  2 1
 414765.0887374843 4960192.605335095
 414775.3152631797 4960198.883724394
 1 930
L  2 1
 382240.21253031207 4947351.433053678
 382235.46433327586 4947362.453699073
 1 931
L  2 1
 382212.1190656602 4947314.685345922
 382224.1190080678 4947314.648167759
 1 932
L  2 1
 413003.58439864067 4953276.549304185
 412993.2561087443 4953282.658839995
 1 933
L  2 1
 412952.12855051766 4953194.323894068
 412963.46236676635 4953190.381228822
 1 934
L  2 1
 414700.05097909516 4959939.05279753
 414704.8743767928 4959928.06485711
 1 935
L  2 1
 414752.73454951495 4959915.499212617
 414758.56096824515 4959925.989820072
 1 936
L  2 1
 416815.8632049594 4967672.230665012
 416813.5538541667 4967660.454973997
 1 937
L  2 1
 416894.3534461525 4967658.017332905
 416887.69212854747 4967667.998657855
 1 938
L  2 1
 415350.5646251741 4964964.751775152
 415362.5206288789 4964963.725142107
 1 939
L  2 1
 415387.1340423024 4965029.984376199
 415375.9757783456 4965034.399480441
 1 940
L  2 1
 414732.5317927496 4966258.685352035
 414744.5249962394 4966258.281532705
 1 941
L  2 1
 414882.4242693865 4966382.59936318
 414875.1068735924 4966392.110184321
 1 942
L  2 1
 378008.07777710847 4951414.695169177
 377998.69609976356 4951407.2129148245
 1 943
L  2 1
 378010.44390519423 4951391.6586344335
 378020.23071141477 4951398.602583166
 1 944
L  2 1
 372837.9985395628 4948284.392383768
 372835.09808186325 4948272.748185852
 1 945
L  2 1
 372944.786222713 4948232.845711294
 372949.061708859 4948244.058214056
 1 946
L  2 1
 424610.3674481458 4950396.211509978
 424615.11130382813 4950407.234024812
 1 947
L  2 1
 424610.32831521076 4950426.646347146
 424598.66927215527 4950423.806150843
 1 948
L  2 1
 374014.8405861877 4946881.8396612145
 374010.4466912873 4946870.673028436
 1 949
L  2 1
 374118.20569275535 4946812.760613279
 374128.91053372965 4946818.183378231
 1 950
L  2 1
 374156.4246943129 4946779.595436307
 374148.7603276781 4946770.361938374
 1 951
L  2 1
 374249.10669620015 4946764.286813992
 374245.66481300286 4946775.782614968
 1 952
L  2 1
 422767.68710830045 4951559.523642392
 422756.0203726455 4951562.332072408
 1 953
L  2 1
 422783.66048124013 4951543.351195484
 422783.8750004058 4951555.349277895
 1 954
L  2 1
 410791.23887940036 4951018.366177531
 410803.22998479364 4951017.904234409
 1 955
L  2 1
 410866.3006643802 4951061.330511401
 410861.0964288479 4951072.143278508
 1 956
L  2 1
 411250.1128219464 4951106.768757279
 411257.7550095746 4951116.020620241
 1 957
L  2 1
 411211.82518244325 4951158.5525781205
 411200.00417861773 4951156.487664429
 1 958
L  2 1
 411496.1328578471 4950918.06028046
 411502.1809490369 4950928.424671081
 1 959
L  2 1
 411457.4331984594 4950962.253904315
 411450.7165984156 4950952.309695756
 1 960
L  2 1
 414918.52496647974 4959964.337137829
 414927.45298821316 4959956.31900663
 1 961
L  2 1
 414955.65785709623 4959988.242898181
 414949.5987365278 4959998.600844789
 1 962
L  2 1
 408365.09477628843 4977540.145018894
 408357.71711549856 4977549.609168157
 1 963
L  2 1
 408296.43936160044 4977467.003410324
 408308.2891146415 4977465.110435717
 1 964
L  2 1
 414845.6609130351 4964504.792040688
 414852.76931442897 4964495.124019711
 1 965
L  2 1
 414920.45012399956 4964541.433297454
 414912.1240787764 4964550.074881275
 1 966
L  2 1
 414544.70250904263 4965835.101996662
 414551.01942179137 4965824.899221877
 1 967
L  2 1
 414622.08559238457 4965917.481525316
 414611.21428583644 4965922.562341583
 1 968
L  2 1
 400703.0550065918 4971737.256381366
 400692.01865962223 4971732.544795055
 1 969
L  2 1
 400704.46284141165 4971709.444480146
 400714.1229163843 4971716.563676135
 1 970
L  2 1
 402708.3880739405 4955627.360936992
 402710.11286865245 4955615.485538758
 1 971
L  2 1
 402736.108043293 4955623.5227967445
 402732.530702892 4955634.977168646
 1 972
L  2 1
 399748.9455542032 4975821.363535361
 399740.82159644976 4975812.5317003075
 1 973
L  2 1
 399754.8912262998 4975801.154576687
 399761.56377831614 4975811.128394892
 1 974
L  2 1
 411631.71271648456 4971775.8472209545
 411631.5475905334 4971763.848357116
 1 975
L  2 1
 411651.68694118416 4971763.417719923
 411652.08927834587 4971775.410973227
 1 976
L  2 1
 400532.3401117298 4950429.472885698
 400544.32947433216 4950428.967727911
 1 977
L  2 1
 400554.59358302987 4950469.864545391
 400552.8302694632 4950481.73428529
 1 978
L  2 1
 400964.22946808295 4950447.300062225
 400961.44571043405 4950435.627414995
 1 979
L  2 1
 401012.8248595455 4950433.312494501
 401012.06944633153 4950445.28869385
 1 980
L  2 1
 402310.7016660829 4975276.329306361
 402298.89641114307 4975274.176179378
 1 981
L  2 1
 402311.79090441286 4975247.331752707
 402320.8753928072 4975255.172165363
 1 982
L  2 1
 402311.8311432698 4975255.143386095
 402320.96534438524 4975247.360946246
 1 983
L  2 1
 402335.48194801883 4975241.872686958
 402338.9865336011 4975253.349527983
 1 984
L  2 1
 377484.22730165365 4946546.08054052
 377473.1751440883 4946541.406162149
 1 985
L  2 1
 377484.7200542842 4946519.439383171
 377495.5813868118 4946524.54148624
 1 986
L  2 1
 377490.5511840076 4946527.933392891
 377489.89262391237 4946515.951477409
 1 987
L  2 1
 377508.8503822 4946513.238355453
 377511.75571892806 4946524.881336966
 1 988
L  2 1
 424148.35313045006 4951754.806006318
 424136.43713233894 4951753.3886182215
 1 989
L  2 1
 424137.1584426014 4951733.17404264
 424149.1568578486 4951732.97902583
 1 990
L  2 1
 424140.50819208566 4951738.410514897
 424145.89484205237 4951727.687455533
 1 991
L  2 1
 424141.63368013187 4951706.85318373
 424153.54068429314 4951708.34424104
 1 992
L  2 1
 430576.1494526602 4947854.771236349
 430585.2765566938 4947862.561998311
 1 993
L  2 1
 430578.6407184617 4947875.759320936
 430566.8310694463 4947873.630426825
 1 994
L  2 1
 374398.2767654839 4946801.111646069
 374410.21599403606 4946799.9054862205
 1 995
L  2 1
 374414.6995814195 4946835.046898014
 374402.7823810224 4946836.454141666
 1 996
L  2 1
 421499.188534889 4948351.477473395
 421497.6691849559 4948339.574046334
 1 997
L  2 1
 421532.96799164225 4948346.617339907
 421520.9757093738 4948346.187030723
 1 998
L  2 1
 404027.656203411 4974910.90398934
 404028.7728490469 4974898.956056359
 1 999
L  2 1
 404054.0151008923 4974901.9143594075
 404051.4308192417 4974913.632784573
 1 1000
L  2 1
 399976.48821198544 4949371.205880781
 399988.4045679525 4949369.791504429
 1 1001
L  2 1
 399988.5560057122 4949421.868538138
 399976.5560918748 4949421.914012262
 1 1002
L  2 1
 399975.7379115094 4949371.095750127
 399987.6677596056 4949369.800094154
 1 1003
L  2 1
 399988.25238215685 4949421.261755005
 399976.3225340471 4949422.557410854
 1 1004
L  2 1
 412633.4750617215 4953165.421721651
 412644.0041803145 4953171.178253737
 1 1005
L  2 1
 412634.2470800657 4953192.832059346
 412622.9385269562 4953188.817507494
 1 1006
L  2 1
 421156.3053195924 4951421.532333075
 421154.34544120164 4951409.693461646
 1 1007
L  2 1
 421179.92813459 4951421.44548127
 421174.75699730805 4951432.27411642
 1 1008
L  2 1
 424615.5491609906 4950371.171570735
 424627.5485862564 4950371.289015574
 1 1009
L  2 1
 424618.1276875312 4950404.434562959
 424607.4891835449 4950398.882785501
 1 1010
L  2 1
 418305.8649860394 4949978.243430214
 418306.04010679555 4949966.244708085
 1 1011
L  2 1
 418346.26617527223 4949960.664901116
 418345.2901840028 4949972.625145304
 1 1012
L  2 1
 373224.9739501239 4948071.89842067
 373221.11093054106 4948060.53721124
 1 1013
L  2 1
 373228.6795841052 4948057.963730163
 373232.5426047878 4948069.324939218
 1 1014
L  2 1
 411202.4817706504 4951162.496507275
 411209.41202039056 4951152.699995725
 1 1015
L  2 1
 411222.2069984306 4951161.767543453
 411215.2485909084 4951171.544074778
 1 1016
L  2 1
 382564.1848301469 4946827.106424872
 382567.6272270971 4946815.610777728
 1 1017
L  2 1
 382574.51324198494 4946820.524202592
 382566.52394674014 4946829.478037608
 1 1018
L  2 1
 402732.0988327616 4955634.819837906
 402736.7276275724 4955623.748511943
 1 1019
L  2 1
 402754.8074150987 4955633.382866395
 402747.9093684763 4955643.2020798465
 1 1020
L  2 1
 411603.6028754457 4971774.6319385115
 411603.3616694194 4971762.634362938
 1 1021
L  2 1
 411637.31584136205 4971768.086535188
 411625.81590803195 4971771.514586152
 1 1022
L  2 1
 421521.0357830832 4948345.565086919
 421532.8887244648 4948347.437993911
 1 1023
L  2 1
 421515.63552160404 4948377.444784825
 421503.6818469809 4948378.498190257
 1 1024