L  762 1
 215307.60125242945 5197951.221657879
 215307.05668207334 5197941.237308846
 215306.51211171708 5197931.252959796
 215305.96754136035 5197921.268610755
 215305.42297100413 5197911.284261707
 215304.87840064752 5197901.299912659
 215304.33383029117 5197891.315563616
 215303.7892599343 5197881.3312145695
 215303.2446895783 5197871.346865535
 215301.70160334744 5197861.416977932
 215303.1540647391 5197851.323705993
 215303.60801025605 5197841.284895489
 215301.06640815217 5197831.409469358
 215300.52183779632 5197821.425120315
 215299.97726743916 5197811.440771268
 215299.4326970833 5197801.456422225
 215299.88664259997 5197791.417611726
 215298.3435563703 5197781.487724136
 215299.79601776117 5197771.394452185
 215297.25441565717 5197761.519026048
 215298.70687704816 5197751.425754095
 215297.163790818 5197741.495866505
 215297.6177363352 5197731.4570560055
 215297.0731659789 5197721.472706969
 215295.53007974816 5197711.5428193705
 215295.98402526588 5197701.504008879
 215295.43945490976 5197691.519659833
 215295.89340042663 5197681.480849338
 215295.34883007067 5197671.496500297
 215294.80425971388 5197661.512151248
 215293.99251375676 5197651.710849774
 215292.91392187908 5197641.7700036215
 215291.8353300007 5197631.829157463
 215290.7567381221 5197621.888311311
 215289.6781462437 5197611.947465153
 215290.58788483 5197601.790883129
 215290.503458183 5197591.742169039
 215288.43070107288 5197581.909190824
 215288.346274427 5197571.860476735
 215287.267682548 5197561.91963058
 215286.7232388155 5197551.94102825
 215286.392758703 5197541.947301935
 215287.06173226764 5197531.920524933
 215285.7317984785 5197521.959849315
 215284.40186468983 5197511.999173697
 215284.0713845778 5197502.005447381
 215284.7403581425 5197491.978670375
 215283.41042435335 5197482.017994758
 215284.0793979175 5197471.991217755
 215282.74946412884 5197462.030542137
 215282.41898401684 5197452.036815816
 215282.08850390484 5197442.043089507
 215281.75802379235 5197432.049363197
 215281.4275436804 5197422.055636887
 215281.0970635678 5197412.061910571
 215279.76712977915 5197402.101234947
 215279.43664966716 5197392.107508637
 215278.10671587847 5197382.146833018
 215277.77623576607 5197372.153106712
 215277.4457556535 5197362.159380388
 215277.1152755415 5197352.165654078
 215274.7858880761 5197342.23802915
 215275.45486164084 5197332.21125215
 215274.1249278517 5197322.250576529
 215275.79335509308 5197312.19074883
 215273.46396762712 5197302.263123901
 215274.13294119175 5197292.2363469
 215274.80191475648 5197282.209569898
 215271.47307361447 5197272.314995653
 215272.1420471788 5197262.288218655
 215271.81156706612 5197252.294492341
 215271.395733332 5197242.374754428
 215271.92325330683 5197232.339541153
 215268.45522023604 5197222.492890492
 215269.981628472 5197212.41053657
 215267.51248366185 5197202.516745253
 215268.0400036366 5197192.481531977
 215267.5686353496 5197182.493459357
 215266.098378802 5197172.552527402
 215265.62701051505 5197162.564454783
 215264.15675396653 5197152.623522813
 215265.68316220277 5197142.541168885
 215264.212905655 5197132.600236922
 215264.74042562957 5197122.56502365
 215263.27016908105 5197112.624091683
 215263.6780905391 5197102.677187993
 215262.0725622369 5197092.757205051
 215262.46334088503 5197082.7157372935
 215261.8559660589 5197072.735011949
 215261.24859123197 5197062.754286599
 215260.6412164049 5197052.77356125
 215259.0356881029 5197042.853578309
 215258.4283132761 5197032.872852958
 215258.81909192415 5197022.831385198
 215258.21171709715 5197012.850659848
 215257.6043422703 5197002.869934493
 215256.9969674433 5196992.889209143
 215255.3914391412 5196982.969226201
 215254.78406431395 5196972.988500841
 215255.17484296297 5196962.9470330905
 215255.56562161105 5196952.905565332
 215254.958246784 5196942.924839981
 215254.350871957 5196932.944114631
 215252.7453436549 5196923.024131689
 215252.1379688279 5196913.043406339
 215252.52874747623 5196903.00193858
 215252.91952612452 5196892.960470817
 215251.31399782244 5196883.040487875
 215251.70477647052 5196872.999020116
 215250.0992481684 5196863.079037174
 215250.4900268173 5196853.03756942
 215249.88265199028 5196843.056844071
 215248.277123688 5196833.136861121
 215245.67344191085 5196823.277620588
 215247.062374034 5196813.175410421
 215246.45499920705 5196803.194685071
 215245.84762438 5196793.213959721
 215245.24024955323 5196783.233234366
 215244.63287472623 5196773.252509017
 215243.0273464243 5196763.332526072
 215244.41627854755 5196753.230315906
 215243.80890372128 5196743.249590561
 215243.2015288943 5196733.268865211
 215242.5959455999 5196723.261397989
 215241.0612387027 5196713.32807622
 215241.5240331679 5196703.289669772
 215240.98826413983 5196693.304844572
 215239.4539316187 5196683.373600619
 215241.9138530696 5196673.228031674
 215238.38239356197 5196663.403950225
 215236.8480610407 5196653.472706271
 215236.31229201253 5196643.487881078
 215235.61541944172 5196633.635132827
 215234.87749876973 5196623.663209447
 215234.13957809677 5196613.691286077
 215233.40165742475 5196603.719362697
 215232.6637367527 5196593.747439332
 215228.93399646183 5196583.996910111
 215228.19607578937 5196574.02498673
 215228.45542832403 5196563.979265318
 215227.7175076505 5196554.007341929
 215227.976860185 5196543.961620514
 215227.2389395116 5196533.989697128
 215227.49829204576 5196523.943975707
 215226.7603713737 5196513.972052332
 215224.02799749956 5196504.155517313
 215225.16435740463 5196494.117751886
 215223.2980153027 5196484.243515211
 215223.4240862241 5196474.195237317
 215222.55416114524 5196464.154913796
 215222.05971147347 5196454.007057149
 215221.5883877852 5196444.019003818
 215220.11812936945 5196434.078079853
 215222.54316096427 5196421.996033364
 215227.21999903044 5196411.046801872
 215233.55876248024 5196403.24911884
 215239.89752593 5196395.451435808
 215246.16871443563 5196387.692548868
 215251.5271905856 5196379.250362177
 215255.19709247287 5196369.736393356
 215261.39985575373 5196361.830097735
 215267.60261903572 5196353.923802115
 215273.8053823257 5196346.017506488
 215277.47528420147 5196336.503537677
 215282.94146976536 5196328.0537991
 215287.5713779472 5196319.134845536
 215293.87585989232 5196311.309419613
 215300.1803418168 5196303.483993728
 215306.48482373304 5196295.65856785
 215311.11473191855 5196286.739614282
 215317.41921385349 5196278.914188375
 215323.7236957789 5196271.088762486
 215328.35360396 5196262.16980892
 215334.6580858868 5196254.34438303
 215340.12528094847 5196245.972193289
 215344.75518913748 5196237.053239714
 215351.0596710574 5196229.22781383
 215355.6895792432 5196220.308860261
 215361.15677430932 5196211.936670512
 215367.441358416 5196204.104125297
 215372.0494310539 5196195.173870583
 215378.33474792147 5196187.3330431525
 215383.7814426715 5196178.947502082
 215389.22813741697 5196170.561961027
 215394.67483216643 5196162.176419958
 215400.1215269164 5196153.790878887
 215406.40684378103 5196145.950051461
 215410.01816944644 5196136.4725111965
 215416.0864856369 5196128.462559824
 215423.00802136 5196120.97416039
 215428.2231180365 5196112.442657045
 215433.438214713 5196103.9111537
 215438.65331138897 5196095.37965035
 215444.72162758576 5196087.369698967
 215450.7899437834 5196079.359747579
 215454.2986014175 5196069.7851403095
 215461.22013714063 5196062.2967408765
 215466.4352338116 5196053.76523754
 215470.79711096748 5196044.712182227
 215475.9986407378 5196036.281791102
 215482.93867394477 5196029.054126341
 215488.3341295795 5196020.576341179
 215492.94356275385 5196011.480358079
 215498.339018388 5196003.002572919
 215504.5204964805 5195995.142985701
 215509.12992964036 5195986.047002615
 215515.3114077329 5195978.187415398
 215521.4928858454 5195970.327828147
 215525.48981910225 5195961.360578337
 215531.04554521025 5195953.046873377
 215537.43270925063 5195945.288786065
 215542.15699744347 5195936.419463436
 215548.5441614524 5195928.661376172
 215554.0998875604 5195920.347671212
 215559.65561368267 5195912.033966234
 215566.04277770585 5195904.275878942
 215570.7670658829 5195895.406556343
 215575.49135407424 5195886.537233717
 215581.04708019947 5195878.223528736
 215587.43424422276 5195870.465441445
 215591.3270944783 5195861.040501186
 215599.3771343412 5195854.393649217
 215604.10142254664 5195845.524326574
 215608.82571072225 5195836.655003977
 215614.38143683024 5195828.341299017
 215619.9371629556 5195820.027594036
 215627.15576489383 5195812.825124413
 215631.04861515437 5195803.400184146
 215636.60434126225 5195795.086479186
 215642.9915053041 5195787.328391871
 215647.22795146384 5195778.561850536
 215652.29477859483 5195769.941465077
 215659.08582264636 5195762.334527197
 215664.15264976668 5195753.71414175
 215669.21947689768 5195745.093756289
 215675.14841249128 5195736.9800946135
 215681.0773480696 5195728.866432961
 215687.00628365605 5195720.752771304
 215691.2110023364 5195711.625662028
 215697.1399379197 5195703.512000375
 215703.0688735035 5195695.398338715
 215708.55482781705 5195687.039909584
 215713.249990162 5195678.155134216
 215719.611665371 5195670.37613228
 215725.140084148 5195662.044243624
 215730.66850292505 5195653.71235497
 215736.196921702 5195645.38046632
 215742.5585969142 5195637.601464374
 215746.42050282395 5195628.163802296
 215752.78217803303 5195620.38480036
 215758.31059681 5195612.052911704
 215763.0057591549 5195603.168136336
 215769.3674343645 5195595.3891344
 215774.8958531415 5195587.057245744
 215780.42427191848 5195578.72535709
 215786.78594712832 5195570.946355152
 215791.4811094725 5195562.061579784
 215797.00952825003 5195553.72969113
 215802.537947027 5195545.397802476
 215808.066365804 5195537.065913824
 215813.594784581 5195528.73402517
 215819.123203358 5195520.402136516
 215824.65162213505 5195512.070247864
 215830.180040912 5195503.73835921
 215835.708459689 5195495.406470556
 215842.0701349012 5195487.627468614
 215846.76529724305 5195478.74269325
 215851.46046103264 5195469.857918474
 215858.65539492012 5195462.631805478
 215863.3505600255 5195453.7470315695
 215868.04572512992 5195444.862257663
 215874.4074027565 5195437.083257699
 215879.1000209006 5195428.199119966
 215886.28094751143 5195420.959087116
 215890.958897933 5195412.06523741
 215895.63684835428 5195403.171387705
 215902.81777496572 5195395.931354855
 215907.49572538648 5195387.037505145
 215912.17367580443 5195378.143655444
 215918.520277022 5195370.352350305
 215924.03255284 5195362.009772885
 215929.544828658 5195353.667195465
 215936.7257552693 5195346.427162609
 215941.40370568947 5195337.533312905
 215946.91598150745 5195329.190735485
 215952.4282573257 5195320.848158065
 215957.9405331437 5195312.505580645
 215963.45280896145 5195304.163003226
 215968.1307593825 5195295.26915352
 215973.642570063 5195286.926268785
 215979.15428878 5195278.583323295
 215984.666007497 5195270.240377805
 215990.1777262135 5195261.897432315
 215995.6894449305 5195253.554486815
 216001.207760119 5195245.215936525
 216005.95477023843 5195236.358754263
 216012.361801962 5195228.61706664
 216017.10881208145 5195219.759884384
 216023.51584380495 5195212.018196755
 216029.92287552537 5195204.276509136
 216034.669885648 5195195.419326875
 216040.24690657 5195187.119891935
 216046.65393829253 5195179.378204307
 216051.400948413 5195170.52102205
 216056.9779693345 5195162.22158711
 216062.554990256 5195153.922152165
 216067.30200037992 5195145.064969904
 216072.87902130064 5195136.7655349625
 216078.45604222265 5195128.466100023
 216084.0330631417 5195120.166665083
 216089.6100840624 5195111.867230143
 216095.1861314351 5195103.568060983
 216100.7568153808 5195095.264371253
 216106.3274993229 5195086.960681533
 216112.6921268515 5195079.19153543
 216117.6334697755 5195070.498612285
 216123.44417550912 5195062.299863501
 216127.66662250904 5195053.206482675
 216134.1163974101 5195045.5003691055
 216139.73926070804 5195037.231923594
 216146.18903560977 5195029.525810023
 216149.33116409063 5195019.570368736
 216155.1757716345 5195011.34866525
 216162.33480929048 5195004.296576016
 216167.19673118304 5194997.438337091
 216172.4652947407 5194988.3008046
 216178.7072375238 5194980.314726335
 216184.4919000929 5194972.071301826
 216195.3001036722 5194973.21380351
 216204.78952030023 5194967.187637862
 216215.08248422973 5194965.95016991
 216225.312692468 5194968.315769925
 216235.3007717135 5194967.844542066
 216245.24172434703 5194966.374425282
 216255.27693020448 5194966.90208635
 216265.2178828478 5194965.431969566
 216275.253088695 5194965.95963063
 216285.19404132856 5194964.489513851
 216295.18212057403 5194964.018285991
 216305.17098839363 5194963.550832478
 216315.15935368853 5194963.085707269
 216325.1477189825 5194962.620582059
 216335.1360842765 5194962.155456848
 216345.12444957052 5194961.690331639
 216355.11281485436 5194961.225206424
 216365.1011801572 5194960.760081209
 216375.136061744 5194961.29387353
 216385.17094332995 5194961.827665851
 216395.112792332 5194960.36362311
 216405.1011576255 5194959.8984979
 216415.0355736796 5194958.399903047
 216425.073343418 5194958.87630764
 216435.0588858605 5194958.3540770095
 216445.09665559884 5194958.830481603
 216455.0821980516 5194958.308250979
 216465.0677404844 5194957.786020353
 216475.05328292647 5194957.263789724
 216485.0388253704 5194956.741559093
 216495.0243678134 5194956.219328463
 216505.00991026568 5194955.697097838
 216514.9954526979 5194955.174867214
 216524.98099514184 5194954.652636583
 216534.9665375844 5194954.130405953
 216544.9520800367 5194953.608175328
 216554.9376224797 5194953.085944698
 216564.9231649134 5194952.563714073
 216574.856480061 5194951.04284822
 216584.94647117195 5194952.517923196
 216594.93201565588 5194951.99573124
 216604.7302618695 5194948.64959013
 216613.5655168885 5194944.49090381
 216617.208377534 5194935.281375635
 216618.8328709595 5194925.4870931
 216618.591836006 5194915.490809545
 216618.3508010525 5194905.494525995
 216618.109766099 5194895.49824244
 216617.8687311455 5194885.50195889
 216617.5417750355 5194875.508284735
 216617.17575803 5194865.515796845
 216615.7746220915 5194855.641659025
 216611.54486171395 5194846.992926142
 216606.7685266185 5194838.155092603
 216602.17441171227 5194829.273770015
 216597.58029680792 5194820.392447436
 216592.09797761415 5194811.970573592
 216587.12568585397 5194802.928138359
 216584.9277215833 5194791.925045682
 216585.11105455452 5194781.518293334
 216585.3727308472 5194772.178631989
 216584.36925108125 5194762.22992298
 216583.3657713152 5194752.28121396
 216581.64547822316 5194743.336655223
 216586.90818211203 5194726.633440402
 216577.25317532517 5194718.762902208
 216568.3962233906 5194714.470828689
 216550.54358853243 5194727.934379852
 216544.2707993051 5194718.162968298
 216540.49300704445 5194707.1138340905
 216534.16740468456 5194699.115675709
 216530.5604818525 5194689.73084677
 216525.2132995485 5194681.222531773
 216521.656967825 5194671.82379317
 216516.30978552156 5194663.315478174
 216512.7534537975 5194653.91673957
 216508.362425416 5194644.933762895
 216504.0884824905 5194635.89400656
 216499.8145395655 5194626.854250225
 216495.54059664105 5194617.814493895
 216491.266653716 5194608.77473756
 216486.99271079048 5194599.734981225
 216483.3603789435 5194590.43419968
 216480.437301754 5194580.880121815
 216479.68066205137 5194570.98225469
 216477.05381697 5194561.120342706
 216477.03329746643 5194551.065332262
 216478.52018885533 5194540.975347325
 216481.5750294265 5194531.57394217
 216483.47017009676 5194521.657944498
 216488.6916977663 5194512.898981572
 216492.281979532 5194503.73620361
 216497.8065475905 5194495.401761185
 216503.331115649 5194487.067318765
 216508.02217187747 5194478.18037473
 216514.380251767 5194470.39843392
 216519.7340232255 5194461.953461105
 216525.0739786215 5194453.49954727
 216530.4139340175 5194445.04563344
 216536.5993493544 5194437.125758456
 216541.0938448095 5194428.13780578
 216547.27926014905 5194420.217930785
 216553.4646754885 5194412.298055796
 216557.1137109975 5194402.77606428
 216563.45734910292 5194394.988094457
 216569.00295658692 5194386.667636519
 216575.38067734343 5194378.901784297
 216579.262058285 5194369.472114921
 216585.6397790409 5194361.706262698
 216590.353273254 5194352.831199041
 216595.9027195585 5194344.513303495
 216601.4597505285 5194336.20047067
 216607.0167814995 5194327.88763785
 216612.5738124695 5194319.574805031
 216618.1308434395 5194311.261972209
 216623.6878744095 5194302.94913939
 216629.24490537948 5194294.63630657
 216635.63312885456 5194286.884462266
 216641.22699986157 5194278.596375036
 216645.1631189974 5194269.189422884
 216651.5858659395 5194261.46076812
 216657.179736946 5194253.172680895
 216662.7736079525 5194244.884593669
 216668.3674789595 5194236.59650644
 216674.79022590443 5194228.867851676
 216680.38409690728 5194220.5797644565
 216685.1490919795 5194211.732244765
 216691.57183892155 5194204.003590006
 216696.3368339925 5194195.156070311
 216702.7595809377 5194187.427415546
 216706.69569982623 5194178.020463532
 216713.118443983 5194170.29180659
 216718.7123120195 5194162.00371736
 216724.3061800565 5194153.71562813
 216730.69801547303 5194145.938046922
 216736.0922815668 5194137.518683762
 216735.5925155147 5194125.323028101
 216737.61876323947 5194114.74578351
 216759.85312117956 5194117.115827499
 216760.1953597197 5194105.459642194
 216762.2216074445 5194094.882397605
 216767.6158735385 5194086.463034445
 216772.1681350402 5194077.504200928
 216777.6239440841 5194069.104976026
 216783.1586318794 5194060.777250427
 216788.6933196741 5194052.449524815
 216794.2280074684 5194044.121799217
 216799.76269526317 5194035.794073617
 216806.1302231535 5194028.01986168
 216811.6649109485 5194019.69213607
 216817.19959874352 5194011.36441047
 216822.7342865385 5194003.03668487
 216827.4361342381 5193994.155445597
 216833.803662128 5193986.3812336605
 216839.338349923 5193978.05350806
 216844.04019943363 5193969.172268842
 216850.4077347865 5193961.398063015
 216855.1095910116 5193952.516828262
 216860.64428680055 5193944.189107972
 216866.17898258963 5193935.861387682
 216871.7136783786 5193927.533667392
 216877.2483741676 5193919.205947102
 216883.61590952048 5193911.431741275
 216888.31776574565 5193902.550506522
 216894.685301099 5193894.776300695
 216899.3871573243 5193885.895065942
 216905.75469267752 5193878.120860115
 216910.45654890232 5193869.239625362
 216916.8240842555 5193861.465419535
 216922.35878004448 5193853.137699245
 216927.89347583352 5193844.8099789545
 216933.3814782055 5193836.451431651
 216938.8650118555 5193828.08993409
 216944.3485455055 5193819.72843653
 216949.8320791555 5193811.36693897
 216953.64317767983 5193801.908645741
 216959.9632562189 5193794.095355753
 216964.6163622199 5193785.188121166
 216970.94115496776 5193777.379102048
 216976.43008427584 5193769.021145499
 216982.7548770185 5193761.21212639
 216987.40794289307 5193752.305232388
 216993.732735635 5193744.49621328
 216998.3858015067 5193735.589319289
 217004.71059425152 5193727.780300175
 217009.36366012305 5193718.873406179
 217015.6884528685 5193711.064387064
 217020.3415187397 5193702.157493068
 217026.666311485 5193694.3484739605
 217032.15524079348 5193685.990517405
 217037.6441701015 5193677.63256085
 217043.13309941 5193669.2746043
 217048.6220287185 5193660.916647745
 217054.1109580265 5193652.558691191
 217059.59988733497 5193644.200734635
 217065.92468007724 5193636.391715531
 217070.6084686305 5193627.505101205
 217075.3032007761 5193618.620098517
 217081.6644993315 5193610.840788554
 217087.1925146815 5193602.508632235
 217092.72053097 5193594.176476534
 217097.4152643421 5193585.291474491
 217103.776563969 5193577.51216541
 217109.304580469 5193569.180009849
 217114.832596968 5193560.84785429
 217120.360613467 5193552.51569873
 217125.888629967 5193544.18354317
 217131.416646466 5193535.851387611
 217136.94466296548 5193527.519232045
 217142.47267946505 5193519.187076485
 217148.000695964 5193510.854920926
 217153.528712464 5193502.5227653645
 217159.05672896295 5193494.1906098
 217164.5847454625 5193485.8584542405
 217170.94604508992 5193478.079145158
 217175.640778461 5193469.19414312
 217181.168794961 5193460.86198756
 217187.53009458797 5193453.082678479
 217191.39154483107 5193443.6448299615
 217197.752844459 5193435.86552088
 217203.280860958 5193427.53336532
 217208.808877458 5193419.201209756
 217213.50361421143 5193410.316209287
 217219.864918214 5193402.53690378
 217225.398175066 5193394.208233791
 217230.11367713969 5193385.334236785
 217236.493154756 5193377.5698277205
 217241.20865683063 5193368.695830714
 217247.5881344465 5193360.931421651
 217252.30363652372 5193352.057424646
 217258.6831141365 5193344.293015584
 217264.2306039815 5193335.97381255
 217269.7780938265 5193327.654609514
 217275.3255836715 5193319.33540648
 217280.8730735165 5193311.016203444
 217286.4205633615 5193302.69700041
 217291.9680532065 5193294.37779738
 217297.5155430515 5193286.05859434
 217303.8950206642 5193278.294185285
 217308.6105227415 5193269.420188274
 217313.33252266308 5193260.549544202
 217319.7183520195 5193252.79035829
 217325.272647893 5193244.47569774
 217331.6584772521 5193236.716511819
 217337.2127731261 5193228.401851268
 217341.1040020289 5193218.976241461
 217347.489831388 5193211.21705554
 217353.8756607468 5193203.457869617
 217359.4299766388 5193195.143049951
 217363.3112903489 5193185.7123870365
 217369.6881462085 5193177.9458246
 217374.40065200863 5193169.070236067
 217380.7775078675 5193161.303673634
 217386.32218869752 5193152.98259815
 217391.03469449797 5193144.107009617
 217397.41155035648 5193136.340447186
 217402.9562311865 5193128.019371695
 217408.5009120155 5193119.698296215
 217414.04559284548 5193111.377220735
 217419.5902736755 5193103.056145245
 217424.3027794749 5193094.180556717
 217430.6796353345 5193086.413994284
 217435.3609954237 5193077.522981053
 217441.703932401 5193069.72869255
 217447.21228486 5193061.38352414
 217452.72063732 5193053.03835572
 217457.39440525952 5193044.142307392
 217463.737342239 5193036.34801889
 217469.245694699 5193028.00285047
 217474.754047159 5193019.65768206
 217479.42781510064 5193010.761633723
 217485.770752078 5193002.96734523
 217492.1053301412 5192995.165480182
 217497.5992527319 5192986.810805001
 217503.09317532316 5192978.456129832
 217509.42263317964 5192970.650891477
 217514.9165557768 5192962.296216293
 217519.5749430931 5192953.392104311
 217525.0688656872 5192945.037429132
 217530.56278827813 5192936.6827539615
 217536.0567108692 5192928.328078782
 217541.5506334601 5192919.973403612
 217547.0445560512 5192911.618728431
 217552.62791144065 5192903.344871862
 217558.2659941349 5192895.086796642
 217563.0782023315 5192886.26486744
 217569.5421595137 5192878.570646212
 217574.3543677135 5192869.748717004
 217579.9924504045 5192861.4906417895
 217585.6305330955 5192853.23256657
 217591.2686157865 5192844.97449136
 217596.08082398665 5192836.152562147
 217601.71890667727 5192827.894486927
 217607.3569893673 5192819.636411717
 217613.8209465495 5192811.942190491
 217618.6331547493 5192803.120261287
 217623.4453629492 5192794.298332076
 217629.82245212572 5192786.5630240645
 217634.5074292989 5192777.672873813
 217640.0262959812 5192769.334654982
 217646.3790521669 5192761.548367575
 217651.89791884788 5192753.210148744
 217657.4167855289 5192744.871929914
 217662.93565220988 5192736.533711085
 217667.63589990436 5192727.645705534
 217674.0145608294 5192719.880625525
 217679.56117563613 5192711.560839055
 217684.27574433165 5192702.68634612
 217690.6544052536 5192694.921266114
 217695.36897394503 5192686.046773179
 217700.08354262827 5192677.172280262
 217706.46220355327 5192669.407200253
 217711.987632957 5192661.087038382
 217717.486783066 5192652.735803102
 217723.82112442923 5192644.934527419
 217728.48508328496 5192636.033332532
 217734.81942464827 5192628.232056849
 217740.3185747569 5192619.880821568
 217744.14734235688 5192610.429667067
 217750.49830992564 5192602.617178428
 217755.2446005661 5192593.759610618
 217760.82094732663 5192585.459722679
 217767.2273501786 5192577.717514648
 217772.8036969306 5192569.417626717
 217778.3800436816 5192561.117738788
 217783.1263343221 5192552.2601709785
 217788.70268108265 5192543.960283039
 217794.27902783552 5192535.660395108
 217799.8553745857 5192527.360507179
 217805.36123250984 5192519.069663777
 217811.6471192683 5192511.229293243
 217817.09442352536 5192502.844148088
 217822.54172777032 5192494.459002953
 217827.9890320284 5192486.073857799
 217833.43633627333 5192477.688712663
 217839.72222304397 5192469.848342111
 217845.1695272929 5192461.463196971
 217850.6168315469 5192453.078051822
 217855.2255532844 5192444.148132078
 217861.51144004893 5192436.307761531
 217866.1201617878 5192427.377841788
 217872.4483472141 5192419.558486176
 217877.94211060408 5192411.203706316
 217883.4358739951 5192402.848926455
 217888.9296373851 5192394.494146595
 217894.4234007751 5192386.139366735
 217899.0816184277 5192377.235165982
 217905.4109275561 5192369.429807015
 217910.9046909471 5192361.075027155
 217916.398454334 5192352.720247295
 217921.892217725 5192344.365467435
 217926.5504353736 5192335.461266685
 217932.0441987636 5192327.106486825
 217938.37350789603 5192319.301127855
 217943.0317255445 5192310.396927105
 217948.5671123431 5192302.028046039
 217954.2057643541 5192293.770359549
 217960.67025198104 5192286.076583987
 217965.483068382 5192277.254986555
 217971.12172038716 5192268.997300069
 217976.76037239807 5192260.739613579
 217982.3990244085 5192252.481927089
 217988.0376764195 5192244.224240599
 217993.67632843103 5192235.966554099
 217998.48914482587 5192227.14495668
 218003.779560211 5192218.799545902
 218009.09104675413 5192210.327716505
 218014.4025332993 5192201.855887103
 218019.7140198432 5192193.384057704
 218025.02550638735 5192184.912228306
 218032.03149622036 5192177.502782362
 218037.3853469429 5192169.024252157
 218043.76896290705 5192161.263245136
 218048.4891950939 5192152.391763256
 218054.04111916988 5192144.0755188055
 218059.5930432449 5192135.759274357
 218065.14496732087 5192127.443029905
 218070.69689139907 5192119.126785448
 218076.248815475 5192110.810540995
 218081.8007395498 5192102.494296547
 218087.352663626 5192094.178052096
 218092.07289581565 5192085.306570212
 218098.45651177387 5192077.545563195
 218103.1889429203 5192068.663660478
 218109.63234859493 5192060.952220549
 218114.42100239825 5192052.117483572
 218120.86440807796 5192044.406043629
 218126.48043782025 5192036.132955168
 218131.26909162244 5192027.298218192
 218137.5445026566 5192019.504904672
 218143.798169201 5192011.6388105005
 218148.3702146476 5192002.69005734
 218154.6238811915 5191994.823963165
 218159.1959266376 5191985.875210011
 218164.6087826356 5191977.467786341
 218170.02163862885 5191969.06036268
 218176.275305172 5191961.19426851
 218181.688161167 5191952.786844845
 218186.2602066166 5191943.838091682
 218192.5138731575 5191935.971997515
 218197.0859186066 5191927.023244352
 218203.339585148 5191919.157150185
 218208.752441143 5191910.749726515
 218215.0061076864 5191902.88363235
 218219.5781531335 5191893.934879189
 218224.9910091285 5191885.5274555255
 218230.416118798 5191877.12827223
 218236.1565137175 5191868.941112505
 218241.90124892295 5191860.756871546
 218247.64598412853 5191852.57263058
 218253.390719334 5191844.38838962
 218258.24984279083 5191835.629763923
 218264.5220857715 5191827.77847418
 218269.11527155183 5191818.840553443
 218275.387514533 5191810.989263695
 218280.82022891295 5191802.594658455
 218286.252943294 5191794.200053215
 218292.5251862752 5191786.348763467
 218297.118372055 5191777.41084273
 218302.551086436 5191769.01623749
 218308.82332941925 5191761.164947738
 218313.439487052 5191752.242031004
 218319.77750573185 5191744.443742604
 218324.445660663 5191735.544747595
 218329.93594585848 5191727.187694505
 218335.414507963 5191718.822938681
 218340.8930700675 5191710.45818286
 218346.3716321715 5191702.093427035
 218351.01365085912 5191693.1807705695
 218357.32875638048 5191685.363915389
 218362.807318485 5191676.999159571
 218368.28588058896 5191668.634403745
 218374.7437320795 5191661.02033136
 218379.4828601225 5191657.20787452
 1 95