L  489 1
 220116.23675277457 5197593.507853464
 220106.19806765715 5197601.003130114
 220098.8966399122 5197607.406624367
 220092.0652905705 5197614.632889767
 220083.3066791565 5197619.277025694
 220074.5242955205 5197623.926970085
 220065.2098561541 5197627.752647037
 220055.2403169776 5197629.475877145
 220045.1553821173 5197628.094663109
 220035.1677736805 5197628.609427015
 220025.2175308235 5197627.630500795
 220015.26729674003 5197626.651463805
 220005.31706376548 5197625.67241554
 219995.464753817 5197623.698166235
 219985.416599328 5197623.71430365
 219975.6622123492 5197620.744858203
 219965.61405748047 5197620.760994953
 219955.66382461647 5197619.78194259
 219945.5177479721 5197620.79327857
 219935.76335944285 5197617.8238382
 219925.71520309552 5197617.839997675
 219915.7649680005 5197616.860970965
 219905.814732906 5197615.88194425
 219895.96241728996 5197613.907723195
 219885.914263902 5197613.92387877
 219876.0619534868 5197611.949631752
 219866.013798873 5197611.965772895
 219856.0635663585 5197610.98671996
 219846.1133331945 5197610.00767362
 219836.26101894825 5197608.033445727
 219826.31078454343 5197607.054412104
 219816.26262995 5197607.07057275
 219806.312395535 5197606.09153913
 219796.4600812984 5197604.117311234
 219786.50984687387 5197603.138277607
 219776.5596124589 5197602.159243987
 219766.5114582745 5197602.175400576
 219756.5612249865 5197601.196355505
 219746.6109916985 5197600.217310431
 219736.6607584095 5197599.23826536
 219726.71052512148 5197598.259220285
 219716.7602919215 5197597.280174315
 219706.90798035244 5197595.305933065
 219696.9577472634 5197594.326885965
 219687.00751417349 5197593.347838865
 219676.86143804956 5197594.359180045
 219667.0091264785 5197592.384938805
 219657.05889166048 5197591.405909275
 219647.1086562535 5197590.426885735
 219637.158420846 5197589.4478622
 219627.2081854385 5197588.468838665
 219617.2579508575 5197587.48980673
 219607.3077173045 5197586.510764349
 219597.357483751 5197585.53172197
 219587.30932914867 5197585.547873776
 219577.3590954319 5197584.568825888
 219567.408862568 5197583.589776486
 219557.4586297069 5197582.610727088
 219547.508396844 5197581.631677676
 219537.55816392225 5197580.652628166
 219527.6079311296 5197579.673578055
 219517.65769833655 5197578.6945279455
 219507.805387363 5197576.720283725
 219497.9530763995 5197574.7460395
 219487.9049217775 5197574.762183495
 219478.0526108044 5197572.787939274
 219468.10237801136 5197571.808889164
 219458.0542232635 5197571.825034555
 219448.1039894305 5197570.845995015
 219438.1537555975 5197569.866955475
 219428.10560100625 5197569.88311015
 219418.1553671736 5197568.904070609
 219408.2051333406 5197567.92503107
 219398.2548995076 5197566.945991529
 219388.3046656752 5197565.96695199
 219378.35443184263 5197564.987912449
 219368.5021187685 5197563.013678695
 219358.5518841355 5197562.034647295
 219348.6016491435 5197561.055619535
 219338.6514141515 5197560.07659178
 219328.60325957063 5197560.09275835
 219318.7509441675 5197558.11853626
 219308.8007091755 5197557.1395085
 219298.94839780245 5197555.165272444
 219288.99816539223 5197554.186218347
 219278.8520885626 5197555.197552396
 219268.999778382 5197553.223304234
 219258.9516237625 5197553.239444207
 219249.0013913606 5197552.260390116
 219239.149081179 5197550.286141954
 219229.29677099743 5197548.311893784
 219219.34653859737 5197547.332839694
 219209.39630618625 5197546.353785599
 219199.44607379485 5197545.374731504
 219189.397919176 5197545.390871485
 219179.447686775 5197544.411817385
 219169.497454175 5197543.4327653255
 219159.547220456 5197542.453724625
 219149.596986737 5197541.4746839255
 219139.646753018 5197540.495643236
 219129.6965192995 5197539.516602535
 219119.746285581 5197538.537561836
 219109.796051862 5197537.558521135
 219099.845818143 5197536.579480439
 219089.99350530203 5197534.605245542
 219079.945350705 5197534.621399045
 219069.995117648 5197533.64235162
 219060.044884728 5197532.66330281
 219050.09465180695 5197531.684254
 219040.144418886 5197530.70520519
 219030.194185966 5197529.72615638
 219020.243953045 5197528.74710757
 219010.293720125 5197527.76805876
 219000.343487204 5197526.78900995
 218990.393254283 5197525.80996114
 218980.4430207825 5197524.83091823
 218970.492786976 5197523.85187842
 218960.54255316948 5197522.87283862
 218950.5923193625 5197521.89379881
 218940.642085889 5197520.914755629
 218930.6313739671 5197519.271744968
 218920.70254274496 5197520.535649264
 218910.66568165625 5197520.059108403
 218900.733257456 5197521.57983891
 218890.64417792423 5197520.104662367
 218880.7117537232 5197521.625392874
 218870.7271110684 5197522.147487699
 218860.794686877 5197523.66821821
 218850.7578257892 5197523.191677344
 218840.77318314463 5197523.713772174
 218830.840758943 5197525.23450268
 218820.90833474183 5197526.755233187
 218810.871473654 5197526.27869233
 218800.886831009 5197526.80078715
 218790.8499699109 5197526.324246288
 218780.9697641643 5197528.843612486
 218770.88068463164 5197527.368435934
 218760.94826043048 5197528.88916645
 218751.0158362294 5197530.409896957
 218741.03119359465 5197530.93199178
 218731.098769385 5197532.452722293
 218721.1141267388 5197532.974817113
 218711.02504720705 5197531.499640565
 218700.98818611915 5197531.023099704
 218691.0035434737 5197531.545194523
 218681.07111927305 5197533.06592504
 218671.1386950718 5197534.586655547
 218661.15405243763 5197535.108750369
 218651.117191339 5197534.63220951
 218641.1325486945 5197535.15430433
 218631.14790605 5197535.67639916
 218621.16326340495 5197536.19849398
 218611.23083921403 5197537.719224491
 218601.24619656027 5197538.241319316
 218591.2615539144 5197538.763414137
 218581.27691128003 5197539.285508961
 218571.240050182 5197538.8089681
 218561.20318909263 5197538.332427233
 218551.2707648925 5197539.85315775
 218541.23390380465 5197539.376616884
 218531.3536980566 5197541.895983079
 218521.3168369585 5197541.41944222
 218511.43663120075 5197543.938808413
 218501.29533322563 5197541.464996184
 218491.41512746783 5197543.984362377
 218481.37826638 5197543.507821515
 218471.393623735 5197544.0299163405
 218461.4089810905 5197544.55201116
 218451.424338446 5197545.074105985
 218441.4919142444 5197546.594836497
 218431.4028347122 5197545.119659944
 218421.470410512 5197546.640390459
 218411.5379863104 5197548.161120967
 218401.44890676893 5197546.685944418
 218391.46426413464 5197547.208039244
 218381.531839933 5197548.728769749
 218371.5994157318 5197550.249500267
 218361.6261762236 5197550.787316175
 218351.58487182 5197550.415997449
 218341.54356741504 5197550.044678725
 218331.6903097306 5197552.667460594
 218321.64900532705 5197552.29614187
 218311.6703831625 5197552.922856679
 218301.629078759 5197552.551537946
 218291.6504565944 5197553.178252755
 218281.7971989096 5197555.801034635
 218271.7558945055 5197555.4297159
 218261.77727234105 5197556.056430711
 218251.8613324166 5197557.681179054
 218241.8200280125 5197557.309860321
 218231.90408808755 5197558.934608664
 218221.8001014444 5197557.565256406
 218211.82147928 5197558.191971215
 218201.96822159505 5197560.814753085
 218192.5400111185 5197562.690708245
 218183.6156076713 5197567.308142027
 218174.1455651394 5197571.08755553
 218165.76680077607 5197576.543009591
 218157.9336754433 5197582.836483969
 218150.10055014 5197589.129958327
 218141.72178575007 5197594.585412406
 218133.3430213743 5197600.040866477
 218125.509896056 5197606.334340845
 218116.110921436 5197609.206241197
 218106.3948063807 5197609.16984685
 218096.4105393968 5197610.301255063
 218086.41312068532 5197610.432749753
 218076.41570197383 5197610.564244453
 218066.4314349905 5197611.695652655
 218056.44716800613 5197612.827060868
 218046.43659756752 5197611.958642045
 218036.4391788555 5197612.090136745
 218026.4549118619 5197613.221544951
 218016.59138380835 5197614.803433511
 218006.5493600036 5197614.452108263
 217996.57200542896 5197615.098689768
 217986.59465086495 5197615.745271278
 217976.61729630097 5197616.391852788
 217966.51060323504 5197615.042620792
 217956.5979179215 5197616.687109055
 217946.6205633575 5197617.333690565
 217936.7078780444 5197618.978178828
 217926.665854229 5197618.626853585
 217916.688499665 5197619.273435095
 217906.77581436216 5197620.917923353
 217896.73379053653 5197620.566598105
 217886.69176672163 5197620.215272862
 217876.77100763 5197621.70121634
 217866.7425465867 5197621.072216493
 217856.7881610585 5197622.441844375
 217846.7967377725 5197622.812158391
 217836.80531448705 5197623.18247241
 217826.813891201 5197623.552786425
 217816.82246791548 5197623.92310044
 217806.8310446295 5197624.2934144605
 217796.845387799 5197624.788358155
 217786.86245758095 5197625.342231795
 217776.9349242425 5197626.894569849
 217766.95199401423 5197627.448443495
 217756.913666927 5197627.003852719
 217746.98613357823 5197628.556190776
 217736.947806491 5197628.1116
 217727.07567003008 5197630.662402473
 217717.0373429345 5197630.217811699
 217707.0544127161 5197630.771685339
 217696.9606887502 5197629.328630156
 217687.0331554015 5197630.880968209
 217677.050225184 5197631.434841851
 217667.067294966 5197631.98871549
 217657.02896786947 5197631.544124722
 217647.0460376505 5197632.097998361
 217637.118504312 5197633.65033642
 217627.0801772248 5197633.205745646
 217617.152643876 5197634.758083699
 217607.169713658 5197635.311957341
 217597.24218031947 5197636.864295399
 217587.3146469791 5197638.416633453
 217577.3317167629 5197638.970507093
 217567.2379927865 5197637.52745191
 217557.2550625685 5197638.08132555
 217547.2721323505 5197638.635199189
 217537.23380526376 5197638.190608417
 217527.36166879447 5197640.741410889
 217517.3787385765 5197641.295284529
 217507.39580834823 5197641.849158175
 217497.35748126105 5197641.4045674
 217487.42994791223 5197642.956905454
 217477.33622395573 5197641.513850265
 217467.46408747623 5197644.064652735
 217457.425760389 5197643.620061965
 217447.442830171 5197644.173935605
 217437.45989995296 5197644.72780925
 217427.4769697355 5197645.28168289
 217417.5494363868 5197646.834020944
 217407.4003155609 5197644.392501342
 217397.58357596147 5197647.941768229
 217387.545248864 5197647.497177456
 217377.50692176656 5197647.052586681
 217367.579388428 5197648.60492474
 217357.59645821 5197649.15879838
 217347.613489548 5197649.711962765
 217337.6292101375 5197650.240945125
 217327.69775114776 5197651.767966416
 217317.5548883069 5197649.300578062
 217307.6762802795 5197651.82620177
 217297.6919703265 5197652.354620655
 217287.7605113368 5197653.881641946
 217277.6704994587 5197652.412856003
 217267.7390404685 5197653.939877295
 217257.7547305155 5197654.46829618
 217247.82327152573 5197655.995317476
 217237.7861106105 5197655.525133945
 217227.7489496947 5197655.054950413
 217217.71178877956 5197654.5847668825
 217207.78032979995 5197656.111788179
 217197.7960198367 5197656.640207063
 217187.8117098837 5197657.168625943
 217177.9859528195 5197660.6928520575
 217167.8959409415 5197659.224066115
 217157.9116309885 5197659.752485
 217147.927321036 5197660.28090388
 217137.99586204637 5197661.807925176
 217127.9058501677 5197660.339139233
 217117.9090371767 5197661.250357133
 217107.95424035867 5197662.181857034
 217097.99944355024 5197663.113356928
 217088.0446467221 5197664.044856825
 217078.183015886 5197665.972007315
 217068.228219068 5197666.903507205
 217058.395097395 5197668.65187114
 217048.39992176663 5197669.682470899
 217039.0079037443 5197673.651812044
 217029.012728107 5197674.68241181
 217019.01755247984 5197675.713011569
 217009.42448191548 5197678.702772255
 216999.6303588195 5197680.71295248
 216989.83623572352 5197682.7231327
 216979.8410600965 5197683.753732459
 216970.6500945968 5197688.702654071
 216960.6549189684 5197689.73325383
 216950.65974334 5197690.76385359
 216941.0666727853 5197693.753614274
 216931.27254967947 5197695.763794501
 216921.4784265835 5197697.773974721
 216911.68430349728 5197699.784154944
 216901.6891278605 5197700.81475471
 216892.29710982784 5197704.784095852
 216882.50298673188 5197706.794276072
 216872.3067585725 5197706.845295375
 216862.5126354765 5197708.8554756
 216852.718512381 5197710.86565582
 216843.1254418272 5197713.855416504
 216833.33131872132 5197715.86559673
 216823.13509056065 5197715.916616029
 216813.7430725383 5197719.885957174
 216803.747896901 5197720.91655694
 216793.75272127351 5197721.947156698
 216783.95859817785 5197723.957336918
 216774.566580155 5197727.926678064
 216764.9735095809 5197730.916438753
 216754.37517635812 5197729.008297129
 216745.3852634085 5197734.936799194
 216734.9879826976 5197734.008238039
 216725.19385960163 5197736.018418259
 216715.600789038 5197739.00817894
 216706.00771847347 5197741.99793963
 216695.8114903145 5197742.048958928
 216686.21841975 5197745.038719609
 216676.424296654 5197747.048899835
 216666.83122609017 5197750.038660522
 216656.43351146032 5197749.115595406
 216647.0445368875 5197753.09213009
 216637.4537594246 5197756.089238624
 216627.6611790906 5197758.106920994
 216617.6667958865 5197759.14517721
 216607.8742155525 5197761.16285958
 216597.87983233796 5197762.201115793
 216588.0872520046 5197764.218798163
 216578.49647455095 5197767.215906695
 216568.50209134672 5197768.254162905
 216558.5077081223 5197769.292419125
 216548.916930668 5197772.289527653
 216539.326153216 5197775.28663618
 216529.3317700016 5197776.324892393
 216519.5391896676 5197778.342574763
 216509.9484122145 5197781.339683294
 216500.1431815265 5197783.280929865
 216490.09819125183 5197783.533599847
 216480.302221383 5197785.770706475
 216470.257231108 5197786.023376457
 216460.585771443 5197789.252701412
 216450.5831626718 5197790.297566813
 216440.60389094375 5197790.913852072
 216430.50134100407 5197789.533940323
 216420.64534749847 5197792.146422587
 216410.666075769 5197792.762707847
 216400.6251649305 5197792.3808946
 216390.645893202 5197792.99717986
 216380.72826057472 5197794.611563623
 216370.62571063495 5197793.231651872
 216360.5475104713 5197794.085921418
 216351.10592048368 5197797.935863001
 216341.2870977588 5197799.821702882
 216331.279658669 5197800.725491925
 216321.4608359455 5197802.611331806
 216311.8306295888 5197805.479222541
 216301.63457413105 5197805.4009607285
 216292.004367775 5197808.268851465
 216282.185545052 5197810.154691345
 216272.555338696 5197813.022582082
 216262.7365159619 5197814.908421969
 216253.10630961647 5197817.776312699
 216243.0988705149 5197818.680101739
 216233.46866416853 5197821.547992469
 216223.4612250688 5197822.451781509
 216213.453785988 5197823.355570545
 216203.8235796221 5197826.223461279
 216193.6275241742 5197826.145199468
 216184.3745505507 5197830.977191899
 216174.59097162305 5197832.915793329
 216164.79579000728 5197834.920809258
 216154.80007236128 5197835.946138866
 216144.40328270657 5197835.012095803
 216135.00917311895 5197838.976484396
 216125.41452751795 5197841.961186657
 216115.6193459122 5197843.966202589
 216105.8241642988 5197845.971218519
 216096.02898267427 5197847.9762344565
 216086.23380105992 5197849.981250387
 216076.43861944528 5197851.986266317
 216066.64343783096 5197853.991282245
 216056.84825622608 5197855.996298179
 216046.8525385885 5197857.02162778
 216037.057356974 5197859.026643716
 216027.06163934604 5197860.051973313
 216017.466993745 5197863.036675574
 216007.6718121305 5197865.041691504
 215997.876630516 5197867.04670744
 215988.0814489015 5197869.05172337
 215978.0857312737 5197870.077052973
 215968.4910856725 5197873.061755234
 215958.49536804477 5197874.0870848335
 215948.9007224435 5197877.071787095
 215938.90500481572 5197878.097116694
 215929.1098231912 5197880.102132631
 215919.3146415868 5197882.107148564
 215909.9205319989 5197886.071537156
 215899.92481437096 5197887.096866755
 215890.1296327565 5197889.101882685
 215880.13391512877 5197890.127212284
 215870.13819748088 5197891.152541892
 215860.74408791304 5197895.11693048
 215850.950945241 5197897.13167184
 215841.175263662 5197899.229699825
 215831.399582083 5197901.32772781
 215821.83373932383 5197904.403491782
 215811.848218925 5197905.523783769
 215802.28237616585 5197908.599547742
 215792.296855767 5197909.719839729
 215782.73101300755 5197912.795603701
 215772.95533141805 5197914.893631688
 215762.969811029 5197916.01392368
 215753.19412945 5197918.11195166
 215742.9987702313 5197918.254507657
 215733.4329274721 5197921.330271629
 215723.867084713 5197924.4060356
 215714.091403134 5197926.50406358
 215704.2479108408 5197927.4638025565
 215694.3608954072 5197929.956310803
 215684.374870868 5197930.451271259
 215674.43835089696 5197931.945005612
 215664.4523263475 5197932.439966067
 215654.4663018204 5197932.934926517
 215644.48027730995 5197933.429886972
 215634.54375729803 5197934.923621326
 215624.4587237042 5197933.421033984
 215614.522203722 5197934.914768332
 215604.486674635 5197934.410954889
 215594.550154664 5197935.904689242
 215584.6136346548 5197937.398423596
 215574.6276101537 5197937.893384051
 215564.6415856247 5197938.3883445
 215554.60605652936 5197937.884531058
 215544.62003201895 5197938.379491513
 215534.63400746952 5197938.874451967
 215524.64798296057 5197939.369412421
 215514.71146297868 5197940.863146771
 215504.67593388155 5197940.359333327
 215494.68990937292 5197940.854293781
 215484.7038848254 5197941.3492542375
 215474.767364832 5197942.842988586
 215464.731835786 5197942.339175141
 215454.795315774 5197943.832909496
 215444.75978672795 5197943.329096052
 215434.77376219857 5197943.8240565015
 215424.7877376485 5197944.319016957
 215414.80171314 5197944.813977412
 215404.7661840632 5197944.310163964
 215394.82966406157 5197945.803898317
 215384.92421844855 5197946.438686669
 215374.8771306762 5197946.291379778
 215364.9998882176 5197948.136847978
 215355.0377230816 5197948.985928637
 215345.07555798657 5197949.835009289
 215335.1133928709 5197950.684089939
 215325.2798501704 5197951.886662561
 215315.3659367857 5197953.182807915
 215314.3745454266 5197953.312422452
 215313.129147175 5197951.458225325
 1 259