L  462 1
 241623.6267190881 5150307.396069258
 241630.2634358232 5150314.548126816
 241639.63579513368 5150319.130093808
 241646.61950574405 5150326.354341311
 241652.9569826564 5150334.341728387
 241661.2331606635 5150340.039696749
 241668.8631049715 5150346.50080468
 241676.556119104 5150352.88649848
 241684.26488656705 5150359.253355635
 241691.97365403 5150365.62021279
 241700.31922832533 5150371.216046565
 241706.11757530467 5150379.895973884
 241715.099956419 5150384.72078426
 241723.44553071377 5150390.316618036
 241730.2095922845 5150397.8087072745
 241738.3536761109 5150403.604798063
 241745.5574333315 5150410.609642655
 241753.38351764152 5150416.831729945
 241761.830534821 5150421.816141625
 241768.15200949152 5150429.094400914
 241776.01139856764 5150434.413659928
 241783.5450401055 5150441.32161395
 241791.3562621516 5150447.648496029
 241800.54935971677 5150451.939542374
 241806.7116408205 5150459.94756848
 241813.7317945173 5150466.753377746
 241821.0790774225 5150473.561440975
 241829.0499417108 5150479.745793639
 241837.182707829 5150485.084717405
 241843.0626266348 5150493.231598431
 241851.68094545748 5150498.62971616
 241860.343640952 5150503.122910082
 241866.66997692487 5150511.102389124
 241874.2041386225 5150517.304523012
 241881.53848026317 5150524.264363662
 241893.63181759015 5150525.817428259
 241897.310390522 5150536.572518375
 241903.72611674268 5150544.443980636
 241911.63351808055 5150550.651861932
 241919.4122939561 5150556.932993368
 241927.19106981848 5150563.214124788
 241935.598078304 5150568.717230648
 241942.81107121467 5150575.691167428
 241951.50247081352 5150580.73314509
 241959.0243762601 5150587.485249789
 241962.99512149155 5150594.960545032
 241972.461716861 5150598.932346845
 241981.96510928517 5150602.562044444
 241988.8072321475 5150609.95636114
 241996.8600924729 5150615.965804242
 242002.21348626568 5150624.927006217
 242010.46286313373 5150630.800264129
 242017.60348312187 5150637.869458701
 242024.74410311124 5150644.938653288
 242034.90101724255 5150647.573355595
 242037.53495767928 5150656.75853189
 242047.7166818075 5150660.23024067
 242055.5412488855 5150665.914438965
 242062.07064554124 5150673.528997055
 242070.099376467 5150679.30582211
 242078.2270572645 5150684.968631821
 242080.57904410773 5150693.582886509
 242089.2629965534 5150700.49194563
 242101.16441098065 5150700.762226574
 242109.8337194381 5150709.995265016
 242110.5609674376 5150713.05898464
 242124.8865149365 5150726.17589201
 242131.71207431692 5150717.660028615
 242132.0512120345 5150699.146496426
 242131.0577348544 5150714.659778685
 242130.95349313488 5150723.325739141
 242133.77461522535 5150735.076540942
 242145.4101549913 5150746.667081466
 242151.09540828943 5150733.259553621
 242156.33675718645 5150726.3705418985
 242170.89265031173 5150737.310001396
 242173.83294398163 5150734.8778365655
 242176.66984011815 5150746.060053321
 242190.96646753757 5150754.581640718
 242197.5859461238 5150757.487094075
 242208.9115778809 5150761.931009278
 242215.0002232744 5150765.987865661
 242224.53185331204 5150771.019419631
 242233.4111532732 5150775.615069518
 242242.29045324016 5150780.210719407
 242251.2147334938 5150784.814442171
 242260.1190014605 5150789.361526736
 242269.02326941752 5150793.908611295
 242277.92753736852 5150798.455695853
 242287.95681688443 5150787.378265202
 242298.7558297988 5150784.244630849
 242300.5291070721 5150800.373408185
 242306.1704628681 5150810.335797404
 242316.5730049119 5150819.069321492
 242327.8940826386 5150802.843856974
 242330.50047819933 5150818.469461713
 242337.0198139148 5150828.611965842
 242345.86210304892 5150834.411023946
 242359.0607573672 5150837.19960754
 242365.8596635397 5150837.502297562
 242374.9225204393 5150841.953376249
 242383.04472435912 5150846.957400466
 242390.4828699821 5150851.5302537205
 242399.71769356247 5150858.334516773
 242405.3556746968 5150861.789086931
 242419.31154608284 5150869.352938386
 242426.92559207385 5150854.2350397
 242435.383601149 5150871.783415642
 242443.1775770676 5150875.974918552
 242449.9103283713 5150881.211603403
 242463.4901093682 5150886.455813092
 242468.9964537809 5150889.150564136
 242480.0037005429 5150879.174367922
 242486.0315631168 5150876.218730988
 242494.6920159025 5150885.252822846
 242500.43459029225 5150890.182980389
 242506.33047765435 5150894.18672693
 242511.7855682393 5150898.748107464
 242518.35761359683 5150911.367992923
 242527.40680862963 5150918.843905779
 242537.85826202712 5150923.895592984
 242548.7349953694 5150925.174075534
 242556.20279807388 5150928.386740851
 242563.55128960687 5150933.174736673
 242569.9283798441 5150939.70535335
 242584.19668471665 5150929.46657959
 242593.19503477128 5150928.74881475
 242600.72306732085 5150943.251569032
 242606.04713523685 5150947.839995889
 242611.94802953824 5150954.790361652
 242623.6482724796 5150963.393421304
 242634.8077932188 5150964.271343522
 242643.83927703733 5150966.772101682
 242649.17360598137 5150970.0313004935
 242659.54667155503 5150974.069260083
 242667.37987633207 5150980.7086969465
 242670.6194096234 5150983.519532777
 242682.0018785032 5150992.232772026
 242691.1307131184 5150995.865779158
 242698.2494812951 5150999.820908264
 242709.8235131806 5151005.301969161
 242720.68865750724 5150992.627957528
 242723.8200420065 5151009.790315356
 242734.26528211788 5151019.279826862
 242745.02959948455 5151002.750232649
 242751.4037042556 5151023.832846127
 242762.6899299808 5151025.226254592
 242772.92887699025 5151024.280689871
 242779.620331816 5151026.695989352
 242786.2892768549 5151030.611121199
 242797.8367420236 5151035.676573558
 242793.95534181732 5151035.797381464
 242802.11902768264 5151050.115797896
 242816.11911205424 5151036.729490011
 242823.30183039003 5151052.245594375
 242829.457528842 5151056.686860436
 242840.0149826483 5151063.3575087525
 242846.0290746161 5151066.352050864
 242850.30784368797 5151072.110511481
 242853.9296689 5151081.429542971
 242860.38295531145 5151092.646089442
 242861.67258740327 5151097.044366498
 242863.2516046623 5151102.857617469
 242862.3841571412 5151110.294741474
 242859.397775572 5151122.416593191
 242857.2558420729 5151132.479714268
 242857.4448300434 5151145.791732063
 242859.2155280935 5151153.771332363
 242859.27152326 5151161.393258771
 242856.7343655187 5151171.860811216
 242856.49606639377 5151184.425123443
 242855.93419547693 5151190.710696571
 242854.04179230207 5151201.347256985
 242854.4457229164 5151213.017718759
 242856.8953939468 5151224.512286871
 242858.38095233764 5151233.098999116
 242859.6964045322 5151243.010182249
 242861.0118567296 5151252.9213654045
 242861.83361699703 5151262.18962536
 242862.2972139928 5151272.176969539
 242862.76081098872 5151282.164313719
 242863.2244079839 5151292.151657881
 242863.68800497983 5151302.139002061
 242864.15160197573 5151312.126346239
 242864.55968203332 5151321.895250332
 242864.74830924967 5151331.891568927
 242864.93693646637 5151341.887887541
 242865.1255636827 5151351.884206133
 242865.3141908993 5151361.880524751
 242865.5028181164 5151371.876843351
 242865.69144533272 5151381.873161944
 242865.8800725494 5151391.869480561
 242866.0686997657 5151401.865799153
 242866.2573269824 5151411.862117762
 242866.4459541987 5151421.858436357
 242866.6345814154 5151431.854754971
 242866.8232086317 5151441.851073563
 242867.06804337783 5151451.952121344
 242867.38926259888 5151461.945058054
 242867.71048181888 5151471.937994764
 242868.03170103976 5151481.930931467
 242868.35292026063 5151491.923868183
 242868.6741394809 5151501.916804885
 242868.99535870188 5151511.909741594
 242869.31657792188 5151521.902678304
 242869.63779714287 5151531.895615014
 242869.95901636375 5151541.888551716
 242870.28023558384 5151551.881488425
 242870.60145480488 5151561.874425135
 242870.92267402489 5151571.8673618445
 242871.26531927256 5151581.891031379
 242871.62581494657 5151591.882628289
 242871.9863106208 5151601.8742251815
 242872.3468062948 5151611.865822092
 242872.7073019688 5151621.857418992
 242873.0677976428 5151631.849015902
 242873.4282933176 5151641.840612809
 242873.7887889916 5151651.832209719
 242874.14928466576 5151661.823806612
 242874.50978033975 5151671.815403522
 242874.8702760138 5151681.807000422
 242875.23077168775 5151691.798597332
 242875.59215022248 5151701.794305283
 242875.95781698264 5151711.785714265
 242876.32348374376 5151721.777123263
 242876.68915050465 5151731.768532256
 242877.05481726464 5151741.759941245
 242877.42048402564 5151751.751350235
 242877.78615078665 5151761.742759235
 242878.1518175476 5151771.734168226
 242878.51748430764 5151781.725577215
 242878.88315106864 5151791.716986215
 242879.24881782965 5151801.708395205
 242879.61448459065 5151811.699804195
 242879.9801513508 5151821.691213193
 242880.3454113887 5151831.67851593
 242880.68691617087 5151841.655201348
 242881.02799496788 5151851.647479927
 242881.3690737656 5151861.639758505
 242881.7101525627 5151871.632037083
 242882.05123135963 5151881.624315655
 242882.39231015695 5151891.616594224
 242882.73338895463 5151901.608872805
 242883.07446775163 5151911.601151375
 242883.41554654876 5151921.593429953
 242883.75662534565 5151931.585708525
 242884.0977041429 5151941.577987094
 242884.40178035916 5151951.52594443
 242884.6860767541 5151961.519999741
 242884.97037314912 5151971.514055042
 242885.2546695441 5151981.508110341
 242885.53896593908 5151991.502165651
 242885.82326233413 5152001.496220952
 242886.10755872907 5152011.490276255
 242886.3918551241 5152021.484331561
 242886.67615151912 5152031.478386861
 242886.9604479141 5152041.472442161
 242887.2447443088 5152051.466497479
 242887.5477352337 5152061.534062875
 242887.9245734036 5152071.525056757
 242888.30141157255 5152081.516050647
 242888.6782497417 5152091.507044535
 242889.0550879106 5152101.498038418
 242889.43192608055 5152111.489032309
 242889.8087642496 5152121.480026188
 242890.18560241855 5152131.471020077
 242890.5624405878 5152141.46201396
 242890.9392787576 5152151.453007847
 242891.31611692655 5152161.444001737
 242891.6929550956 5152171.434995627
 242892.0697932656 5152181.425989508
 242892.44663143455 5152191.416983399
 242892.8806106058 5152201.46106442
 242893.32661889377 5152211.44920951
 242893.77262718175 5152221.43735461
 242894.2186354698 5152231.42549971
 242894.66464375693 5152241.4136447925
 242895.1106520448 5152251.4017899
 242895.5566603328 5152261.389934991
 242896.0026686208 5152271.3780800905
 242896.4486769088 5152281.36622518
 242896.8946851968 5152291.35437028
 242897.34069348397 5152301.342515373
 242897.78670177175 5152311.33066047
 242898.23272134268 5152321.31881895
 242898.6787469545 5152331.306963278
 242899.1247725656 5152341.295107592
 242899.57079817663 5152351.28325192
 242900.01682378867 5152361.27139624
 242900.4628493997 5152371.25954056
 242900.9088750117 5152381.24768488
 242901.3549006225 5152391.235829201
 242901.80092623463 5152401.22397353
 242902.24695184568 5152411.21211785
 242902.6929774577 5152421.20026217
 242903.13900306853 5152431.188406492
 242903.61026055625 5152441.215650531
 242904.1065273524 5152451.20142467
 242904.6027941484 5152461.18719881
 242905.0990609441 5152471.172972948
 242905.5953277404 5152481.158747088
 242906.0915945364 5152491.144521229
 242906.5878613321 5152501.13029536
 242907.0841281274 5152511.11606949
 242907.58039492345 5152521.10184363
 242908.07666171924 5152531.087617761
 242908.57292851532 5152541.073391909
 242909.0691953113 5152551.059166049
 242909.56546210716 5152561.044940178
 242910.04440056172 5152570.991250511
 242910.49043709665 5152580.979394342
 242910.9364736317 5152590.967538181
 242911.3825101668 5152600.955682011
 242911.8285467016 5152610.943825842
 242912.27458323675 5152620.931969681
 242912.7206197716 5152630.920113513
 242913.16665630677 5152640.908257351
 242913.6126928416 5152650.896401183
 242914.0587293768 5152660.884545021
 242914.50476591176 5152670.872688851
 242914.93447203533 5152680.819948059
 242915.3286459133 5152690.810273018
 242915.7228197904 5152700.800597979
 242916.11699366756 5152710.79092293
 242916.5111675453 5152720.781247899
 242916.9053414225 5152730.771572851
 242917.2995153005 5152740.761897815
 242917.69368917745 5152750.752222776
 242918.0878630555 5152760.7425477365
 242918.4820369325 5152770.732872696
 242918.87621081044 5152780.723197657
 242919.27038468744 5152790.713522617
 242919.66455856463 5152800.7038475685
 242921.18597199555 5152810.733617779
 242918.56214760485 5152819.343807532
 242920.3443822912 5152832.312453766
 242921.51181689292 5152838.856606673
 242921.42569927053 5152849.5822218
 242921.8717105344 5152859.570366768
 242922.3518924216 5152869.599996464
 242922.8516513628 5152879.585596444
 242923.3514103046 5152889.571196415
 242923.8511692458 5152899.556796394
 242924.35092818743 5152909.542396372
 242924.8506871286 5152919.527996334
 242925.27050185087 5152929.428705101
 242925.65993821985 5152939.419215867
 242926.0493745877 5152949.40972662
 242926.43881095588 5152959.400237371
 242926.8282473248 5152969.390748137
 242927.2176836927 5152979.38125889
 242927.6071200608 5152989.371769647
 242927.9965564297 5152999.362280399
 242928.3859927978 5153009.352791158
 242928.7754291657 5153019.343301909
 242929.1648655347 5153029.333812669
 242929.5543019028 5153039.324323427
 242929.94373827067 5153049.314834179
 242930.33317463897 5153059.305344929
 242930.2356564708 5153068.871911487
 242930.53905486935 5153079.662537648
 242931.0077157413 5153089.304911963
 242931.44106183632 5153099.293614433
 242931.87440793117 5153109.28231691
 242932.3077540253 5153119.271019373
 242932.7411001203 5153129.259721844
 242933.17444621533 5153139.24842432
 242933.60779230949 5153149.237126782
 242934.04113840443 5153159.225829251
 242934.47448449917 5153169.214531721
 242934.9078305933 5153179.203234183
 242935.3411766883 5153189.191936653
 242935.77452278315 5153199.180639131
 242936.1853614845 5153209.128249382
 242936.5662927412 5153219.119088053
 242936.94722399832 5153229.10992672
 242937.32815525524 5153239.100765382
 242937.70908651236 5153249.09160405
 242938.0900177684 5153259.082442705
 242938.47094902536 5153269.07328138
 242938.85188028225 5153279.064120042
 242939.2328115392 5153289.054958702
 242939.61374279624 5153299.045797373
 242939.9946740524 5153309.036636025
 242940.37560530956 5153319.027474692
 242940.75653656624 5153329.018313361
 242941.1374678233 5153339.009152031
 242941.5183990802 5153348.999990693
 242941.87063577693 5153358.963576541
 242942.2162503249 5153368.955699262
 242942.56186487392 5153378.947821981
 242942.90747942196 5153388.939944702
 242943.25309396992 5153398.932067421
 242943.59870851893 5153408.924190142
 242943.9443230669 5153418.916312861
 242944.2899376152 5153428.908435574
 242944.63555216385 5153438.900558294
 242944.9811667118 5153448.892681014
 242945.32678126093 5153458.884803732
 242945.69918917184 5153468.9043168
 242946.0802059468 5153478.8951522
 242946.46122272185 5153488.885987599
 242946.84223949764 5153498.876823018
 242947.2232562726 5153508.867658417
 242947.6042730476 5153518.858493827
 242947.9852898228 5153528.849329218
 242948.36630659783 5153538.840164619
 242948.7473233736 5153548.8310000375
 242949.1283401486 5153558.821835437
 242949.50935692363 5153568.812670838
 242949.89037369884 5153578.803506238
 242950.27139047385 5153588.794341639
 242950.65240724964 5153598.785177048
 242951.03635178335 5153608.793963258
 242951.43991170655 5153618.78391346
 242951.84347163056 5153628.7738636695
 242952.2470315536 5153638.763813879
 242952.65059147755 5153648.753764089
 242953.0541514014 5153658.743714319
 242953.4577113246 5153668.73366452
 242953.8612712484 5153678.723614738
 242954.2648311716 5153688.71356494
 242954.6683910954 5153698.703515158
 242955.07195101844 5153708.693465362
 242955.47551094252 5153718.683415579
 242955.87907086557 5153728.67336579
 242956.2826307896 5153738.663316
 242956.68619071337 5153748.6532662185
 242957.09665429144 5153758.668422289
 242957.5320217636 5153768.657036858
 242957.9673892356 5153778.645651427
 242958.4027567076 5153788.634265998
 242958.83812417943 5153798.622880559
 242959.27349165143 5153808.611495129
 242959.70885912344 5153818.600109699
 242960.14422659544 5153828.5887242695
 242960.57959406744 5153838.577338839
 242961.01496153945 5153848.565953409
 242961.45032901145 5153858.55456798
 242961.88569648343 5153868.543182549
 242962.3210639556 5153878.531797119
 242962.7564314276 5153888.520411687
 242963.1917988996 5153898.509026257
 242963.733186474 5153908.672354124
 242964.3934981754 5153918.648623684
 242965.0538098764 5153928.624893245
 242965.7141215774 5153938.601162805
 242966.374433278 5153948.577432355
 242967.034744979 5153958.553701914
 242967.69505668 5153968.529971474
 242968.35536838105 5153978.506241035
 242969.0156800824 5153988.482510594
 242969.67599178336 5153998.458780154
 242970.33630348407 5154008.435049705
 242970.99661518508 5154018.411319265
 242971.65692688603 5154028.387588825
 242972.317238587 5154038.363858384
 242972.9775502884 5154048.340127944
 242973.4605810145 5154058.111037889
 242973.85330139147 5154068.101420099
 242974.24602176948 5154078.091802299
 242974.36383788247 5154081.088916959
 1 271