L  151 1
 241624.3171936905 5150306.274322106
 241634.38916045197 5150307.869159938
 241644.32499786429 5150306.572716275
 241654.22117992752 5150306.242615005
 241663.4189273384 5150306.611867914
 241673.28987992305 5150306.1810689205
 241683.141787712 5150305.332627405
 241693.03001273164 5150305.043661761
 241703.03049972048 5150306.032743225
 241713.029894855 5150306.021825286
 241722.99345116556 5150304.968201518
 241732.98670625844 5150304.617666327
 241742.97996135044 5150304.267131138
 241752.973216442 5150303.916595938
 241762.9314159132 5150302.5666753845
 241772.95972662544 5150303.215525557
 241782.9880373365 5150303.86437572
 241792.94623680945 5150302.514455168
 241803.2061430269 5150302.435365582
 241812.62806283755 5150302.168894272
 241822.700255681 5150302.670348495
 241832.4637633895 5150300.948305175
 241842.20017017695 5150300.11136265
 241852.07405711123 5150300.264615794
 241862.0622875164 5150299.796792197
 241872.04037905065 5150299.11602689
 241882.071862598 5150298.525421163
 241892.0232200475 5150298.733037015
 241901.9937593385 5150298.275433606
 241912.1564963723 5150297.44657518
 241921.45107156504 5150297.710199218
 241931.5264569437 5150296.259567007
 241941.575480584 5150296.90382021
 241951.5130972155 5150297.7582771
 241961.49522845456 5150297.046798119
 241971.409143187 5150296.901146529
 241981.05853977049 5150294.328147285
 241990.7725411405 5150294.555932875
 242000.4659582245 5150295.220413554
 242010.4099255575 5150294.26439658
 242020.396956205 5150293.816471585
 242030.39523252344 5150294.266626609
 242040.3751996285 5150293.060295505
 242050.3217644145 5150293.6022909805
 242060.3377902746 5150293.382852573
 242070.1453762949 5150291.0534468815
 242080.14331889036 5150290.963932778
 242090.137709951 5150291.4720855
 242100.08540367268 5150289.983367326
 242110.077938118 5150289.61285766
 242120.0757500789 5150289.244769483
 242130.1044968625 5150290.02207468
 242140.07982735275 5150288.805191808
 242150.0985841635 5150289.58783741
 242160.07391465423 5150288.370954539
 242170.0926714645 5150289.15360014
 242179.98937273567 5150287.663187434
 242189.981519259 5150286.844284614
 242199.96358329908 5150286.255710285
 242210.004508296 5150286.665402155
 242220.001695957 5150286.737572795
 242229.998839094 5150286.808501786
 242239.8618000852 5150284.218130657
 242250.12953509175 5150289.7426586
 242259.91964520785 5150284.344347212
 242269.951186325 5150284.941176444
 242279.942488942 5150284.53881558
 242289.933791559 5150284.13645471
 242299.925094176 5150283.734093845
 242309.8761582928 5150282.332542872
 242319.95027858805 5150283.918237149
 242329.8544200217 5150281.490068167
 242339.88757496295 5150282.059123815
 242349.83472089225 5150280.630029705
 242359.82487133748 5150280.200010482
 242369.858026268 5150280.76906613
 242379.848176703 5150280.3390469
 242389.8813316335 5150280.908102549
 242399.82847757352 5150279.47900844
 242409.81862800848 5150279.04898921
 242419.8087784435 5150278.618969984
 242429.7989288785 5150278.188950755
 242439.8320838184 5150278.758006403
 242449.81088362247 5150278.337945051
 242459.74278574457 5150276.02594538
 242469.76858736848 5150276.712475835
 242479.7630891585 5150276.39949625
 242489.7575909485 5150276.08651666
 242499.78339257336 5150276.773047121
 242509.77789436336 5150276.460067531
 242519.7410963195 5150275.147577905
 242529.7355981095 5150274.83459832
 242539.7300998995 5150274.521618729
 242549.7246016895 5150274.208639151
 242559.7504033144 5150274.895169601
 242569.66425210817 5150272.458428424
 242579.65370451385 5150272.01248775
 242589.691818406 5150272.67967484
 242599.7142741177 5150273.4134348575
 242609.68354936352 5150272.14790204
 242619.515074645 5150272.482451551
 242629.02148335148 5150271.77120816
 242639.18299746895 5150271.920926182
 242648.866247473 5150270.047564056
 242658.8573585596 5150270.888700116
 242668.707390895 5150269.229740405
 242678.59099044316 5150269.141439315
 242688.0515405898 5150270.575637983
 242698.2547888904 5150268.625679762
 242708.189332167 5150268.502577315
 242718.29549619384 5150267.135619528
 242727.8873522055 5150266.906131235
 242737.852399918 5150266.57861556
 242747.837955774 5150266.057156865
 242757.832161242 5150266.065582216
 242767.825268042 5150265.747139694
 242777.80806177304 5150265.191974405
 242787.784355913 5150264.512579455
 242797.746846216 5150263.65885541
 242807.7320895425 5150263.208331455
 242817.7221788975 5150263.639767354
 242827.719121359 5150263.736038995
 242837.68949762665 5150262.592138465
 242847.60255869804 5150262.133864894
 242857.66315956 5150262.31631298
 242867.65525432 5150261.934129035
 242877.6473490795 5150261.551945085
 242887.639443839 5150261.169761135
 242897.6697592885 5150261.786846512
 242907.6240986435 5150260.41828533
 242917.617747722 5150260.07916832
 242927.58864406627 5150258.099242374
 242937.509759679 5150259.831407905
 242947.36020745448 5150259.210771374
 242957.3329167935 5150258.689020345
 242967.265715981 5150258.26422325
 242977.2637697429 5150258.357856365
 242987.05357073917 5150258.686805965
 242997.2031433664 5150258.646875645
 243007.145506541 5150257.18487814
 243017.1341795295 5150256.72180776
 243027.1228525185 5150256.258737385
 243037.1926000556 5150257.802266002
 243047.14349533053 5150256.399516741
 243057.13474942304 5150255.995952722
 243067.12600351413 5150255.592388711
 243077.0768987905 5150254.189639445
 243087.14887051572 5150255.784445932
 243097.0997657921 5150254.381696671
 243107.09101989435 5150253.978132656
 243110.08839611305 5150253.857063452
 1 273