from_cat,to_x,to_y
1,212800.058,5195183.076
2,222852.623,5215483.189
2,216458.812,5215809.44
2,224438.813,5215410.067
2,229188.128,5213631.645
2,221250.74,5215493.221
2,225984.611,5213693.513
2,219673.046,5215665.235
2,224430.34,5213818.708
2,230778.494,5213525.327
2,234023.682,5213386.687
2,227586.167,5213609.54
3,224702.109,5192947.149
3,226314.472,5192930.067
3,229526.638,5192803.803
3,227913.149,5192870.174
5,233794.254,5180304.139
5,232167.384,5180567.618
5,235494.091,5180103.132
5,232993.743,5180527.928
5,235576.186,5181214.653
7,212248.579,5185386.057
8,220218.273,5199580.424
8,218975.255,5207733.521
8,218902.144,5206121.066
8,218825.781,5204502.309
9,212722.376,5178980.787
9,211909.801,5179023.363
10,216593.223,5219062.866
10,216593.223,5219062.866
10,222974.959,5218779.774
10,222974.959,5218779.774
10,219815.561,5218911.736
10,219815.561,5218911.736
11,214056.44,5175730.435
12,228883.971,5187992.845
12,223827.851,5189811.204
12,223827.851,5189811.204
12,227693.596,5188040.924
12,224517.108,5188912.312
12,225682.552,5188133.549
12,227803.085,5188037.174
15,227555.443,5199931.536
15,227702.875,5200342.673
16,227130.431,5196503.026
16,226514.609,5197762.181
17,223825.082,5191426.617
18,234996.975,5161858.182
19,237616.745,5164979.483
19,237616.745,5164979.483
19,239222.985,5164903.964
19,239222.985,5164903.964
19,236000.496,5164924.734
19,237199.518,5164984.056
19,237199.518,5164984.056
19,240093.108,5165010.803
19,240093.108,5165010.803
20,216340.061,5194922.763
20,216340.061,5194922.763
20,216615.118,5194318.298
20,217973.072,5192175.545
20,217500.94,5192883.21
20,216747.313,5194023.173
20,217285.283,5193305.749
20,218234.746,5191871.135
20,215811.597,5195530.712
20,216935.096,5193831.768
20,216879.526,5193797.539
20,216497.728,5194622.413
20,216616.197,5194897.308
20,216504.427,5195024.766
20,216587.994,5194768.133
20,216149.561,5194930.244
20,216149.561,5194930.244
20,216185.093,5194927.11
20,216185.093,5194927.11
20,215234.603,5196621.664
20,215294.046,5197633.439
21,215564.152,5214232.412
21,216392.148,5214182.929
21,219596.379,5214034.004
21,221202.085,5213943.32
22,216953.901,5198553.005
22,216144.257,5198584.416
22,215568.421,5198601.567
22,215326.665,5198562.974
22,215332.861,5198609.673
25,214416.981,5204676.263
26,213329.177,5190224.864
26,216548.963,5190093.86
26,219523.815,5189972.382
26,220540.809,5189928.288
26,211716.038,5190289.613
27,236565.697,5139184.167
27,241174.065,5139027.789
27,238171.729,5139107.161
27,239550.416,5139077.596
28,224003.755,5142992.883
28,228007.605,5141204.037
28,225385.962,5142062.222
28,226972.507,5141248.868
29,221223.806,5159242.07
30,244924.825,5123078.026
30,243380.283,5124836.623
30,244970.912,5124280.89
31,227403.844,5139615.606
32,227988.642,5131488.086
33,231573.697,5134584.107
34,229863.733,5133021.357
34,233087.327,5132886.49
34,231469.503,5132952.64
37,234695.613,5164489.022
37,234894.622,5165087.871
38,239321.028,5167971.139
39,239693.232,5166548.149
41,237486.516,5161751.937
41,235864.652,5161827.307
41,242229.673,5161598.786
41,234996.975,5161858.182
42,220218.273,5199580.424
42,220218.273,5199580.424
42,218608.531,5199648.729
42,216998.708,5199709.343
42,216179.67,5199742.211
42,214482.201,5199811.57
42,215109.956,5199787.148
42,215387.107,5199773.261
42,214623.236,5199804.158
42,214276.393,5199837.452
43,216093.765,5197936.586
48,248080.421,5124129.02
48,247758.42,5132236.472
48,247449.755,5133880.06
48,247996.214,5130654.052
48,248445.798,5129262.249
49,247996.214,5130654.052
51,226571.994,5137474.917
51,227403.844,5139615.606
51,226795.354,5138023.975
52,226795.354,5138023.975
52,228455.908,5137942.653
52,230060.799,5137877.391
54,217466.609,5162675.85
54,218972.543,5162609.047
54,222872.762,5160270.083
54,221349.264,5162470.43
54,222975.233,5159181.391
54,222139.842,5160840.948
54,218169.904,5162663.481
54,219780.41,5162556.371
55,222975.233,5159181.391
57,222139.842,5160840.948
59,227098.668,5170291.121
59,226484.645,5168726.305
59,226345.544,5165504.115
62,229920.242,5202417.92
62,228305.972,5202488.784
62,225065.728,5202597.958
62,231481.47,5202360.459
62,233082.588,5202243.729
63,234475.487,5200569.155
63,234475.487,5200569.155
63,234632.73,5200431.57
63,233082.588,5202243.729
66,224646.815,5184941.648
66,231036.641,5183918.136
66,231036.641,5183918.136
66,227523.331,5184807.162
66,224849.499,5184916.536
66,224956.182,5184911.977
66,225140.742,5184905.409
66,225272.392,5184898.041
66,225901.041,5184868.054
66,226703.487,5184838.896
68,233327.858,5207074.215
68,228529.038,5207318.854
68,228529.038,5207318.854
68,231719.972,5207153.885
68,231719.972,5207153.885
68,230121.699,5207197.035
69,222585.304,5209056.144
69,222585.304,5209056.144
69,222585.304,5209056.144
69,231789.114,5208646.359
69,231789.114,5208646.359
69,233732.024,5208569.938
69,233732.024,5208569.938
69,223814.955,5209002.972
69,223814.955,5209002.972
69,225401.533,5208932.688
69,225401.533,5208932.688
69,225401.533,5208932.688
69,227402.244,5208843.292
69,227787.899,5208827.648
69,231788.09,5208637.164
69,231788.09,5208637.164
69,219495.941,5209202.488
72,224579.145,5189767.474
72,224579.145,5189767.474
72,224035.916,5189785.356
72,223827.851,5189811.204
72,223827.851,5189811.204
72,226485.879,5189703.913
72,226485.879,5189703.913
72,226182.473,5189709.65
72,226182.473,5189709.65
72,227788.943,5189652.558
72,227788.943,5189652.558
73,234760.736,5208551.515
74,219504.614,5210689.587
74,233863.261,5210165.164
74,230665.553,5210311.169
74,222665.463,5210648.416
75,218324.91,5165848.137
75,217391.584,5165917.5
75,219936.046,5165781.27
76,219936.046,5165781.27
77,233710.774,5148528.054
77,230438.78,5147532.158
77,238628.148,5150413.438
77,242887.287,5151865.964
77,227197.376,5147692.151
77,232036.982,5147563.681
77,234296.153,5148988.849
77,223963.091,5147850.774
77,225577.628,5147769.862
77,222354.867,5147942.073
77,228817.568,5147619.531
80,223438,5134899.645
80,225554.283,5134825.66
80,225095.649,5134849.676
82,214562.759,5154634.233
82,214663.61,5154680.256
99,242669.612,5135710.289
99,236431.466,5135974.604
99,233189.961,5136105.286
99,235440.574,5136014.45
99,226165.499,5136414.306
99,233198.864,5136093.764
99,223481.464,5136528.131
99,241060.94,5135784.034
99,239440.847,5135841.663
99,231607.138,5136169.27
100,241174.065,5139027.789
100,241060.94,5135784.034
101,241174.065,5139027.789
103,242669.612,5135710.289
104,231908.205,5144233.175
105,225471.967,5144552.149
105,229224.47,5144376.924
105,222258.743,5144732.85
105,227085.71,5144474.197
105,223867.335,5144700.368
107,212062.809,5182169.464
107,211915.826,5182173.398
107,214490.535,5182100.173
107,216110.691,5182057.861
107,219056.435,5181973.291
107,212871.318,5182143.658
109,217973.746,5186835.735
109,214765.404,5186924.071
109,216382.373,5186879.194
109,212352.909,5186997.373
111,223403.831,5133315.386
111,224041.546,5133277.799
113,223670.704,5206674.106
113,222249.379,5206727.849
113,225008.286,5205840.461
113,225227.541,5205819.768
113,233231.984,5205475.964
113,231617.641,5205562.371
113,230062.355,5205606.238
117,271112.697,5200861.323
117,269831.844,5203024.92
118,272868.314,5204945.732
119,269958.146,5203933.768
119,272868.314,5204945.732
119,272868.314,5204945.732
119,268101.727,5204733.381
119,269500.384,5203957.35
120,227173.043,5177439.849
120,225546.095,5177301.469
120,235128.455,5173425.883
120,230314.659,5174869.071
120,225487.727,5175846.482
120,227770.385,5176730.282
120,236079.972,5173132.055
120,228713.901,5175373.568
120,223926.647,5177090.692
120,231929.432,5174576.254
120,225736.158,5175202.747
121,229725.582,5158878.01
121,229725.582,5158878.01
121,229725.582,5158878.01
121,230696.569,5153995.461
121,229342.919,5159469.805
121,229342.919,5159469.805
121,229342.919,5159469.805
121,228361.903,5162177.389
121,228361.903,5162177.389
121,228361.903,5162177.389
121,230181.777,5157238.495
121,230181.777,5157238.495
121,230181.777,5157238.495
121,227284.143,5163844.285
121,227284.143,5163844.285
121,227284.143,5163844.285
122,233509.039,5143730.487
122,228617.03,5142790.695
122,231855.3,5142622.246
122,225422.325,5142933.635
122,227033.61,5142858.267
123,233482.527,5128027.316
124,227988.642,5131488.086
124,231573.697,5134584.107
124,233189.961,5136105.286
124,238251.746,5140713.935
124,234893.488,5137639.503
124,236565.697,5139184.167
124,229863.733,5133021.357
124,232515.817,5135456.04
124,239670.344,5142279.708
124,243048.934,5145375.566
124,233198.864,5136093.764
124,228206.098,5131585.708
125,227988.642,5131488.086
125,226388.45,5130788.059
125,227845.164,5131401.754
126,237248.408,5176314.463
126,234628.354,5178750.974
126,231756.2,5179770.699
126,232120.681,5179573.525
128,212228.141,5184787.795
128,213098.356,5183764.573
128,216205.583,5183662.908
128,212999.982,5183918.056
129,219393.385,5170632.138
130,220530.952,5173001.257
130,218895.197,5173074.073
130,217284.966,5173150.366
130,215673.296,5173229.053
131,235409.414,5126350.195
131,237265.36,5127755.396
131,237432.594,5127848.38
132,215313.379,5198088.763
132,217803.739,5197626.945
132,214959.575,5199111.01
132,220007.996,5194685.627
132,215320.353,5198198.233
132,214613.55,5199609.514
132,220010.932,5194735.264
132,213777.974,5201463.413
132,213752.329,5201719.556
132,215326.665,5198562.974
132,215336.362,5198521.308
132,215332.861,5198609.673
132,215178.139,5198783.757
132,214276.393,5199837.452
