cat,lcat,along,x,y
1,1,0,224260.2108,5193246.565
2,1,5150.70167271698,229166.354920836,5192825.04203784
3,1,10301.403345434,234309.0609,5192545.1955
4,2,0,231561.3573,5180589.24
5,2,2619.51817559923,234144.702963187,5180306.08719262
6,2,5239.03635119847,235562.6064,5181208.3572
7,3,0,219111.6121,5208174.2514
8,3,5067.70800048573,220174.052383688,5204423.28390685
9,3,10135.4160009715,220229.2509,5199615.9633
10,4,0,211959.4972,5179012.138
11,4,2391.06267347856,214348.420506744,5178932.54637113
12,4,4782.12534695712,216736.4287,5178813.352
13,5,0,227430.238299981,5218571.2618
14,5,152.977109577945,227582.955749991,5218562.35245
15,5,305.95421915589,227735.6732,5218553.4431
16,6,0,225095.10079997,5218681.4023
17,6,1168.87137012976,226262.624334355,5218625.28727907
18,6,2337.74274025952,227430.238299981,5218571.2618
19,7,0,218965.8056,5174687.7148
20,7,392.783155036117,218953.257697792,5174295.13560226
21,7,785.566310072233,218942.7955,5173902.4927
22,8,0,231385.0752,5211894.2473
23,8,6931.20393159595,224460.309684726,5212190.6167876
24,8,13862.4078631919,217551.2701,5212470.8243
25,9,0,231414.2124,5200743.3818
26,9,2278.78905998354,229138.046741437,5200851.19946332
27,9,4557.57811996709,227568.0694,5199926.8319
28,10,0,224741.0682,5200064.0334
29,10,2926.29856026507,226078.857744867,5198059.45868502
30,10,5852.59712053013,227600.0386,5196110.175
31,11,0,223833.9879,5191415.5667
32,11,578.994213447085,224412.449227462,5191392.91419664
33,11,1157.98842689417,224991.021899999,5191370.8795
34,12,0,240159.408799997,5164904.0231
35,12,1012.31727155142,241170.48486597,5164871.95171683
36,12,2024.63454310284,242180.872431948,5164824.93272991
37,13,0,234496.2162,5196825.1874
38,13,1734.6972693979,234433.218955436,5195095.00414057
39,13,3469.3945387958,234352.0875,5193362.4964
40,14,0,213710.1556,5204715.6302
41,14,560.645460349399,214269.840461932,5204683.41438145
42,14,1121.2909206988,214829.1889,5204648.3235
43,15,0,210410.8699,5190295.1483
44,15,5482.42034968047,215875.244572247,5190120.97095552
45,15,10964.8406993609,221352.678,5189891.0619
46,16,0,218203.0493,5159391.771
47,16,1817.57260915402,220018.971532557,5159316.1992983
48,16,3635.14521830805,221833.9718,5159221.3245
49,17,0,243495.8025,5127205.5871
50,17,2188.93389384453,243392.745296825,5125019.12067228
51,17,4377.86778768905,243648.8732,5123130.5824
52,18,0,231720.8473,5139428.7709
53,18,2154.39877187569,229568.909794358,5139523.05739168
54,18,4308.79754375139,227417.461085146,5139626.62144419
55,19,0,235223.781,5166290.4729
56,19,2290.63416881847,233232.344476614,5165974.71673812
57,19,4581.26833763694,230944.4579,5166085.7098
58,20,0,215310.4537,5198010.9102
59,20,1248.36642805549,216555.179068188,5197964.24635649
60,20,2496.73285611098,217801.8187,5197899.2844
61,21,0,214503.8453,5210254.2733
62,21,489.256594935303,214601.749431255,5210729.67276709
63,21,978.513189870607,214618.5072,5211169.6817
64,22,0,64102.2555999998,5148911.4011
65,22,1066.65237930387,65166.3864359546,5148879.2407702
66,22,2133.30475860774,66231.8679999998,5148829.5237
67,23,0,226803.7471,5138034.7875
68,23,4674.12170543961,231470.11425714,5137815.13047303
69,23,9348.24341087922,235267.2203,5138758.9333
70,24,0,230939.8379,5130546.3743
71,24,1340.38857958143,230884.050926368,5129207.20043527
72,24,2680.77715916286,230821.2786,5127870.2286
73,25,0,222011.2163,5161160.866
74,25,2253.56662935299,224076.420524187,5161255.56922199
75,25,4507.13325870599,226175.5845,5161465.5443
76,26,0,222167.1606,5160832.2022
77,26,1176.95410669405,223343.032634943,5160781.82860521
78,26,2353.9082133881,224518.7827,5160728.616
79,27,0,234485.355,5200551.3612
80,27,87.6032850100155,234553.25715,5200496.0111
81,27,175.206570020031,234621.1593,5200440.661
82,28,0,209864.5586,5219362.1934
83,28,1180.16608442762,211041.981354359,5219289.17196547
84,28,2360.33216885524,212221.0592,5219238.7821
85,29,0,234879.6771,5206148.9798
86,29,395.880867663774,234912.885700757,5206543.44187555
87,29,791.761735327548,234942.44424594,5206938.20850089
88,30,0,234292.216600004,5207015.4949
89,30,1278.45054628602,233016.115551314,5207091.4153665
90,30,2556.90109257204,231739.307400008,5207156.1699
91,31,0,230775.264500175,5207180.3691
92,31,489.443713443352,230286.037214616,5207194.91696587
93,31,978.887426886704,229798.092600056,5207213.9763
94,32,0,228609.436399998,5208788.6593
95,32,1596.42714000433,230204.390139144,5208720.20031472
96,32,3192.85428000865,231799.060399998,5208647.5466
97,33,0,225391.0214,5208933.8163
98,33,782.614357444689,224609.148518699,5208967.86232854
99,33,1565.22871488938,223827.278803694,5209001.97969984
100,34,0,222563.988100045,5209058.9357
101,34,1208.10703970432,221357.265755136,5209116.66487392
102,34,2416.21407940863,220150.344900246,5209169.91069999
103,35,0,220150.344900246,5209169.91069999
104,35,410.745185086325,219740.076298912,5209189.1133972
105,35,821.49037017265,219335.6016,5209208.9814
106,36,0,222603.540800095,5209057.3484
107,36,19.7922687084645,222583.76445007,5209058.14205
108,36,39.584537416929,222563.988100045,5209058.9357
109,37,0,225414.869700047,5208932.5667
110,37,11.9405078962892,225402.945550023,5208933.1915
111,37,23.8810157925784,225391.0214,5208933.8163
112,38,0,234639.261811814,5210169.19131511
113,38,859.3276074518,234588.540813754,5209324.81183427
114,38,1718.6552149036,234763.4998,5208551.853
115,39,0,219948.9326,5165783.6968
116,39,719.914731070644,219915.106313969,5165064.59851202
117,39,1439.82946214129,219881.6752,5164345.465
118,40,0,243232.1261,5150195.9461
119,40,2006.2770332743,243156.037887148,5148195.32392961
120,40,4012.55406654859,243079.56123232,5146191.83462562
121,41,0,214333.7803,5153286.4685
122,41,3110.61657311641,215917.446017038,5154653.3539549
123,41,6221.23314623281,219025.6908,5154533.2591
124,42,0,295905.3076,5202872.8211
125,42,705.738275571662,295914.967592256,5203304.79437036
126,42,1411.47655114332,295898.3232,5203914.9609
127,43,0,291723.4715,5201236.8803
128,43,2474.26738051371,292376.318166775,5202706.81289975
129,43,4948.53476102742,292045.1296,5204639.1447
130,44,0,289778.0151,5202427.8916
131,44,30.1968760049093,289797.357848998,5202451.08015959
132,44,60.3937520098186,289816.715,5202474.2567
133,45,0,270063.8727,5190926.1958
134,45,962.548876444713,270959.856126527,5191150.8858399
135,45,1925.09775288943,271415.0168,5190669.9388
136,46,0,272913.5524,5192267.3192
137,46,1137.9241899637,272334.222265224,5191558.56883015
138,46,2275.8483799274,271967.4409,5190758.127
139,47,0,241183.6968,5139062.5152
140,47,755.896847894454,241210.734620432,5139816.97197379
141,47,1511.79369578891,241231.5048,5140572.1331
142,48,0,211239.2034,5182058.1524
143,48,4041.31998275352,215231.164263902,5182081.7957674
144,48,8082.63996550704,219270.3259,5181954.3941
145,49,0,217608.7371,5180396.814
146,49,2112.46022823859,215497.436864904,5180466.07327417
147,49,4224.92045647718,213385.756523237,5180520.4524009
148,50,0,235615.7008,5205361.4827
149,50,6988.35759767634,228637.203807355,5205656.09823343
150,50,13976.7151953527,222139.4136,5206716.3394
151,51,0,292619.7601,5207996.6912
152,51,1144.88384908532,292120.426227856,5207048.26732623
153,51,2289.76769817064,292078.6916,5206088.0408
154,52,0,293444.1393,5209094.8238
155,52,493.221598379771,293229.664553482,5208822.48875714
156,52,986.443196759542,292990.3074,5208423.1566
157,53,0,231356.9973,5180134.7062
158,53,4091.43831115942,234531.248625384,5178773.91100256
159,53,8182.87662231884,237284.0456,5176322.9529
160,54,0,230690.168,5153995.2125
161,54,400.943948956773,230289.791437306,5154016.53521678
162,54,801.887897913545,229889.260685357,5154034.59246613
163,55,0,214068.2833,5195067.5848
164,55,789.776657040827,213279.31968564,5195103.01666443
165,55,1579.55331408165,212771.963,5195519.9714
166,56,0,235624.2037,5213322.9157
167,56,11042.4495702583,224593.45146739,5213801.41966077
168,56,22084.8991405167,215207.5108,5215892.7807
169,57,0,251912.263,5201949.3563
170,57,1831.2518519624,250349.354696855,5201452.62959068
171,57,3662.50370392479,250325.2767,5200001.3592
172,58,0,210962.836778286,5212827.96687104
173,58,1068.53045897885,212028.18503107,5212797.76523095
174,58,2137.06091795769,213095.5212,5212747.5032
175,59,0,211764.5807,5185401.9348
176,59,2495.86662217166,214253.804326049,5185329.61900761
177,59,4991.73324434333,216748.6859,5185260.3868
178,60,0,223778.71769998,5218742.1657
179,60,393.679892744757,224172.041736508,5218725.43186247
180,60,787.359785489515,224565.325899776,5218707.78980001
181,61,0,224588.610999894,5218706.76210001
182,61,253.562776464757,224841.879114962,5218694.54148226
183,61,507.125552929513,225095.10079997,5218681.4023
184,62,0,216731.621600015,5219055.6092
185,62,80.4107201748719,216651.268600166,5219058.65539999
186,62,160.821440349744,216570.915600318,5219061.70159999
187,63,0,222956.81529998,5218780.5934
188,63,411.400122524572,223367.76649998,5218761.37955
189,63,822.800245049144,223778.71769998,5218742.1657
190,64,0,224565.325899776,5218707.78980001
191,64,11.6538840605833,224576.968449835,5218707.27595001
192,64,23.3077681211666,224588.610999894,5218706.76210001
193,65,0,223641.1139,5189972.0849
194,65,154.431715098145,223729.606369347,5189904.58311118
195,65,308.863430196291,223829.191876252,5189805.81878084
196,66,0,223829.191876252,5189805.81878084
197,66,3.57921099181675,223830.655074784,5189802.76125707
198,66,7.1584219836335,223833.103242077,5189800.15027484
199,67,0,213815.886800001,5177148.9455
200,67,1527.97106638297,215130.996036849,5177275.15677758
201,67,3055.94213276594,216657.2727,5177205.0492
202,68,0,240364.6703,5159576.0912
203,68,3551.44766548021,237067.380926802,5160126.35993173
204,68,7102.89533096042,234993.8221,5161858.9143
205,69,0,237611.4111,5164980.7583
206,69,205.15130894124,237406.38165,5164987.82825
207,69,410.302617882479,237201.3522,5164994.8982
208,70,0,242772.447599799,5164796.99380001
209,70,146.664025886826,242918.9610999,5164790.3507
210,70,293.328051773651,243065.4746,5164783.7076
211,71,0,235991.8313,5164926.5626
212,71,637.530061031317,236581.995979182,5164998.19930587
213,71,1275.06012206263,237201.3522,5164994.8982
214,72,0,215576.788,5214214.5824
215,72,3612.6003043594,219185.078499163,5214054.97050083
216,72,7225.20060871879,222792.773,5213867.9793
217,73,0,228399.3308,5172661.0405
218,73,1722.5762934762,230119.134387815,5172577.34597142
219,73,3445.15258695239,231839.7202,5172495.5232
220,74,0,238561.2916,5131016.6919
221,74,5280.81291422485,233286.383485911,5131261.39879988
222,74,10561.6258284497,228011.465488142,5131505.98479118
223,75,0,235249.5367,5166279.7497
224,75,933.733442894562,234980.310702199,5165385.67738006
225,75,1867.46688578912,234720.2622,5164488.9649
226,76,0,239293.4367,5167970.2613
227,76,1484.53270896715,237902.565036971,5167794.63697807
228,76,2969.0654179343,237472.583330282,5166596.31609869
229,77,0,242171.7103,5168038.7821
230,77,807.03084931168,241365.623561224,5168077.80133081
231,77,1614.06169862336,240559.3163,5168111.8153
232,78,0,234993.4968,5161871.9453
233,78,4013.22729891939,239002.819967514,5161698.64303224
234,78,8026.45459783878,243013.636,5161566.9449
235,79,0,219562.947462035,5169055.99454884
236,79,3.87705348196865,219562.664211625,5169052.12785608
237,79,7.7541069639373,219562.380961216,5169048.26116332
238,80,0,226803.7471,5138034.7875
239,80,855.53242998278,227104.394551533,5138834.20987433
240,80,1711.06485996556,227417.461085145,5139626.62144419
241,81,0,227696.6583,5158958.687
242,81,2361.08347165631,225337.697760877,5159057.58608094
243,81,4722.16694331261,222979.369341208,5159171.27640317
244,82,0,234114.7959,5158665.3432
245,82,829.7628245945,234929.727660647,5158644.08650383
246,82,1659.525649189,235739.37,5158590.8278
247,83,0,230717.445899999,5183863.3123
248,83,808.48327559621,231522.360589374,5183827.25643294
249,83,1616.96655119242,232330.3179,5183800.4515
250,84,0,224648.0574,5184921.2238
251,84,1831.07659580351,226477.583316455,5184848.51175331
252,84,3662.15319160702,228307.3602,5184782.6236
253,85,0,234942.921775086,5206967.00628817
254,85,19.9480063556146,234923.205830243,5206968.99031817
255,85,39.8960127112293,234903.283100038,5206969.9942
256,86,0,231739.307400008,5207156.1699
257,86,177.728716617107,231561.613651942,5207159.5578773
258,86,355.457433234214,231383.931000025,5207163.6041
259,87,0,229798.092600056,5207213.9763
260,87,306.119103739603,229492.266644639,5207227.36899169
261,87,612.238207479206,229186.920100163,5207248.12339999
262,88,0,226962.666100009,5208862.0054
263,88,774.703318401982,226188.802884247,5208898.03794041
264,88,1549.40663680396,225414.869700047,5208932.5667
265,89,0,227803.657300004,5189651.5019
266,89,686.224191586239,227117.927415408,5189677.33892429
267,89,1372.44838317248,226433.093600032,5189704.967
268,90,0,234173.9675,5189327.9471
269,90,795.530752248492,233379.62531145,5189371.23775538
270,90,1591.06150449698,232585.149400001,5189412.0783
271,91,0,217390.1182,5165906.7015
272,91,1282.07145724991,218669.616976178,5165838.13690022
273,91,2564.14291449982,219948.9326,5165783.6968
274,92,0,219948.9326,5165783.6968
275,92,763.989121471291,220712.116347014,5165759.2932126
276,92,1527.97824294258,221475.3224,5165724.826
277,93,0,222980.034,5135046.3398
278,93,1918.9363563723,224810.373407844,5134858.45735532
279,93,3837.87271274461,226726.506792791,5134779.96683048
280,94,0,273800.906468232,5201506.88102967
281,94,903.471826123991,274685.239337738,5201543.12218346
282,94,1806.94365224798,275249.2932,5202109.0482
283,95,0,273277.283795171,5208748.79499968
284,95,22.8138139959154,273278.750022849,5208771.56164821
285,95,45.6276279918307,273280.216250526,5208794.32829675
286,96,0,291723.4715,5201236.8803
287,96,515.887270656327,291416.900689395,5201563.26584714
288,96,1031.77454131265,291008.88,5201681.1204
289,97,0,272913.5524,5192267.3192
290,97,465.696146081026,273355.158403525,5192135.4409618
291,97,931.392292162052,273659.0457,5191793.0241
292,98,0,237918.9267,5132660.232
293,98,1523.64299885895,239440.883536651,5132598.14804962
294,98,3047.2859977179,240963.0374,5132533.4569
295,99,0,221117.8969,5186710.919
296,99,4974.34541760784,216147.020193181,5186885.53182344
297,99,9948.69083521568,211182.0917,5187088.2325
298,100,0,213146.879999996,5215989.3308
299,100,150.554946358315,213296.899404992,5215977.15018651
300,100,301.10989271663,213447.23,5215968.9341
301,101,0,270634.3462,5205415.1322
302,101,600.19592934704,270566.472708669,5204895.0069482
303,101,1200.39185869408,270416.995076133,5204344.29865088
304,102,0,267005.9967,5204939.0897
305,102,2381.79795275592,268336.302804749,5204867.20076149
306,102,4763.59590551183,269675.844124251,5203807.37800367
307,103,0,223733.1165,5177067.0387
308,103,824.299500482836,224114.421211598,5176939.11151634
309,103,1648.59900096567,224740.456201425,5176938.19296821
310,104,0,229885.8059,5154038.2303
311,104,7546.5763366357,229050.360529975,5159780.62963458
312,104,15093.1526732714,226313.086495675,5164703.30590695
313,105,0,227082.2084,5170276.5456
314,105,3061.03735675344,226444.157876042,5167761.52282094
315,105,6122.07471350688,226313.086495675,5164703.30590695
316,106,0,242972.436328597,5142171.22880698
317,106,2053.68670916929,242994.939869917,5144126.70868413
318,106,4107.37341833857,243079.892747407,5146178.45758237
319,107,0,214505.0797,5173293.9156
320,107,2468.97361114832,216970.568752028,5173163.99468824
321,107,4937.94722229663,219436.7925,5173048.2599
322,108,0,246803.2505,5129061.83
323,108,4653.22860233534,242155.64087159,5129270.30653774
324,108,9306.45720467069,238978.9156,5127794.8309
325,109,0,243132.4255,5166393.9986
326,109,2843.775461018,240295.27876291,5166522.54010538
327,109,5687.55092203599,237472.976610966,5166596.20293422
328,110,0,214658.1793,5211062.9817
329,110,56.9902642262571,214636.365441625,5211115.56348022
330,110,113.980528452514,214618.5072,5211169.6817
331,111,0,217469.7036,5162686.5414
332,111,4011.62999772891,221376.927273121,5162366.21594436
333,111,8023.25999545782,222979.369341207,5159171.27640317
334,112,0,266516.4249,5204124.9459
335,112,29.410822101414,266514.981360805,5204095.57052509
336,112,58.821644202828,266513.537812317,5204066.19515063
337,113,0,240903.5069,5130931.525
338,113,801.554680323735,240928.470363736,5131732.67621599
339,113,1603.10936064747,240963.037399993,5132533.4568999
340,114,0,270416.995076133,5204344.29865088
341,114,1450.60418070527,271702.760699851,5204187.58572791
342,114,2901.20836141054,272841.5984,5204945.7532
343,115,0,217336.891700043,5219024.5413
344,115,1076.37617293195,218412.196020392,5218976.52962742
345,115,2152.7523458639,219487.3216,5218924.6885
346,116,0,221357.824100002,5218848.0274
347,116,15.2194039472451,221373.042550001,5218848.1978
348,116,30.4388078944902,221388.260999999,5218848.3682
349,117,0,224991.02190001,5191370.8795
350,117,1833.35972129129,226822.68026768,5191293.6185962
351,117,3666.71944258258,228654.6992,5191226.0586
352,118,0,239239.3363,5164932.008
353,118,102.489592693674,239341.562511961,5164924.66509876
354,118,204.979185387349,239443.788723922,5164917.32219752
355,119,0,239443.788723922,5164917.32219752
356,119,248.738960423253,239692.497152767,5164913.42503782
357,119,497.477920846507,239939.1081,5164911.3059
358,120,0,246607.0793,5140399.7834
359,120,2635.47525486554,247607.384935585,5138123.54404303
360,120,5270.95050973109,247516.085718684,5135490.64247709
361,121,0,234942.519954056,5206939.13109908
362,121,14.344106816005,234943.842449614,5206953.41411017
363,121,28.6882136320099,234942.921775088,5206967.00628817
364,122,0,229404.438229346,5189589.4393985
365,122,801.001478131357,228604.043535443,5189620.24864411
366,122,1602.00295626271,227803.657300004,5189651.5019
367,123,0,234639.261811814,5210169.19131511
368,123,407.864702084923,235046.272188904,5210162.31330756
369,123,815.729404169846,235453.9166,5210148.9314
370,124,0,219496.0099,5210808.2728
371,124,7596.9811080741,227082.73409998,5210467.42115253
372,124,15193.9622161482,234635.9039,5210168.0955
373,125,0,210264.870100003,5216071.0327
374,125,667.554732377752,210932.326558149,5216059.63130217
375,125,1335.1094647555,211599.792899988,5216049.2333
376,126,0,289487.9186,5204833.0328
377,126,102.015387963759,289517.435690623,5204737.09991415
378,126,204.030775927519,289561.915531968,5204649.55168972
379,127,0,289561.915531968,5204649.55168972
380,127,105.228407163581,289563.467694386,5204570.7545225
381,127,210.456814327161,289595.0669,5204478.8339
382,128,0,228008.109799999,5176099.2254
383,128,738.789228998123,227974.377423369,5175746.61891777
384,128,1477.57845799625,228063.341645433,5175319.20004607
385,129,0,209945.6769,5214853.0584
386,129,2579.92303242532,210008.349658564,5213779.2333832
387,129,5159.84606485064,210962.836778286,5212827.96687104
388,130,0,210962.836778286,5212827.96687104
389,130,4367.50978551849,211347.881388054,5210790.69930385
390,130,8735.01957103698,211672.4133,5209585.5068
391,131,0,217336.891699997,5219024.5413
392,131,303.035311314126,217034.310728196,5219041.12910899
393,131,606.070622628253,216731.621600015,5219055.6092
394,132,0,229315.938,5187975.5232
395,132,2165.08393850334,230021.835524129,5186314.42730392
396,132,4330.16787700667,232183.6928,5186206.8873
397,133,0,215313.61957619,5197951.39410662
398,133,32.6437779746514,215308.618615947,5197978.31804286
399,133,65.2875559493028,215310.4537,5198010.9102
400,134,0,215290.511704186,5198614.07492355
401,134,1.23383891658076,215291.495135902,5198613.32979233
402,134,2.46767783316153,215292.478567619,5198612.58466111
403,135,0,228009.511800001,5131504.4138
404,135,1.25348620238679,228010.488644071,5131505.19929559
405,135,2.50697240477359,228011.465488141,5131505.98479118
406,136,0,228011.465488142,5131505.98479118
407,136,1229.35246002238,228982.080231532,5132195.26919267
408,136,2458.70492004476,229879.89306592,5133035.00641404
409,137,0,229879.893109423,5133035.00636437
410,137,4024.72399822494,233898.8753738,5132849.45674255
411,137,8049.44799644988,237912.3431,5132661.4209
412,138,0,219562.947462035,5169055.99454884
413,138,3.87705463346985,219562.661231017,5169052.12807442
414,138,7.7541092669397,219562.375,5169048.2616
415,139,0,248004.295699999,5130611.0191
416,139,1261.05128808102,249264.158038337,5130556.27204886
417,139,2522.10257616203,250218.3219,5130976.4359
418,140,0,232147.8243,5127380.2044
419,140,2167.77586784161,233425.844300241,5127848.28304007
420,140,4335.55173568322,234130.029318642,5129572.309735
421,141,0,234130.029318643,5129572.309735
422,141,757.391178963103,234158.388576616,5130329.16048715
423,141,1514.78235792621,234187.9754,5131085.9418
424,142,0,235739.37,5158590.8278
425,142,4549.3244824116,238820.729926943,5156870.5678853
426,142,9098.64896482319,243367.2234,5156714.6719
427,143,0,229404.412377717,5189589.44025272
428,143,797.256780037432,229358.9487109,5188793.48434624
429,143,1594.51356007486,229315.954,5187997.3922
430,144,0,232585.14939999,5189412.0783
431,144,807.328921103451,231779.217399138,5189457.9024231
432,144,1614.6578422069,230973.028800025,5189500.5464
433,145,0,226726.506800134,5134779.96696989
434,145,1.50547832841276,226728.010190883,5134779.88771553
435,145,3.01095665682552,226729.513581632,5134779.80846117
436,146,0,226729.513581632,5134779.80846117
437,146,2384.59047581826,229110.678256466,5134669.00007287
438,146,4769.18095163651,231493.4647,5134576.6573
439,147,0,226726.506800134,5134779.96696989
440,147,732.244037089453,226755.326762527,5135511.62460775
441,147,1464.48807417891,226782.3794,5136243.3663
442,148,0,274401.000011245,5197264.63216466
443,148,2643.75051832748,274098.682330903,5195047.20167292
444,148,5287.50103665497,275661.0471,5193448.4536
445,149,0,273277.283795171,5208748.79499968
446,149,189.955693920902,273466.285601234,5208756.16105648
447,149,379.911387841804,273656.1964,5208753.8249
448,150,0,273280.216250456,5208794.32829565
449,150,342.308852355536,272938.612692446,5208815.58499374
450,150,684.617704711073,272596.8621,5208835.0419
451,151,0,272865.289914599,5205443.31048914
452,151,781.237786086527,273645.454889583,5205415.59317662
453,151,1562.47557217305,273704.69,5206168.6852
454,152,0,241075.7838,5135781.464
455,152,1641.63097964211,241124.51417431,5137422.29753844
456,152,3283.26195928421,241183.6968,5139062.5152
457,153,0,269680.339853257,5203808.63680917
458,153,500.427099464058,270113.419963282,5204001.941932
459,153,1000.85419892812,270416.995076133,5204344.29865088
460,154,0,228063.893000936,5175318.85464778
461,154,22.0294289329124,228068.786758856,5175297.88456329
462,154,44.0588578658248,228073.652,5175276.5756
463,155,0,228008.109800002,5176099.2254
464,155,22.6988626504508,228025.474810119,5176113.66827946
465,155,45.3977253009016,228045.1029,5176124.7631
466,156,0,228009.5118,5131504.4138
467,156,1824.25025020285,226390.920930022,5131208.22688134
468,156,3648.5005004057,225411.1002,5130674.2408
469,157,0,242972.436671401,5142171.22879302
470,157,758.844383870191,243730.015440729,5142134.87871302
471,157,1517.68876774038,244488.475,5142112.0271
472,158,0,219436.7925,5173048.2599
473,158,2064.63845307616,219408.503028147,5170992.26508016
474,158,4129.27690615232,219562.947462035,5169055.99454884
475,159,0,219783.4501,5189993.7839
476,159,3809.56370884183,219966.366000548,5193797.03643392
477,159,7619.12741768365,220112.661217871,5197595.36942923
478,160,0,222979.369341208,5159171.27640317
479,160,0.85537521184078,222979.76056943,5159170.5157408
480,160,1.71075042368156,222980.151797651,5159169.75507844
481,161,0,222980.151797652,5159169.75507844
482,161,890.479052545255,223387.065468808,5158377.68676301
483,161,1780.95810509051,223596.9967,5157537.2617
484,162,0,222979.369367814,5159171.27635144
485,162,0.855346127174813,222979.760582732,5159170.51571494
486,162,1.71069225434963,222980.151797651,5159169.75507844
487,163,0,269675.882824161,5203807.38883966
488,163,2.31422428994369,269678.111338709,5203808.01282441
489,163,4.62844857988739,269680.339853257,5203808.63680917
490,164,0,219804.885199942,5218910.6658
491,164,158.936525162534,219646.103399971,5218917.67715
492,164,317.873050325068,219487.3216,5218924.6885
493,165,0,223827.278799845,5209001.97970001
494,165,612.495539810015,223215.393334453,5209029.30346191
495,165,1224.99107962003,222603.540800095,5209057.3484
496,166,0,221645.8956,5148023.5328
497,166,10422.3708393639,232000.740601378,5147543.79009839
498,166,20844.7416787278,241623.817611798,5150306.29448466
499,167,0,241623.817630923,5150306.29449875
500,167,2301.56218525145,242886.56698201,5151782.93169951
501,167,4603.1243705029,242982.3773,5154081.2742
502,168,0,242078.8783,5148676.6063
503,168,878.265289787701,242071.669842003,5149554.68751178
504,168,1756.5305795754,241623.817611948,5150306.29448446
505,169,0,241623.817630923,5150306.29449875
506,169,746.955261775013,242366.361473616,5150280.91957286
507,169,1493.91052355003,243110.5476,5150252.8377
508,170,0,233683.7962,5147608.0241
509,170,2996.63615424232,233555.989733715,5144614.32416945
510,170,5993.27230848463,230966.466000285,5144287.29869998
511,171,0,273126.617,5201253.1824
512,171,0.705118835841216,273127.087294082,5201252.6570277
513,171,1.41023767168243,273127.557588164,5201252.13165541
514,172,0,273127.557588166,5201252.13165541
515,172,344.193414038206,273357.124744083,5200995.6788777
516,172,688.386828076412,273586.6919,5200739.2261
517,173,0,273127.588590707,5201253.15290498
518,173,0.510860018514119,273127.573089437,5201252.64228019
519,173,1.02172003702824,273127.557588166,5201252.13165541
520,174,0,273127.557588166,5201252.13165541
521,174,1333.87077889019,272224.651282196,5200687.60215546
522,174,2667.74155778037,272674.9353,5199668.5465
523,175,0,238978.9156,5127794.8309
524,175,3126.19323072309,236452.79392887,5127120.40175197
525,175,6252.38646144617,234157.2445,5125670.8975
526,176,0,238978.9156,5127794.8309
527,176,3837.41836019377,242812.140264066,5127622.6275077
528,176,7674.83672038754,246645.5446,5127448.6017
529,177,0,237472.230423209,5166596.24058369
530,177,590.448288264182,236882.311544662,5166621.15551536
531,177,1180.89657652836,236292.5931,5166650.4234
532,178,0,235739.37,5158590.8278
533,178,3206.59668125879,238943.692258296,5158470.47086959
534,178,6413.19336251758,242148.0929,5158396.159
535,179,0,266468.546486845,5204190.32805365
536,179,48.8034727674087,266509.897500994,5204169.27505127
537,179,97.6069455348174,266516.4249,5204124.9459
538,180,0,273151.18,5214198.6303
539,180,523.969711895406,273448.458831446,5214614.8081611
540,180,1047.93942379081,273921.8159,5214587.384
541,181,0,273151.18,5214198.6303
542,181,509.190165298477,273011.102302646,5213736.32127206
543,181,1018.38033059695,272981.073,5213234.139
544,182,0,272705.855,5214958.1922
545,182,332.340270393602,272693.364948927,5214626.08682691
546,182,664.680540787203,272680.772699999,5214293.9852
547,183,0,271700.7356,5193702.1803
548,183,49.3836401248299,271746.903131789,5193695.29668463
549,183,98.7672802496597,271756.941122296,5193667.41338619
550,184,0,243680.3902,5138081.0748
551,184,2460.34130776184,242709.891591891,5136561.9070349
552,184,4920.68261552368,241075.7838,5135781.464
553,185,0,219436.7925,5173048.2599
554,185,1352.84737571694,220788.408435025,5172991.74524627
555,185,2705.69475143388,222139.9439,5172932.3731
556,186,0,223903.890755004,5189790.9215674
557,186,3.14569379591415,223900.750610055,5189791.10832703
558,186,6.2913875918283,223897.60909219,5189791.26932525
559,187,0,223896.929881888,5189791.42013083
560,187,7.47862685880418,223889.814123898,5189793.18645121
561,187,14.9572537176084,223882.501709834,5189792.14744578
562,188,0,223882.501709834,5189792.14744578
563,188,4.08623647948758,223878.448142241,5189791.79038087
564,188,8.17247295897516,223874.720425794,5189792.97749794
565,189,0,223874.720425793,5189792.97749794
566,189,7.52554930615275,223867.930045336,5189795.28680264
567,189,15.0510986123055,223860.417387801,5189795.06595088
568,190,0,223903.890755004,5189790.9215674
569,190,3.16358542687229,223900.727489924,5189790.87654756
570,190,6.32717085374459,223897.60909219,5189791.26932525
571,191,0,223896.929881888,5189791.42013083
572,191,7.32494364028491,223889.759273445,5189792.8993539
573,191,14.6498872805698,223882.501709834,5189792.14744578
574,192,0,223882.501709834,5189792.14744578
575,192,3.96505276924912,223878.546575967,5189791.9819674
576,192,7.93010553849824,223874.720425794,5189792.97749794
577,193,0,223874.720425793,5189792.97749794
578,193,7.29730400172458,223867.704909738,5189794.68823443
579,193,14.5946080034492,223860.417387801,5189795.06595088
580,194,0,223845.918344055,5189795.81744466
581,194,5.76651417968518,223840.176695958,5189796.32343679
582,194,11.5330283593704,223834.873365044,5189798.36977739
583,195,0,236293.0567,5202073.032
584,195,1597.96990252222,234696.981572797,5202150.40749827
585,195,3195.93980504443,233103.239230878,5202244.95283915
586,196,0,215310.4537,5198010.9102
587,196,304.425552518067,215323.652911516,5198315.04814997
588,196,608.851105036133,215294.91748109,5198610.73673357
589,197,0,241075.7838,5135781.464
590,197,3935.11924603839,237146.580635618,5135934.78790812
591,197,7870.23849207679,233217.374355305,5136109.52539179
592,198,0,233217.374355305,5136109.52539179
593,198,5150.16273749521,228072.544045548,5136329.18004989
594,198,10300.3254749904,222927.3794,5136552.0844
595,199,0,228307.3602,5184782.6236
596,199,1554.12607836289,229859.877040582,5184713.66094815
597,199,3108.25215672578,230717.445899999,5183863.3123
598,200,0,214618.5072,5211169.6817
599,200,2054.89858247574,214717.314086294,5213222.06763189
600,200,4109.79716495148,214634.981,5215111.8259
601,201,0,228063.912309972,5175318.86358617
602,201,4737.28403069024,231785.665888513,5174520.84258789
603,201,9474.56806138048,236069.642,5173143.4701
604,202,0,272852.285903465,5204946.25559274
605,202,248.66133895784,272856.734370475,5205194.87626768
606,202,497.32267791568,272865.289914599,5205443.31048914
607,203,0,272852.288566423,5204946.20205256
608,203,2092.21835289915,273911.4005499,5203708.72337025
609,203,4184.4367057983,273343.6413,5201878.335
610,204,0,213385.740361374,5180520.45374375
611,204,1.6809925524537,213384.066100019,5180520.60402641
612,204,3.36198510490739,213382.391838665,5180520.75430908
613,205,0,223834.769811397,5189798.42024128
614,205,1.12801262998918,223833.755796067,5189798.91439248
615,205,2.25602525997837,223832.741780737,5189799.40854368
616,206,0,219804.885200883,5218910.66579997
617,206,468.415709750758,220272.968400441,5218893.01939998
618,206,936.831419501516,220741.0516,5218875.373
619,207,0,227036.252897463,5208858.82397681
620,207,787.377637891649,227822.798702786,5208822.67106786
621,207,1574.7552757833,228609.436399998,5208788.6593
622,208,0,224587.768670703,5189766.70235449
623,208,346.907142648809,224243.65365133,5189779.06570072
624,208,693.814285297618,223903.890755004,5189790.9215674
625,209,0,271756.999581243,5193667.37717469
626,209,1138.32309835782,272301.533675234,5192978.37119027
627,209,2276.64619671564,272913.5524,5192267.3192
628,210,0,273343.641300001,5201878.335
629,210,295.003367602317,273578.5685207,5201699.91351852
630,210,590.006735204634,273800.906468232,5201506.88102967
631,211,0,213385.753740877,5180520.77240632
632,211,1.67934975493078,213384.075642086,5180520.83721408
633,211,3.35869950986156,213382.397543294,5180520.90202183
634,212,0,213382.137066702,5180520.91208137
635,212,1339.41351873214,212043.314286325,5180559.16826036
636,212,2678.82703746428,211190.9205,5181319.7739
637,213,0,220238.4112,5199577.3877
638,213,365.455178194881,220602.176408145,5199577.59657781
639,213,730.910356389762,220967.4243,5199566.0604
640,214,0,230966.466000207,5144287.29870012
641,214,1618.53367859259,231167.728665567,5145840.92082516
642,214,3237.06735718519,231219.6883,5147458.6152
643,215,0,248004.2957,5130611.0191
644,215,4245.39351004715,248387.726648901,5126545.89556728
645,215,8490.78702009431,248725.2115,5122841.6143
646,216,0,233102.806347206,5202244.62271395
647,216,1099.64869286621,233700.284267973,5201366.87047008
648,216,2199.29738573243,234468.2138,5200585.1974
649,217,0,224740.713255598,5176938.19101389
650,217,2546.6331535868,225712.810711357,5175432.04169598
651,217,5093.2663071736,227023.2475,5174222.7611
652,218,0,215292.531747999,5198612.54436715
653,218,1.26719965777529,215291.521726092,5198613.30964535
654,218,2.53439931555058,215290.511704186,5198614.07492355
655,219,0,228307.360200001,5184782.6236
656,219,1023.44550676632,228751.264827217,5183973.85761427
657,219,2046.89101353263,229044.031,5183165.8394
658,220,0,216570.915600318,5219061.70159999
659,220,425.604940014078,216146.810143386,5219084.960715
660,220,851.209880028156,215731.116100008,5219174.5921
661,221,0,221357.824100002,5218848.0274
662,221,308.689643608818,221049.460538624,5218862.2122541
663,221,617.379287217637,220741.0516,5218875.373
664,222,0,214314.096199624,5199811.6238887
665,222,2965.20137703142,217275.810496949,5199700.30857318
666,222,5930.40275406284,220238.411200001,5199577.3877
667,223,0,214314.096199622,5199811.6238887
668,223,1525.88802740951,213972.302570632,5201133.9965577
669,223,3051.77605481901,213406.3633,5202223.2775
670,224,0,247516.085718683,5135490.64247709
671,224,2495.09759283356,247423.728785005,5132997.94547148
672,224,4990.19518566713,248004.295699999,5130611.0191
673,225,0,247516.085718684,5135490.64247709
674,225,984.459284001161,248499.593101962,5135449.97985224
675,225,1968.91856800232,249481.5761,5135413.78
676,226,0,233102.804415747,5202244.95939205
677,226,4450.79145647664,228660.820806071,5202487.48929611
678,226,8901.58291295328,224213.9285,5202626.2218
679,227,0,234903.283100038,5206969.9942
680,227,153.506430605006,234750.061750021,5206979.34525
681,227,307.012861210011,234596.840400004,5206988.6963
682,228,0,231383.931000025,5207163.6041
683,228,304.448807372362,231079.605638557,5207172.27304907
684,228,608.897614744723,230775.264500175,5207180.3691
685,229,0,229186.920100163,5207248.12339999
686,229,323.223917151148,228865.09004195,5207278.10854037
687,229,646.447834302297,228543.2594,5207308.0757
688,230,0,227035.763940603,5208858.41871858
689,230,36.5928906450502,226999.215020306,5208860.21205929
690,230,73.1857812901005,226962.666100009,5208862.0054
691,231,0,226195.7928,5189711.678
692,231,804.726976101479,225391.694786467,5189738.32773089
693,231,1609.45395220296,224588.082044653,5189766.5502018
694,232,0,219496.0099,5210808.2728
695,232,211.743953983933,219481.829605947,5210661.44211771
696,232,423.487907967866,219436.9328,5210478.4806
697,233,0,210264.870100003,5216071.0327
698,233,49.2015987884485,210215.699843023,5216072.78859063
699,233,98.403197576897,210169.829900001,5216086.1717
700,234,0,210233.0163,5217696.3396
701,234,1225.51584060253,211458.132271837,5217665.06442919
702,234,2451.03168120507,212682.866,5217621.7356
703,235,0,289561.915531968,5204649.55168972
704,235,451.194715619328,289896.960824808,5204559.3378295
705,235,902.389431238657,290314.3861,5204578.8869
706,236,0,269675.844124251,5203807.37800367
707,236,2.33431845363867,269678.091988754,5203808.00740642
708,236,4.66863690727734,269680.339853257,5203808.63680917
709,237,0,269675.844124251,5203807.37800367
710,237,4068.37844551472,270991.850538898,5200985.4109592
711,237,8136.75689102944,271187.7962,5197449.0706
712,238,0,221388.260999999,5218848.3682
713,238,785.009832153155,222172.558350882,5218814.93926307
714,238,1570.01966430631,222956.81529998,5218780.5934
715,239,0,215731.116100008,5219174.5921
716,239,60.8549292610215,215671.801079945,5219185.39944391
717,239,121.709858522043,215621.9812,5219218.5691
718,240,0,214082.277,5175669.2263
719,240,2851.6046962438,216923.878734282,5175568.40208012
720,240,5703.2093924876,218965.8056,5174687.7148
721,241,0,240109.61689999,5165003.21340004
722,241,60.937751414579,240124.909765589,5164944.22579279
723,241,121.875502829158,240159.408799997,5164904.0231
724,242,0,242180.872431948,5164824.93272991
725,242,296.117275341189,242476.660015873,5164810.96326496
726,242,592.234550682377,242772.447599799,5164796.99380001
727,243,0,239939.1081,5164911.3059
728,243,115.734490176299,240019.838558734,5164992.70169268
729,243,231.468980352598,240109.616899989,5165003.21340004
730,244,0,215313.61957619,5197951.39410662
731,244,3803.19157512131,216611.858297101,5194843.40122756
732,244,7606.38315024261,218379.069199999,5191656.1692
733,245,0,236588.18004912,5139201.19542305
734,245,2274.52497805919,238853.13574331,5139089.09044347
735,245,4549.04995611838,241119.1017,5139003.1458
736,246,0,236588.18004912,5139201.19542305
737,246,3835.78570296758,239318.700711001,5141887.46112058
738,246,7671.57140593516,242972.436328596,5142171.22880698
739,247,0,223920.951766433,5143117.01303273
740,247,5814.81444058254,228374.198114501,5141184.41053536
741,247,11629.6288811651,233425.7215,5141732.311
742,248,0,244987.455500001,5123069.8775
743,248,1841.8377888202,245005.450360099,5124893.93583741
744,248,3683.6755776404,245085.2295,5126733.9824
745,249,0,229879.893109425,5133035.00636437
746,249,1156.67184565113,230741.385369411,5133806.62274128
747,249,2313.34369130226,231589.059738416,5134593.51641154
748,250,0,219561.634900859,5169038.07658428
749,250,803.094898358015,219521.041134306,5168236.02748011
750,250,1606.18979671603,219480.2282,5167433.9703
751,251,0,219561.635446653,5169038.08212885
752,251,15.2728433046345,219576.834826889,5169036.58593934
753,251,30.5456866092689,219592.046526118,5169035.28883203
754,252,0,226585.4848,5137465.5517
755,252,305.259728757467,226691.1867106,5137751.84296504
756,252,610.519457514933,226803.7471,5138034.7875
757,253,0,234596.840400004,5206988.6963
758,253,152.936945776493,234444.744649643,5207004.31887849
759,253,305.873891552986,234292.216600004,5207015.4949
760,254,0,231799.060399998,5208647.5466
761,254,983.349845938652,232781.754879637,5208611.82784266
762,254,1966.6996918773,233763.173699999,5208572.6836
763,255,0,233763.1737,5208572.6836
764,255,212.829142370106,233975.599682689,5208566.44683997
765,255,425.658284740212,234188.2858,5208558.6456
766,256,0,266086.391,5204654.3137
767,256,415.415102780587,266111.820987607,5204278.55804431
768,256,830.830205561174,266468.54284824,5204190.32848961
769,257,0,266513.537812317,5204066.19515063
770,257,3500.96612168863,266857.027346841,5201109.42892257
771,257,7001.93224337726,268458.6588,5199128.0899
772,258,0,226433.093600032,5189704.967
773,258,118.697838245595,226314.443200016,5189708.3225
774,258,237.395676491191,226195.7928,5189711.678
775,259,0,230973.028800025,5189500.5464
776,259,785.192875978158,230189.241504293,5189547.43662125
777,259,1570.38575195632,229405.69110002,5189589.398
778,260,0,229405.69110002,5189589.398
779,260,0.626777225486369,229405.064664683,5189589.41869925
780,260,1.25355445097274,229404.438229346,5189589.4393985
781,261,0,273800.906468233,5201506.88102967
782,261,2523.49203407533,274563.59730066,5199485.4335563
783,261,5046.98406815067,274399.2878,5197265.5543
784,262,0,274400.999988755,5197264.63223534
785,262,1567.21745357532,275142.196471345,5196315.00645309
786,262,3134.43490715064,274948.1667,5195409.8011
787,263,0,272865.289914599,5205443.31048914
788,263,1773.38333269319,273174.786373137,5206984.08550174
789,263,3546.76666538638,273277.283795171,5208748.79499968
790,264,0,297044.4761,5197332.8258
791,264,129.239910829718,297045.34694898,5197210.55733533
792,264,258.479821659437,297095.7218,5197097.3276
793,265,0,272680.7727,5214293.9852
794,265,256.253743246556,272916.531131919,5214254.677935
795,265,512.507486493112,273151.18,5214198.6303
796,266,0,272705.855,5214958.1922
797,266,1012.88795404999,271715.473787564,5215094.67193785
798,266,2025.77590809998,270703.8945,5215146.0928
799,267,0,273983.2191,5216506.8542
800,267,1063.72501220866,273302.557776076,5215738.59653934
801,267,2127.45002441733,272705.855000001,5214958.1922
802,268,0,274798.5935,5189229.2953
803,268,1276.58238874583,275796.553557777,5188636.88602286
804,268,2553.16477749166,276361.2391,5187943.2802
805,269,0,274798.5935,5189229.2953
806,269,271.060653805879,274644.712695111,5189013.86621074
807,269,542.121307611759,274455.8915,5188857.095
808,270,0,273659.0457,5191793.0241
809,270,1566.95643708254,274182.836352845,5190498.85442816
810,270,3133.91287416508,274798.593500001,5189229.2953
811,271,0,273659.0457,5191793.0241
812,271,1044.51777634611,273866.079539333,5192426.21386755
813,271,2089.03555269221,273868.3112,5193338.5739
814,272,0,211599.792899988,5216049.2333
815,272,774.135412995706,212373.400438652,5216020.72869169
816,272,1548.27082599141,213146.879999996,5215989.3308
817,273,0,222962.8094,5133369.1786
818,273,3400.67041264655,226352.313625421,5133191.61244382
819,273,6801.34082529311,229748.9053,5133031.8215
820,274,0,295617.2021,5199829.0886
821,274,3505.87812822104,293705.400577382,5200089.84976213
822,274,7011.75625644208,291723.4715,5201236.8803
823,275,0,274399.2878,5197265.5543
824,275,0.97234170519303,274400.143894378,5197265.09326767
825,275,1.94468341038606,274400.999988755,5197264.63223534
826,276,0,229889.260685356,5154034.59246613
827,276,2.77825838564079,229886.835327454,5154035.69413733
828,276,5.55651677128158,229885.8059,5154038.2303
829,277,0,226313.086495675,5164703.30590695
830,277,401.852251448758,226295.92756879,5164301.82159842
831,277,803.704502897515,226282.1779,5163900.2068
832,278,0,211510.3919,5185902.2499
833,278,5102.81611893135,214309.867838486,5183716.41500448
834,278,10205.6322378627,219410.2045,5183559.0663
835,279,0,219592.046526119,5169035.28883203
836,279,1011.56697021598,220602.69768641,5168992.88205883
837,279,2023.13394043195,221613.4802,5168953.7498
838,280,0,219592.04652612,5169035.28883203
839,280,1854.07967779128,220767.396171459,5167810.50581033
840,280,3708.15935558256,220693.1557,5166204.5403
841,281,0,240963.037399993,5132533.4568999
842,281,2403.00003321518,242594.490790597,5133290.12099916
843,281,4806.00006643036,242682.5322,5135691.2465
844,282,0,243079.56123232,5146191.83462562
845,282,6.67986110028191,243079.39381616,5146185.15686281
846,282,13.3597222005638,243079.2264,5146178.4791
847,283,0,239443.788723922,5164917.32219752
848,283,102.489282122089,239341.545054687,5164924.41339285
849,283,204.978564244179,239239.301385452,5164931.50458818
850,284,0,239239.301385452,5164931.50458818
851,284,810.222013636265,238429.462183271,5164955.84484084
852,284,1620.44402727253,237622.8092,5164979.7154
853,285,0,215290.511704185,5198614.07492355
854,285,783.850871082335,214856.363410998,5199266.37412106
855,285,1567.70174216467,214314.096199624,5199811.6238887
856,286,0,234635.9039,5210168.0955
857,286,1.76609615410497,234637.582855907,5210168.64340755
858,286,3.53219230820995,234639.261811814,5210169.19131511
859,287,0,273280.216250597,5208794.32829784
860,287,97.1826039042546,273285.289445817,5208891.3527752
861,287,194.365207808509,273283.7521,5208988.5099
862,288,0,213385.753740859,5180520.77240632
863,288,1.68097545137295,213384.072789762,5180520.7633577
864,288,3.36195090274591,213382.391838665,5180520.75430908
865,289,0,210121.5835,5217854.4351
866,289,72.2264960414965,210068.697595978,5217809.07078191
867,289,144.452992082993,210007.205,5217826.2885
868,290,0,210121.5835,5217854.4351
869,290,123.156940864816,210214.278127337,5217802.76066363
870,290,246.313881729632,210233.0163,5217696.3396
871,291,0,224740.722098877,5176938.23689772
872,291,4018.4639900954,226660.10257459,5177515.41981412
873,291,8036.92798019081,228008.1098,5176099.2254
874,292,0,229315.938,5187975.5232
875,292,3213.88975422869,226105.219941974,5188100.44680221
876,292,6427.77950845737,223903.890755004,5189790.9215674
877,293,0,215294.917481092,5198610.73673357
878,293,1816.87568170828,217110.050260809,5198547.93056533
879,293,3633.75136341656,218557.6307,5198086.3936
880,294,0,215294.917481088,5198610.73673357
881,294,1.09747928937191,215294.042734857,5198611.39951545
882,294,2.19495857874382,215293.167988626,5198612.06229733
883,295,0,215294.917481088,5198610.73673357
884,295,1.09747928937191,215294.042734857,5198611.39951545
885,295,2.19495857874382,215293.167988626,5198612.06229733
886,296,0,223922.5425,5143117.3062
887,296,0.808761449669235,223921.747133217,5143117.15961637
888,296,1.61752289933847,223920.951766433,5143117.01303273
889,297,0,223920.951766433,5143117.01303273
890,297,0.808761449683546,223921.747133217,5143117.15961637
891,297,1.61752289936709,223922.5425,5143117.3062
892,298,0,223922.5425,5143117.3062
893,298,5450.83256449447,229315.677873003,5142749.64819384
894,298,10901.6651289889,233503.1001,5143732.11
895,299,0,227417.461085145,5139626.62144419
896,299,2.41006551358168,227415.627142573,5139625.0577721
897,299,4.82013102716336,227413.7932,5139623.4941
898,300,0,234130.062954703,5129572.23536969
899,300,891.144388687824,235017.745670383,5129642.60355197
900,300,1782.28877737565,235893.0446,5129569.7557
901,301,0,226726.506792791,5134779.96683048
902,301,1.5054783268104,226728.010187212,5134779.88764583
903,301,3.0109566536208,226729.513581632,5134779.80846117
904,302,0,273343.641299999,5201878.335
905,302,341.806824040454,273179.32602306,5201578.67795118
906,302,683.613648080908,273127.588590707,5201253.15290498
907,303,0,231589.059802643,5134593.5163374
908,303,1112.50889447279,232402.743464434,5135351.97648605
909,303,2225.01778894558,233217.374355305,5136109.52539179
910,304,0,231589.059802643,5134593.5163374
911,304,3191.31871817977,234775.59871458,5134424.4087994
912,304,6382.63743635954,237963.0731,5134272.4615
913,305,0,220112.661217873,5197595.36942923
914,305,2430.58270426486,217716.482799543,5197629.24704097
915,305,4861.16540852972,215313.61957619,5197951.39410662
916,306,0,220112.661217873,5197595.36942923
917,306,1000.73460117114,220199.606222909,5198579.84779622
918,306,2001.46920234228,220238.411200001,5199577.3877
919,307,0,228543.2594,5207308.0757
920,307,1082.45572585411,227784.884477288,5208076.62674059
921,307,2164.91145170823,227036.218050868,5208858.38198686
922,308,0,215293.167988625,5198612.06229733
923,308,1.09747928948789,215294.042734857,5198611.39951545
924,308,2.19495857897579,215294.917481088,5198610.73673357
925,309,0,222271.5724,5144733.8469
926,309,4587.03377109485,226384.834895584,5144508.29130965
927,309,9174.0675421897,230966.465999996,5144287.2987
928,310,0,223860.417387801,5189795.06595088
929,310,7.27152122026343,223853.163628708,5189795.20029706
930,310,14.5430424405269,223845.918344055,5189795.81744466
931,311,0,223860.417387801,5189795.06595088
932,311,7.25925293072752,223853.167865928,5189795.44169777
933,311,14.518505861455,223845.918344055,5189795.81744466
934,312,0,223845.918344055,5189795.81744466
935,312,5.7237440574237,223840.250796837,5189796.56641451
936,312,11.4474881148474,223834.873365044,5189798.36977739
937,313,0,233217.374355307,5136109.52539179
938,313,2287.55194433812,234904.782987394,5137653.2507346
939,313,4575.10388867624,236588.18004912,5139201.19542305
940,314,0,219562.380961216,5169048.26116332
941,314,5.10314764404837,219562.008134618,5169043.17165291
942,314,10.2062952880967,219561.635308021,5169038.0821425
