P  1 1
 212772.107019217 5195344.32322538
 1 1
P  1 1
 212768.239252858 5195411.14689221
 1 2
P  1 1
 234796.693589152 5213361.01891716
 1 3
P  1 1
 219670.155526433 5215662.8125399
 1 4
P  1 1
 224408.64000795 5213816.9035032
 1 5
P  1 1
 234023.356891469 5213389.81777487
 1 6
P  1 1
 224435.474434935 5215410.19228223
 1 7
P  1 1
 227578.797782209 5213673.70070486
 1 8
P  1 1
 222849.230403587 5215485.24038084
 1 9
P  1 1
 232414.345692686 5213459.0625883
 1 10
P  1 1
 221248.501276201 5215562.10525816
 1 11
P  1 1
 230777.903723616 5213527.51404203
 1 12
P  1 1
 229186.450838078 5213632.31372787
 1 13
P  1 1
 225982.604653777 5213768.41359786
 1 14
P  1 1
 216459.884127484 5215809.63710732
 1 15
P  1 1
 227914.657696359 5192870.55814606
 1 16
P  1 1
 224705.106620354 5192993.31475003
 1 17
P  1 1
 232701.432310382 5192647.16584202
 1 18
P  1 1
 229526.26000689 5192804.31503989
 1 19
P  1 1
 226313.788273842 5192930.86725295
 1 20
P  1 1
 250427.868347639 5201614.31521136
 1 21
P  1 1
 251868.15283384 5201949.23765106
 1 22
P  1 1
 235562.532248135 5181207.35022809
 1 23
P  1 1
 233782.273269026 5180314.61444491
 1 24
P  1 1
 235493.529853416 5180103.92508913
 1 25
P  1 1
 233017.184909836 5180530.40117759
 1 26
P  1 1
 232966.194191027 5180531.78813536
 1 27
P  1 1
 235399.456376697 5180083.60084206
 1 28
P  1 1
 232166.904028686 5180566.51042254
 1 29
P  1 1
 211155.457567123 5212836.04372799
 1 30
P  1 1
 211479.684622105 5212821.52582491
 1 31
P  1 1
 211866.440218688 5212805.25796376
 1 32
P  1 1
 212763.78976123 5212763.65490599
 1 33
P  1 1
 214658.837638667 5185319.90313865
 1 34
P  1 1
 216280.934403247 5185277.31354414
 1 35
P  1 1
 212247.638917936 5185387.18470094
 1 36
P  1 1
 213057.094199855 5185360.57931384
 1 37
P  1 1
 220434.662468267 5204410.45120673
 1 38
P  1 1
 220232.314744309 5199675.64506187
 1 39
P  1 1
 218974.48491407 5207736.12122299
 1 40
P  1 1
 220305.600537396 5201213.06700951
 1 41
P  1 1
 218827.789372789 5204500.52832467
 1 42
P  1 1
 220374.571733757 5202813.21147524
 1 43
P  1 1
 218899.993555594 5206123.16002351
 1 44
P  1 1
 214341.413978304 5178932.69777784
 1 45
P  1 1
 215943.363654509 5178847.38471349
 1 46
P  1 1
 212720.835392113 5178981.49423684
 1 47
P  1 1
 213601.409945392 5178953.19593797
 1 48
P  1 1
 224574.988496658 5218707.36333627
 1 49
P  1 1
 221372.195346464 5218848.18831392
 1 50
P  1 1
 222973.993055559 5218779.79026128
 1 51
P  1 1
 216592.899221438 5219060.86819605
 1 52
P  1 1
 226171.960852728 5218629.75811356
 1 53
P  1 1
 219814.552198043 5218910.30136113
 1 54
P  1 1
 216672.362427848 5175580.50001765
 1 55
P  1 1
 218976.504592234 5175471.08201592
 1 56
P  1 1
 214165.483878662 5175697.69622052
 1 57
P  1 1
 215779.478831216 5175623.41072097
 1 58
P  1 1
 217387.301246538 5175547.1344903
 1 59
P  1 1
 225683.162594743 5188134.37602777
 1 60
P  1 1
 230807.114830851 5186255.43164618
 1 61
P  1 1
 229304.237495757 5187977.2409085
 1 62
P  1 1
 227823.807698165 5188037.09808603
 1 63
P  1 1
 227784.983669136 5188038.63508569
 1 64
P  1 1
 226096.645484151 5188100.74290867
 1 65
P  1 1
 227693.640648774 5188042.3828216
 1 66
P  1 1
 224516.756582259 5188912.43989579
 1 67
P  1 1
 228440.5548262 5188008.34013497
 1 68
P  1 1
 226459.790021132 5188088.96466935
 1 69
P  1 1
 219522.733099639 5212432.9014005
 1 70
P  1 1
 229127.331926116 5212003.6138064
 1 71
P  1 1
 222727.52135123 5212250.74209522
 1 72
P  1 1
 217922.631389733 5212492.48672542
 1 73
P  1 1
 224323.644900819 5212195.88038387
 1 74
P  1 1
 227511.346419554 5212060.31330962
 1 75
P  1 1
 221124.048275385 5212330.10292317
 1 76
P  1 1
 225915.796781917 5212129.09992408
 1 77
P  1 1
 230728.150470113 5211925.23251281
 1 78
P  1 1
 226598.798054595 5212099.68164997
 1 79
P  1 1
 214252.364578402 5177323.12050197
 1 80
P  1 1
 215856.24367935 5177241.68344672
 1 81
P  1 1
 229854.574643377 5200817.80667734
 1 82
P  1 1
 228334.392333664 5200883.75738333
 1 83
P  1 1
 226320.806718223 5197898.04406518
 1 84
P  1 1
 226511.010498231 5197768.82413154
 1 85
P  1 1
 225052.138144408 5200022.96686447
 1 86
P  1 1
 225229.668816511 5199414.57069764
 1 87
P  1 1
 227129.268494664 5196502.83500686
 1 88
P  1 1
 227599.870351223 5196116.68460331
 1 89
P  1 1
 226506.822098372 5197777.78318428
 1 90
P  1 1
 226519.304100694 5197751.08398629
 1 91
P  1 1
 227135.808699223 5196502.19676584
 1 92
P  1 1
 227122.671854074 5196509.59934081
 1 93
P  1 1
 227844.807917875 5191258.50465824
 1 94
P  1 1
 226245.619283013 5191320.09606151
 1 95
P  1 1
 225216.198502046 5191363.25974612
 1 96
P  1 1
 225183.159124736 5191364.37928768
 1 97
P  1 1
 224982.75435007 5191371.20671831
 1 98
P  1 1
 224641.141697579 5191383.78532749
 1 99
P  1 1
 227948.746769085 5191253.72715433
 1 100
P  1 1
 237396.303440875 5160109.03549064
 1 101
P  1 1
 240548.775635063 5164890.99763596
 1 102
P  1 1
 237198.198050463 5164982.4868001
 1 103
P  1 1
 235998.609800777 5164926.98545077
 1 104
P  1 1
 240091.587144667 5165011.43035375
 1 105
P  1 1
 217282.657079055 5193308.34084852
 1 106
P  1 1
 215241.222780427 5196628.10749186
 1 107
P  1 1
 218236.074995116 5191869.05724804
 1 108
P  1 1
 216317.023851745 5194963.99996739
 1 109
P  1 1
 216335.042207309 5194963.16091203
 1 110
P  1 1
 216500.540412486 5194628.38953379
 1 111
P  1 1
 215816.831144976 5195523.85650132
 1 112
P  1 1
 216481.487886513 5194955.92590185
 1 113
P  1 1
 216588.804511667 5194766.34396762
 1 114
P  1 1
 215808.792803094 5195535.97109904
 1 115
P  1 1
 216494.165952461 5194614.9070034
 1 116
P  1 1
 216933.045996219 5193836.96298715
 1 117
P  1 1
 216939.004582239 5193827.87711194
 1 118
P  1 1
 215296.464927884 5197646.68607724
 1 119
P  1 1
 215240.280312845 5196615.37141484
 1 120
P  1 1
 216617.822146758 5194883.56999532
 1 121
P  1 1
 215820.340700562 5195518.56724456
 1 122
P  1 1
 216491.458835195 5194609.18121789
 1 123
P  1 1
 216310.987074411 5194964.28108019
 1 124
P  1 1
 215295.937804925 5197641.82784649
 1 125
P  1 1
 215295.231137365 5197635.31484223
 1 126
P  1 1
 216618.487905953 5194911.18058704
 1 127
P  1 1
 219596.284080189 5214037.15446272
 1 128
P  1 1
 221203.588561345 5213951.40721492
 1 129
P  1 1
 221276.583045095 5213946.47162918
 1 130
P  1 1
 216389.427442118 5214183.34681951
 1 131
P  1 1
 218004.227910482 5214112.98924143
 1 132
P  1 1
 217849.29091341 5198516.38680148
 1 133
P  1 1
 215332.525923414 5198608.7136279
 1 134
P  1 1
 218168.772185584 5198501.50914916
 1 135
P  1 1
 216953.27175316 5198553.54386613
 1 136
P  1 1
 215567.087002359 5198601.65847701
 1 137
P  1 1
 218263.18005597 5198496.97197631
 1 138
P  1 1
 217287.151534537 5198541.41078915
 1 139
P  1 1
 218060.252303619 5198506.74823931
 1 140
P  1 1
 217637.604703854 5198526.29616023
 1 141
P  1 1
 216139.173336727 5198584.1049807
 1 142
P  1 1
 215326.485218747 5198608.97049335
 1 143
P  1 1
 218567.026574504 5198343.02273779
 1 144
P  1 1
 216128.182103742 5198584.49089058
 1 145
P  1 1
 216638.117419251 5198565.22861611
 1 146
P  1 1
 215559.56982577 5198601.95184232
 1 147
P  1 1
 215576.714727396 5198601.28274546
 1 148
P  1 1
 216159.120637529 5198583.404617
 1 149
P  1 1
 216152.057710214 5198583.65260133
 1 150
P  1 1
 218558.206599642 5198404.72645454
 1 151
P  1 1
 217840.238552634 5198516.79499437
 1 152
P  1 1
 218561.746914458 5198244.69898219
 1 153
P  1 1
 234379.900163838 5194164.57191108
 1 154
P  1 1
 234482.79603042 5196483.01283769
 1 155
P  1 1
 234429.002187336 5194974.23808217
 1 156
P  1 1
 228611.198819865 5172650.15332083
 1 157
P  1 1
 231838.709427117 5172495.46737629
 1 158
P  1 1
 230228.581041537 5172572.88968887
 1 159
P  1 1
 214418.840483012 5204672.29979355
 1 160
P  1 1
 214942.464110512 5190157.8093927
 1 161
P  1 1
 210464.518615049 5190317.74667413
 1 162
P  1 1
 211718.033846915 5190289.48245728
 1 163
P  1 1
 218157.777784639 5190028.28418664
 1 164
P  1 1
 212524.659931801 5190244.69820365
 1 165
P  1 1
 212513.265084968 5190245.76888655
 1 166
P  1 1
 213330.48042268 5190226.86231547
 1 167
P  1 1
 216550.277826332 5190093.20331896
 1 168
P  1 1
 219429.740163869 5189975.25115476
 1 169
P  1 1
 238170.933856109 5139106.62967344
 1 170
P  1 1
 239550.886852819 5139078.67786518
 1 171
P  1 1
 226427.433316941 5141273.03136974
 1 172
P  1 1
 228007.479392899 5141204.38179394
 1 173
P  1 1
 226972.465127503 5141247.96482623
 1 174
P  1 1
 224005.529307103 5142992.48335332
 1 175
P  1 1
 231785.972574876 5141015.15486623
 1 176
P  1 1
 225385.972859643 5142063.37425983
 1 177
P  1 1
 219581.39730922 5159340.82037022
 1 178
P  1 1
 221222.834696048 5159245.29910516
 1 179
P  1 1
 221461.737620947 5159235.39407536
 1 180
P  1 1
 243334.057761827 5123552.73449405
 1 181
P  1 1
 244952.317986504 5123465.17632472
 1 182
P  1 1
 243435.16996002 5125968.11299906
 1 183
P  1 1
 243362.587264446 5124351.44453532
 1 184
P  1 1
 244975.83953438 5124280.55322768
 1 185
P  1 1
 245047.161314129 5125895.09657606
 1 186
P  1 1
 243382.49011489 5124837.36544912
 1 187
P  1 1
 228524.312785394 5139558.49445932
 1 188
P  1 1
 230118.707508642 5139505.42394084
 1 189
P  1 1
 229797.692272214 5131418.76492258
 1 190
P  1 1
 228203.343255184 5131495.89334242
 1 191
P  1 1
 237440.031524399 5131069.24882226
 1 192
P  1 1
 233022.707630419 5131273.97715397
 1 193
P  1 1
 231414.987576315 5131347.96389159
 1 194
P  1 1
 237848.400783194 5131048.22704265
 1 195
P  1 1
 234634.507971444 5131200.07282517
 1 196
P  1 1
 236237.054231186 5131124.92353073
 1 197
P  1 1
 233503.23132914 5131250.22954083
 1 198
P  1 1
 230917.038205112 5131369.62984545
 1 199
P  1 1
 235210.912375688 5131171.3416241
 1 200
P  1 1
 235457.62315857 5131163.56639442
 1 201
P  1 1
 230555.726764008 5131384.44073169
 1 202
P  1 1
 230172.012136892 5131401.84745602
 1 203
P  1 1
 233148.456138572 5134513.65029076
 1 204
P  1 1
 234759.26273456 5134425.11091234
 1 205
P  1 1
 236369.378323223 5134356.24732968
 1 206
P  1 1
 233086.929320512 5132885.79723172
 1 207
P  1 1
 234698.109293661 5132811.53720235
 1 208
P  1 1
 231469.959529938 5132953.35293028
 1 209
P  1 1
 236308.375411427 5132743.0437649
 1 210
P  1 1
 243500.784047806 5127592.02019778
 1 211
P  1 1
 241887.017863276 5127664.80038314
 1 212
P  1 1
 240263.280135182 5127748.92555446
 1 213
P  1 1
 245113.76830101 5127522.45727373
 1 214
P  1 1
 231195.100664494 5166071.82664544
 1 215
P  1 1
 234412.950840095 5165919.55422446
 1 216
P  1 1
 234750.775113598 5164608.34711817
 1 217
P  1 1
 234893.465471265 5165091.10078186
 1 218
P  1 1
 237598.325924001 5167345.31904647
 1 219
P  1 1
 237731.112495263 5167815.35212626
 1 220
P  1 1
 243047.546735759 5166397.96728019
 1 221
P  1 1
 237680.940467859 5166587.80678342
 1 222
P  1 1
 239689.401972135 5166553.72279738
 1 223
P  1 1
 240623.271233079 5166510.36182234
 1 224
P  1 1
 240695.534565626 5168107.24082542
 1 225
P  1 1
 235865.287375069 5161829.09498072
 1 226
P  1 1
 237487.350936679 5161753.84554878
 1 227
P  1 1
 242231.628804236 5161601.643366
 1 228
P  1 1
 215387.410444899 5199772.80626114
 1 229
P  1 1
 217000.127161439 5199711.57885525
 1 230
P  1 1
 216173.917965724 5199741.8346763
 1 231
P  1 1
 220171.63665855 5197974.36652313
 1 232
P  1 1
 220173.508918692 5198001.57208538
 1 233
P  1 1
 214481.142458442 5199806.51422518
 1 234
P  1 1
 216162.012208036 5199742.28788156
 1 235
P  1 1
 216184.937880504 5199741.41519159
 1 236
P  1 1
 218609.919851594 5199649.41532268
 1 237
P  1 1
 220217.669232498 5199578.67475552
 1 238
P  1 1
 215395.172624736 5199772.4571203
 1 239
P  1 1
 215109.333725842 5199785.3036376
 1 240
P  1 1
 214751.003123686 5199798.32157179
 1 241
P  1 1
 214623.045312291 5199802.32393311
 1 242
P  1 1
 216089.153400867 5197971.51049616
 1 243
P  1 1
 216101.996901939 5197974.63288353
 1 244
P  1 1
 216083.052830011 5197970.02738456
 1 245
P  1 1
 214567.542618774 5211024.59935034
 1 246
P  1 1
 214603.100416566 5211050.90617048
 1 247
P  1 1
 214601.427504273 5211149.90343597
 1 248
P  1 1
 214598.471814898 5210651.68919592
 1 249
P  1 1
 214623.085703038 5211155.50176565
 1 250
P  1 1
 214690.542830453 5212678.24637322
 1 251
P  1 1
 214530.712950897 5214309.27703513
 1 252
P  1 1
 214647.036828127 5213488.52568914
 1 253
P  1 1
 219562.309226822 5169047.28190661
 1 254
P  1 1
 219480.296194266 5167435.30652565
 1 255
P  1 1
 220091.124134441 5169012.87276465
 1 256
P  1 1
 248448.469845246 5129264.38004483
 1 257
P  1 1
 247630.089723695 5138739.60961872
 1 258
P  1 1
 247759.692488181 5132235.3061434
 1 259
P  1 1
 247451.627806816 5133879.74419152
 1 260
P  1 1
 247998.006383538 5130652.02249111
 1 261
P  1 1
 248080.242460831 5124131.88961129
 1 262
P  1 1
 249058.633871454 5130565.20305801
 1 263
P  1 1
 248750.342007527 5130578.59981568
 1 264
P  1 1
 250200.463905286 5130821.87345883
 1 265
P  1 1
 248912.376610542 5130571.55863631
 1 266
P  1 1
 249071.60983361 5135419.92053978
 1 267
P  1 1
 226798.707853544 5138023.39359957
 1 268
P  1 1
 227405.996129412 5139615.97757241
 1 269
P  1 1
 226846.869079767 5138030.55404038
 1 270
P  1 1
 233272.069280883 5137756.49139635
 1 271
P  1 1
 228456.063628862 5137945.42056799
 1 272
P  1 1
 234910.206019807 5138455.56950101
 1 273
P  1 1
 230060.135246814 5137880.37288014
 1 274
P  1 1
 231668.873129832 5137806.90644937
 1 275
P  1 1
 229365.309058678 5137901.30460936
 1 276
P  1 1
 230906.274095203 5129752.73462824
 1 277
P  1 1
 230839.529121149 5128132.57263437
 1 278
P  1 1
 230839.771200947 5128136.71244293
 1 279
P  1 1
 222872.441377253 5160267.65830016
 1 280
P  1 1
 221347.404797831 5162471.0912908
 1 281
P  1 1
 223596.662917849 5157538.75701899
 1 282
P  1 1
 222139.453391213 5160842.16858791
 1 283
P  1 1
 222972.527073694 5159184.57497592
 1 284
P  1 1
 218170.130309636 5162663.03206547
 1 285
P  1 1
 219783.229079478 5162557.94228127
 1 286
P  1 1
 218975.242061741 5162611.41400345
 1 287
P  1 1
 217635.317587422 5162679.59190517
 1 288
P  1 1
 226084.009182373 5159031.42868091
 1 289
P  1 1
 224461.048274999 5159099.24075
 1 290
P  1 1
 223952.627137508 5159122.15855117
 1 291
P  1 1
 222922.379942252 5161333.35022253
 1 292
P  1 1
 226169.551286453 5161465.89948826
 1 293
P  1 1
 224552.250074034 5161512.36449595
 1 294
P  1 1
 222890.336408931 5160802.15859246
 1 295
P  1 1
 224517.249676325 5160728.68444034
 1 296
P  1 1
 235742.222086351 5129575.78105909
 1 297
P  1 1
 226485.555169677 5168728.24238711
 1 298
P  1 1
 226344.955478451 5165504.19375328
 1 299
P  1 1
 237332.979663814 5158526.12830059
 1 300
P  1 1
 239045.45616915 5158467.0209693
 1 301
P  1 1
 234259.265919813 5158672.88531436
 1 302
P  1 1
 237271.090720419 5156931.36822795
 1 303
P  1 1
 238892.56039708 5156867.66346304
 1 304
P  1 1
 228306.388614945 5202487.55784202
 1 305
P  1 1
 226705.004254349 5202582.96864376
 1 306
P  1 1
 225066.745652845 5202599.60021226
 1 307
P  1 1
 229920.187099918 5202418.68831209
 1 308
P  1 1
 231481.156497619 5202361.00279838
 1 309
P  1 1
 234705.01467351 5202149.93769736
 1 310
P  1 1
 233081.825395419 5202247.73920622
 1 311
P  1 1
 233894.943387537 5202200.95106047
 1 312
P  1 1
 235391.061780014 5202113.9781792
 1 313
P  1 1
 235663.107685662 5202101.44704832
 1 314
P  1 1
 211780.010669503 5219256.13076378
 1 315
P  1 1
 210255.933074658 5219324.49538771
 1 316
P  1 1
 231164.66097001 5183844.91350411
 1 317
P  1 1
 231919.796923964 5183813.47922692
 1 318
P  1 1
 229708.592259494 5184722.61857124
 1 319
P  1 1
 228721.928956472 5184768.680228
 1 320
P  1 1
 231044.312389108 5183849.63263812
 1 321
P  1 1
 231013.508735879 5183850.84051748
 1 322
P  1 1
 230696.769632376 5183874.68842928
 1 323
P  1 1
 225902.664963118 5184869.56444522
 1 324
P  1 1
 230899.615981801 5183855.30650424
 1 325
P  1 1
 231281.030887447 5183844.57772979
 1 326
P  1 1
 228589.824437776 5184772.96450231
 1 327
P  1 1
 225139.706793041 5184904.56464562
 1 328
P  1 1
 229911.734326883 5184710.59046068
 1 329
P  1 1
 227521.889935174 5184806.93908731
 1 330
P  1 1
 229131.753304235 5184750.3392347
 1 331
P  1 1
 226974.661703253 5208861.41681343
 1 332
P  1 1
 230121.562746883 5207199.74876552
 1 333
P  1 1
 231719.202643847 5207156.38991264
 1 334
P  1 1
 228521.606053039 5207320.89805442
 1 335
P  1 1
 228530.031301408 5207315.90891714
 1 336
P  1 1
 233326.092062484 5207076.32888544
 1 337
P  1 1
 234929.720712142 5206968.6620413
 1 338
P  1 1
 223816.365408857 5209002.41683553
 1 339
P  1 1
 222583.472851322 5209058.15375222
 1 340
P  1 1
 231787.50911506 5208648.52357826
 1 341
P  1 1
 228599.552831205 5208788.9309957
 1 342
P  1 1
 219495.722008604 5209211.09798558
 1 343
P  1 1
 225402.485629619 5208933.21559885
 1 344
P  1 1
 233731.861762834 5208571.50222044
 1 345
P  1 1
 230412.136813115 5208714.39219356
 1 346
P  1 1
 221390.495122735 5209115.34944973
 1 347
P  1 1
 233912.697505384 5208568.68874419
 1 348
P  1 1
 266792.748341084 5203468.97954315
 1 349
P  1 1
 266834.079233614 5201122.51568132
 1 350
P  1 1
 267683.302005859 5200776.6196853
 1 351
P  1 1
 267885.45141894 5199440.11650039
 1 352
P  1 1
 266513.543802078 5204066.3170388
 1 353
P  1 1
 266468.958447003 5204190.27869429
 1 354
P  1 1
 266840.254190476 5202434.20843804
 1 355
P  1 1
 268458.727366448 5199129.43943073
 1 356
P  1 1
 229385.591589533 5189273.28990188
 1 357
P  1 1
 227789.940525063 5189652.20462509
 1 358
P  1 1
 230962.688029607 5189501.1573769
 1 359
P  1 1
 232561.267608417 5189412.14797413
 1 360
P  1 1
 226506.765643615 5189702.2842576
 1 361
P  1 1
 226471.49888288 5189703.56848469
 1 362
P  1 1
 223828.643941087 5189811.38886463
 1 363
P  1 1
 226181.127535777 5189710.63986348
 1 364
P  1 1
 224578.163661916 5189767.11375129
 1 365
P  1 1
 229391.274763253 5189589.87435784
 1 366
P  1 1
 229057.702306582 5210385.68747435
 1 367
P  1 1
 222667.198970288 5210649.59517608
 1 368
P  1 1
 224261.313411512 5210589.64892907
 1 369
P  1 1
 227448.308109314 5210451.66420393
 1 370
P  1 1
 232267.696396252 5210248.78068353
 1 371
P  1 1
 221052.939625598 5210735.59525954
 1 372
P  1 1
 225860.12866034 5210524.2164809
 1 373
P  1 1
 219477.275117099 5210804.17719972
 1 374
P  1 1
 233863.622182207 5210167.49527107
 1 375
P  1 1
 230665.583509069 5210311.22668637
 1 376
P  1 1
 219937.513517334 5165783.92615526
 1 377
P  1 1
 218325.714189957 5165849.68766403
 1 378
P  1 1
 218948.808442623 5165826.64209894
 1 379
P  1 1
 225578.521179048 5147772.62095276
 1 380
P  1 1
 232036.471949327 5147563.91779417
 1 381
P  1 1
 223964.641413809 5147851.5309003
 1 382
P  1 1
 230441.19952394 5147533.7386714
 1 383
P  1 1
 227197.38246616 5147693.70287813
 1 384
P  1 1
 242889.59502927 5151868.12287637
 1 385
P  1 1
 233710.002368585 5148528.35737659
 1 386
P  1 1
 239997.526768303 5150363.86019045
 1 387
P  1 1
 228815.725680259 5147618.1430513
 1 388
P  1 1
 234294.530779728 5148988.82936472
 1 389
P  1 1
 238627.147583005 5150412.37881357
 1 390
P  1 1
 222355.598846577 5147943.30615809
 1 391
P  1 1
 243109.574012431 5146988.06987005
 1 392
P  1 1
 228335.080671485 5134697.4514583
 1 393
P  1 1
 225554.646352109 5134826.36273455
 1 394
P  1 1
 225095.504641391 5134849.61091863
 1 395
P  1 1
 229925.399574323 5134635.41773271
 1 396
P  1 1
 226714.450806696 5134780.49798782
 1 397
P  1 1
 223436.310054785 5134900.27677943
 1 398
P  1 1
 226317.557020516 5134796.85019957
 1 399
P  1 1
 226726.529855161 5134791.95057819
 1 400
P  1 1
 214242.904862706 5153889.13585315
 1 401
P  1 1
 217772.130494618 5154583.93199934
 1 402
P  1 1
 216162.51564609 5154645.25806976
 1 403
P  1 1
 214666.263877288 5154680.699276
 1 404
P  1 1
 214562.94591802 5154633.8116973
 1 405
P  1 1
 274034.842803148 5195735.0303238
 1 406
P  1 1
 274896.763087481 5194446.62000087
 1 407
P  1 1
 275396.860676657 5194047.77016059
 1 408
P  1 1
 275650.75853351 5193448.3538217
 1 409
P  1 1
 272878.582841791 5205441.12787299
 1 410
P  1 1
 295940.949731413 5203807.73451208
 1 411
P  1 1
 292376.467452844 5202704.38317489
 1 412
P  1 1
 291997.05967487 5203921.17371911
 1 413
P  1 1
 292543.680692522 5201894.09858174
 1 414
P  1 1
 292299.333005986 5204224.98534052
 1 415
P  1 1
 289801.010525373 5202455.45355119
 1 416
P  1 1
 289594.320252628 5204515.46529698
 1 417
P  1 1
 297062.579081356 5197292.1484029
 1 418
P  1 1
 273967.52477388 5216491.41183002
 1 419
P  1 1
 273012.020150533 5213418.56236757
 1 420
P  1 1
 273905.214656928 5214591.57972927
 1 421
P  1 1
 272786.148889283 5192826.34632454
 1 422
P  1 1
 274516.948489602 5190070.29320798
 1 423
P  1 1
 273880.260548285 5190686.93856174
 1 424
P  1 1
 272665.490438026 5191763.74191869
 1 425
P  1 1
 270720.679889573 5191161.14041643
 1 426
P  1 1
 272738.226884966 5191765.20670152
 1 427
P  1 1
 273938.476267887 5191800.74627415
 1 428
P  1 1
 242669.733016997 5135716.82642808
 1 429
P  1 1
 242733.929274399 5137306.22070624
 1 430
P  1 1
 231607.089637042 5136174.85702679
 1 431
P  1 1
 241059.69937851 5135782.29857556
 1 432
P  1 1
 236430.928179269 5135974.92853907
 1 433
P  1 1
 233191.541141647 5136107.47840416
 1 434
P  1 1
 226167.291379465 5136417.46858237
 1 435
P  1 1
 223482.254338362 5136522.8604584
 1 436
P  1 1
 239441.366917367 5135840.41292304
 1 437
P  1 1
 235440.262149305 5136015.39776869
 1 438
P  1 1
 241181.331885489 5138994.22422591
 1 439
P  1 1
 241124.102905626 5137385.48642803
 1 440
P  1 1
 239330.31364116 5132602.95881713
 1 441
P  1 1
 242564.481233769 5132828.28595901
 1 442
P  1 1
 240962.504612268 5132523.49949628
 1 443
P  1 1
 242625.461825297 5134063.72557194
 1 444
P  1 1
 233597.85115519 5145779.36295408
 1 445
P  1 1
 233524.82786198 5144187.84756693
 1 446
P  1 1
 233679.086296697 5147397.84255407
 1 447
P  1 1
 231907.546840438 5144233.15816967
 1 448
P  1 1
 230276.333613698 5144327.47457197
 1 449
P  1 1
 225471.720367495 5144548.59969728
 1 450
P  1 1
 223867.296798659 5144699.95946234
 1 451
P  1 1
 229226.494277981 5144375.84229332
 1 452
P  1 1
 222343.331663391 5144706.55285946
 1 453
P  1 1
 231168.88087387 5145869.32304113
 1 454
P  1 1
 227085.074660945 5144475.59733711
 1 455
P  1 1
 222599.441894886 5144678.28491334
 1 456
P  1 1
 224000.808226054 5144705.52278932
 1 457
P  1 1
 272749.273362965 5201288.8318996
 1 458
P  1 1
 214483.364039264 5182102.16258439
 1 459
P  1 1
 216105.675075293 5182058.98393653
 1 460
P  1 1
 212870.442724755 5182147.79005313
 1 461
P  1 1
 211314.188434531 5182104.72401355
 1 462
P  1 1
 217700.515634297 5181997.52528902
 1 463
P  1 1
 213985.181063459 5182111.31498793
 1 464
P  1 1
 212065.130471834 5182164.13966112
 1 465
P  1 1
 216848.61812641 5182029.33290241
 1 466
P  1 1
 211914.756222244 5182172.93554633
 1 467
P  1 1
 214406.648662858 5180495.17646465
 1 468
P  1 1
 216024.411142627 5180451.2107333
 1 469
P  1 1
 212800.311953852 5180537.14361641
 1 470
P  1 1
 211265.874893792 5181317.32247342
 1 471
P  1 1
 217461.806110103 5180401.74503413
 1 472
P  1 1
 211931.767754714 5180572.83610521
 1 473
P  1 1
 215842.255082527 5186895.90065823
 1 474
P  1 1
 219582.706500897 5186765.42309637
 1 475
P  1 1
 214763.232855413 5186925.8208799
 1 476
P  1 1
 217972.337914303 5186834.2883956
 1 477
P  1 1
 216380.292134148 5186878.2342228
 1 478
P  1 1
 212350.482529695 5186993.9027813
 1 479
P  1 1
 213154.331398831 5186957.5012115
 1 480
P  1 1
 221091.316113911 5186712.16842566
 1 481
P  1 1
 211616.060797627 5216048.74394881
 1 482
P  1 1
 210250.94001859 5216071.53014909
 1 483
P  1 1
 213227.858046206 5215982.40923356
 1 484
P  1 1
 213159.404503351 5215987.90761553
 1 485
P  1 1
 228270.304175123 5133101.17058478
 1 486
P  1 1
 224948.939710813 5133255.95371833
 1 487
P  1 1
 223403.983954576 5133315.90050889
 1 488
P  1 1
 226652.299935814 5133178.5150083
 1 489
P  1 1
 226358.836170667 5133191.39100288
 1 490
P  1 1
 228387.792362659 5133095.48033827
 1 491
P  1 1
 227675.301203385 5133127.48055707
 1 492
P  1 1
 211697.625786294 5217658.81362572
 1 493
P  1 1
 210224.008964907 5217698.30036542
 1 494
P  1 1
 228440.708137006 5205663.19347125
 1 495
P  1 1
 226836.020322306 5205781.29491394
 1 496
P  1 1
 230063.323693614 5205605.74198533
 1 497
P  1 1
 223671.099417766 5206668.71438701
 1 498
P  1 1
 222248.101145103 5206727.08277437
 1 499
P  1 1
 231617.977983259 5205565.4993019
 1 500
P  1 1
 233231.218130052 5205477.62404729
 1 501
P  1 1
 225008.700554445 5205838.61938599
 1 502
P  1 1
 225229.806988822 5205819.77235935
 1 503
P  1 1
 234807.623314317 5205404.46738036
 1 504
P  1 1
 232537.298887726 5205511.19933955
 1 505
P  1 1
 289599.4233212 5204685.23448138
 1 506
P  1 1
 292531.383298041 5207874.69888838
 1 507
P  1 1
 293358.067765791 5209018.44566639
 1 508
P  1 1
 292193.663770236 5207061.53558834
 1 509
P  1 1
 289899.979801578 5204558.29662165
 1 510
P  1 1
 292157.763285464 5206236.97295697
 1 511
P  1 1
 294230.623041497 5199892.8618728
 1 512
P  1 1
 292271.916185401 5199875.51354553
 1 513
P  1 1
 271110.261614151 5200888.84155465
 1 514
P  1 1
 271501.925411879 5199450.77202367
 1 515
P  1 1
 269806.825101559 5203027.61865971
 1 516
P  1 1
 270306.916168069 5202285.74586642
 1 517
P  1 1
 272868.843509491 5204947.02545499
 1 518
P  1 1
 273621.628205392 5202200.4392392
 1 519
P  1 1
 271265.542717844 5204145.99236477
 1 520
P  1 1
 268108.086105948 5204765.78049806
 1 521
P  1 1
 272865.017488355 5205428.27778688
 1 522
P  1 1
 273266.08971402 5208585.72239417
 1 523
P  1 1
 269562.75223621 5203954.14792385
 1 524
P  1 1
 235126.573714326 5173424.61283235
 1 525
P  1 1
 231927.575985242 5174575.12294124
 1 526
P  1 1
 224705.243040601 5176862.9011644
 1 527
P  1 1
 227771.1823899 5176731.37859784
 1 528
P  1 1
 230315.147087157 5174868.57157446
 1 529
P  1 1
 225546.94013986 5177301.19348126
 1 530
P  1 1
 225488.570975526 5175844.92029258
 1 531
P  1 1
 223925.26944932 5177091.00169465
 1 532
P  1 1
 225736.896345953 5175203.32382946
 1 533
P  1 1
 224385.155289763 5176889.54171586
 1 534
P  1 1
 227173.19859465 5177439.69248817
 1 535
P  1 1
 228713.833062649 5175373.10623813
 1 536
P  1 1
 229961.695092046 5155637.17894787
 1 537
P  1 1
 229961.695092046 5155637.17894787
 1 538
P  1 1
 229961.695092046 5155637.17894787
 1 539
P  1 1
 230181.38202856 5157237.90562522
 1 540
P  1 1
 230181.38202856 5157237.90562522
 1 541
P  1 1
 230181.38202856 5157237.90562522
 1 542
P  1 1
 229343.030927034 5159469.54498298
 1 543
P  1 1
 229343.030927034 5159469.54498298
 1 544
P  1 1
 229343.030927034 5159469.54498298
 1 545
P  1 1
 229727.123014566 5158878.92185895
 1 546
P  1 1
 229727.123014566 5158878.92185895
 1 547
P  1 1
 229727.123014566 5158878.92185895
 1 548
P  1 1
 227283.57764431 5163842.93550758
 1 549
P  1 1
 227283.57764431 5163842.93550758
 1 550
P  1 1
 227283.57764431 5163842.93550758
 1 551
P  1 1
 228362.751406574 5162178.20679767
 1 552
P  1 1
 228362.751406574 5162178.20679767
 1 553
P  1 1
 228362.751406574 5162178.20679767
 1 554
P  1 1
 228616.903852291 5142789.46606395
 1 555
P  1 1
 227033.051501563 5142858.83944313
 1 556
P  1 1
 231855.057622961 5142624.12163317
 1 557
P  1 1
 225421.187142659 5142937.04217292
 1 558
P  1 1
 233485.065332624 5128027.82146869
 1 559
P  1 1
 234096.961533187 5128832.66647058
 1 560
P  1 1
 238254.484769097 5140715.08287249
 1 561
P  1 1
 228207.232217943 5131585.10833691
 1 562
P  1 1
 233199.606170198 5136092.48352236
 1 563
P  1 1
 231576.328025274 5134582.21797346
 1 564
P  1 1
 229865.370330487 5133021.39451924
 1 565
P  1 1
 242902.3376286 5142163.68126842
 1 566
P  1 1
 243049.575318693 5145376.01076451
 1 567
P  1 1
 243037.052056981 5143764.82097958
 1 568
P  1 1
 241288.59837744 5142231.58620504
 1 569
P  1 1
 236566.793118692 5139182.46518615
 1 570
P  1 1
 234890.035591724 5137640.00025692
 1 571
P  1 1
 239666.131481978 5142269.41644864
 1 572
P  1 1
 239676.001765072 5142279.08651514
 1 573
P  1 1
 232513.792097643 5135454.88619775
 1 574
P  1 1
 226391.496537161 5130788.18879145
 1 575
P  1 1
 227843.568855596 5131401.80337146
 1 576
P  1 1
 227993.225783674 5131487.13907843
 1 577
P  1 1
 225688.319797285 5130788.86634501
 1 578
P  1 1
 236065.97505866 5177964.04879746
 1 579
P  1 1
 234602.551956144 5178754.36523856
 1 580
P  1 1
 234639.991670098 5178752.69795882
 1 581
P  1 1
 232119.285959384 5179574.31861113
 1 582
P  1 1
 233722.780222923 5179048.59310513
 1 583
P  1 1
 231758.974979224 5179770.21506001
 1 584
P  1 1
 237247.772052218 5176314.72705095
 1 585
P  1 1
 210670.89613591 5212857.94626006
 1 586
P  1 1
 211434.994304979 5211817.35406245
 1 587
P  1 1
 209925.298466923 5213883.87820778
 1 588
P  1 1
 211424.117698323 5211218.18492295
 1 589
P  1 1
 210702.37470672 5212881.99849732
 1 590
P  1 1
 209920.198706799 5214086.75838887
 1 591
P  1 1
 214594.684695431 5183708.45256288
 1 592
P  1 1
 216203.653982086 5183664.90688256
 1 593
P  1 1
 212227.690359258 5184795.78653399
 1 594
P  1 1
 213098.97813998 5183764.39397369
 1 595
P  1 1
 213004.56718587 5183917.30640598
 1 596
P  1 1
 220749.782555492 5167382.877968
 1 597
P  1 1
 220080.833570392 5168793.6494047
 1 598
P  1 1
 219393.063068046 5170635.64463095
 1 599
P  1 1
 219411.280952114 5172249.29786435
 1 600
P  1 1
 218894.236990175 5173072.80335345
 1 601
P  1 1
 217281.476064213 5173149.53058834
 1 602
P  1 1
 215674.478802925 5173228.19500641
 1 603
P  1 1
 220531.658398877 5173001.63132015
 1 604
P  1 1
 243582.624808286 5129211.75769071
 1 605
P  1 1
 237265.022884118 5127754.99706591
 1 606
P  1 1
 239146.452830144 5129385.49693508
 1 607
P  1 1
 241960.278625356 5129280.95309161
 1 608
P  1 1
 237436.536558757 5127848.78028446
 1 609
P  1 1
 240351.735854348 5129360.09576967
 1 610
P  1 1
 235404.953299144 5126346.23749355
 1 611
P  1 1
 245186.000696608 5129144.2310063
 1 612
P  1 1
 215322.602685008 5198542.54869868
 1 613
P  1 1
 213752.711927182 5201718.34085376
 1 614
P  1 1
 213775.75557122 5201466.06568549
 1 615
P  1 1
 215175.598989525 5198781.8286479
 1 616
P  1 1
 215319.686436801 5198218.61513991
 1 617
P  1 1
 219935.749327394 5193184.25855977
 1 618
P  1 1
 216080.330537248 5197850.16887882
 1 619
P  1 1
 220012.106428231 5194748.39983687
 1 620
P  1 1
 220009.763407989 5194688.81341769
 1 621
P  1 1
 216090.786926549 5197848.02851757
 1 622
P  1 1
 219857.642008647 5191582.20548833
 1 623
P  1 1
 217804.614879153 5197624.37555262
 1 624
P  1 1
 220009.291895358 5194679.24975546
 1 625
P  1 1
 214276.113457101 5199836.71167737
 1 626
P  1 1
 215328.877866811 5198524.42418237
 1 627
P  1 1
 215317.216248843 5198558.1062639
 1 628
P  1 1
 214961.743942852 5199105.75640691
 1 629
P  1 1
 214955.479773056 5199115.23608563
 1 630
P  1 1
 214952.738465021 5199119.38455547
 1 631
P  1 1
 213941.23343422 5201209.93559067
 1 632
P  1 1
 215320.92323726 5198249.3364263
 1 633
P  1 1
 215317.566076717 5198165.94683042
 1 634
P  1 1
 216074.680854007 5197851.32533567
 1 635
P  1 1
 215314.1084234 5198089.61491212
 1 636
P  1 1
 220013.818163203 5194791.01889805
 1 637
P  1 1
 213574.63169775 5201988.27679115
 1 638
P  1 1
 215169.240260271 5198791.46407602
 1 639
P  1 1
 215181.4028587 5198773.03400323
 1 640
P  1 1
 214263.45381069 5199845.0760107
 1 641
P  1 1
 215318.232952011 5198182.51156139
 1 642
P  1 1
 220011.054472414 5194722.07803116
 1 643
P  1 1
 220090.359291858 5196391.56192414
 1 644
P  1 1
 214613.579649984 5199609.02931706
 1 645
P  1 1
 215325.123294491 5198535.26845898
 1 646
