cat,lcat,along
1,1,10301.4021665796
2,2,2131.30943022387
3,3,4991.73324434362
4,4,851.20565093953
5,5,317.873050383737
6,6,1570.01966432528
7,7,507.124875334207
8,10,2152.75067288021
9,12,30.4378281140323
10,15,2337.74274024895
11,17,0.911259087999873
12,18,121.709858514451
13,19,1.34149460556776
14,20,13862.4078631919
15,21,3666.71944259262
16,22,1612.59085927517
17,26,1275.0601220629
18,27,7600.24707230443
19,28,3469.39088147631
20,29,3445.15152645948
21,30,4377.86405288122
22,31,4312.22601521512
23,32,6382.63440182483
24,33,8049.44499360408
25,34,1867.46688579009
26,35,2968.70936653857
27,36,5923.32242190595
28,37,2496.73285611098
29,38,978.51318987154
30,39,4722.16647900019
31,40,2353.9053376764
32,41,11.4618473591535
33,42,9098.64562871281
34,43,12098.0335937283
35,45,819.261596477952
36,47,2556.89850052779
37,48,355.457433252273
38,49,646.447671554106
39,51,1966.69495068117
40,52,425.658284739966
41,53,1549.40648744253
42,54,1224.99107987111
43,55,2416.21407961012
44,57,23.8810157454358
45,58,1594.02948656908
46,59,1372.44838320102
47,61,1591.06098404192
48,62,1614.656785849
49,63,1570.3857519517
50,64,15193.9568602842
51,65,1439.82946214129
52,66,4012.5496707194
53,67,1804.65614776444
54,68,379.91138316622
55,69,684.617654115992
56,70,1411.47655114332
57,71,4948.53092490464
58,72,258.476825351929
59,73,1047.93942379096
60,74,2025.77590810067
61,75,542.121240831321
62,76,1925.09775288958
63,77,2275.84837992757
64,78,3283.26195928419
65,80,8082.63996550704
66,81,4228.28513048492
67,82,9948.69083521595
68,83,1335.10660170703
69,84,1548.2708259835
70,85,6801.34082529339
71,86,144.452992082788
72,87,246.313881730206
73,88,900.289470491248
74,89,15093.0297840516
75,90,10901.6650304564
76,91,8182.87662231884
77,92,13894.862627496
78,93,4137.02808239252
79,98,4507.12546632418
80,101,1031.77340917212
81,105,1782.32041831058
82,106,4335.46208079184
83,107,1514.87052777466
84,109,5993.26445376896
85,110,8490.78725775849
86,112,2522.09831928885
87,113,803.947294776429
88,115,3.49572336426127
89,116,15093.1303187517
90,117,3.49573086012669
91,118,7.620000262113
92,119,15093.0232412689
93,120,2.45458236818435
94,123,2461.21194850361
95,126,5687.60690034021
96,129,3648.49576106297
97,133,2451.02799075567
98,138,3055.93467064721
99,140,45.3901893405006
100,141,1477.81685046394
101,143,5239.03433411728
102,145,13.3625527162535
103,146,410.30145995066
104,148,1181.58681839834
105,154,13.3447742340442
106,156,4763.63368713744
107,159,4581.26318596867
108,167,7011.75636259169
109,169,13.3631280889026
110,172,6122.07046531307
111,173,803.696404708746
112,175,15093.028707512
113,182,0.519123117869144
114,185,0.120374282776276
115,186,0.101440238551796
116,189,978.882902503416
117,191,4603.12104196278
118,192,1493.91558478505
119,197,4782.12236888887
120,198,1.40929060030398
121,199,683.615955947465
122,201,10549.3421850709
123,202,58.8218951363256
124,204,7001.92704557939
125,214,822.795391385714
126,215,39.5819478061461
127,223,3635.14285617183
128,229,2024.64092148874
129,247,8023.25709820909
130,248,1782.67175276728
131,251,7618.7744439153
132,255,986.437578757904
133,258,6221.23194236791
134,260,237.391993090469
135,263,1562.47540864769
136,266,2046.88752217061
137,267,3662.1504146557
138,268,3108.2522299846
139,271,175.201936281024
140,274,3635.11033868084
141,275,0.385874722535245
142,276,44.0435438320168
143,277,0.0428685238178253
144,278,9474.50419305682
145,281,3546.771898969
146,282,194.363268196376
147,284,10205.6262097698
148,285,9174.07166270948
149,286,3237.0632369081
150,291,693.76137033143
151,292,70.4748555973909
152,293,6427.78016907311
153,294,71.4023257854318
154,297,0.907809181653237
155,299,1121.28651752347
156,300,2901.18116113062
157,302,9.99719099912385
158,305,2564.13840737614
159,306,1527.97831227435
160,309,308.863984852738
161,310,5.95175197048565
162,311,5.96886748386442
163,312,4990.27942666106
164,313,1.00800056741145
165,314,1966.90428608057
166,317,592.146951543092
167,319,0.907809181769522
168,324,497.26773459469
169,328,1606.18970208478
170,339,301.109802389038
171,340,0.526283726241401
172,341,2678.56198398211
173,344,702.226980621286
174,347,307.010022781944
175,349,3047.282572582
176,351,821.485501791481
177,356,98.4022661633651
178,358,23.3027743764081
179,361,1574.56819299274
180,365,423.487407677004
181,367,4546.81915899922
182,369,45.6248226307569
183,377,2164.88701596289
184,383,121.871433626507
185,384,1.20403186325689
186,387,612.235238964852
187,393,8026.45164960282
188,398,4557.57570809292
189,400,5703.20502498457
190,403,97.6012689711482
191,404,58.8243150403101
192,406,3134.43383737055
193,408,5287.49892999668
194,410,606.06899635541
195,412,830.831816350725
196,414,1999.24140660503
197,415,730.906059236654
198,416,2313.3461825588
199,417,293.320777930014
200,419,1565.22596805338
201,420,4924.62074689769
202,421,611.612383881293
203,426,5270.66664690086
204,428,1579.54861522398
205,432,7225.19543272686
206,434,1157.98427657088
207,436,1.02099363694338
208,437,2667.73997632044
209,438,688.379812966378
210,444,0.910873700533689
211,451,2289.76670272909
212,454,1464.4850379192
213,455,3837.87574895594
214,456,4772.18405082965
215,458,2133.3011387439
216,464,1713.6462760073
217,467,10135.4134884438
218,469,2375.67897646881
219,471,10964.8399108231
220,473,2680.771542495
221,475,3708.1566329992
222,476,30.3234885415107
223,477,2023.13028842193
224,483,8037.14903231161
225,485,5092.66453991309
226,489,7102.89084872756
227,493,2196.86558760012
228,497,4178.8255788389
229,498,5636.99360503384
230,503,20844.7359943326
231,507,617.37507207199
232,509,2127.44974197708
233,510,664.673824785429
234,514,305.869419858439
235,516,1.26063370284409
236,517,1601.98779558391
237,519,2553.16993547931
238,525,231.466566211518
239,527,787.357669538193
240,532,2.29218135666033
241,534,73.6789821869745
242,538,414.484751933555
243,539,305.949403165771
244,542,1648.64239423033
245,545,5852.58856170111
246,547,1.94177737936618
247,549,1756.52189604703
248,550,0.0766691954581512
249,551,0.0799109295090182
250,553,1603.10674122406
251,554,4805.99755852987
252,557,1511.78601772136
253,559,1609.69185011916
254,562,3683.66834771473
255,564,4622.23541817234
256,566,512.50776427572
257,567,1018.377894527
258,571,792.214204373094
259,574,785.561676426226
260,577,7674.8277179279
261,578,9306.45431562494
262,579,6252.38885091147
263,581,22084.8952487736
264,583,4107.37061878546
265,585,1517.68561254963
266,587,1614.05796068251
267,591,2089.02729202236
268,592,931.399070316099
269,593,3133.90189337589
270,594,4920.68619683886
271,596,4937.94469922845
272,597,2705.69350092245
273,600,3192.85003046102
274,602,1616.9623530341
275,605,1199.994662634
276,607,29.1549072456487
277,611,1.11069889604225
278,614,8136.35172527875
279,616,1005.51035576507
280,622,160.815354040824
281,624,7870.23888214105
282,625,10300.3206078609
283,626,2225.01528821545
284,627,12246.6790633178
285,631,1659.52233795029
286,632,6413.19048968583
287,637,11622.1753698823
288,639,608.896732044985
289,643,2360.33034107841
290,648,4330.16195011063
291,652,936.82529617035
292,656,39.8837093278958
293,660,13976.7145577168
294,662,60.391842678823
295,663,610.521939289718
296,664,1702.88218098947
297,666,9348.24099617548
298,668,3662.50021511677
299,672,113.978050348581
300,673,4109.79964305741
