cat,lcat,along,x,y
1,24,0,240363.958979383,5159572.12332719
2,24,658.888256060892,239735.938760343,5159447.32131676
3,24,1317.77651212178,239115.042977687,5159325.89206617
4,24,1976.66476818267,238510.918728272,5159533.48057671
5,24,2635.55302424357,237932.924912097,5159802.57174695
6,24,3294.44128030446,237391.692728002,5160110.61682423
7,24,3953.32953636535,236751.142373552,5160142.24261812
8,24,4612.21779242624,236104.119262344,5160177.1141315
9,24,5271.10604848713,235452.562463187,5160203.77465091
10,24,5929.99430454802,235072.006673901,5160592.16924383
11,24,6588.88256060892,234947.169001526,5161213.68912155
12,24,7247.77081666981,234998.833361618,5161858.52547938
13,25,0,239230.899834921,5164931.08488253
14,25,147.454465089771,239084.156382769,5164935.05589485
15,25,294.908930179543,238938.342586584,5164940.80727716
16,25,442.363395269314,238792.665608051,5164945.4860902
17,25,589.817860359086,238646.424101207,5164947.24789472
18,25,737.272325448857,238501.878549172,5164954.69750282
19,25,884.726790538629,238355.928443617,5164956.91391003
20,25,1032.1812556284,238209.143286477,5164961.5409868
21,25,1179.63572071817,238062.747129288,5164967.61847045
22,25,1327.09018580794,237916.823594446,5164969.93284009
23,25,1474.54465089771,237770.549804332,5164975.36391092
24,25,1621.99911598749,237623.279415892,5164978.7011168
25,27,0,239938.830991084,5164910.87917527
26,27,64.0364578958621,239875.868046014,5164913.46425168
27,27,128.072915791724,239812.06453573,5164915.52358291
28,27,192.109373687586,239748.362081778,5164917.5089458
29,27,256.145831583448,239684.690957003,5164917.6336693
30,27,320.18228947931,239621.101910484,5164921.31988167
31,27,384.218747375172,239557.681267551,5164921.56989049
32,27,448.255205271034,239494.296045359,5164925.29703539
33,27,512.291663166896,239430.639254419,5164926.72533951
34,27,576.328121062759,239366.840865398,5164928.05488742
35,27,640.364578958621,239303.838615143,5164929.92611404
36,27,704.401036854483,239239.835486181,5164931.9918882
37,28,0,242180.623059673,5164829.94866324
38,28,185.364533419141,241998.416234337,5164832.55599167
39,28,370.729066838281,241814.963504175,5164842.12972558
40,28,556.093600257422,241630.576182441,5164850.29115564
41,28,741.458133676562,241446.345841131,5164859.25162408
42,28,926.822667095703,241263.33679251,5164867.37726927
43,28,1112.18720051484,241079.181484195,5164873.87888244
44,28,1297.55173393398,240896.402135767,5164878.8627375
45,28,1482.91626735312,240713.292454262,5164885.44794236
46,28,1668.28080077227,240528.758872184,5164890.66669606
47,28,1853.64533419141,240344.58895054,5164896.82772077
48,28,2039.00986761055,240159.908437428,5164904.00638566
49,30,0,243065.021549444,5164784.72916925
50,30,27.4634177597396,243038.589837571,5164787.6489063
51,30,54.9268355194792,243011.612147856,5164788.60938893
52,30,82.3902532792188,242988.983521176,5164788.17682578
53,30,109.853671038958,242961.548289964,5164789.42077248
54,30,137.317088798698,242934.192116923,5164791.49214547
55,30,164.780506558438,242907.173228447,5164790.88517641
56,30,192.243924318177,242879.769203469,5164791.40589381
57,30,219.707342077917,242852.405290187,5164793.3962571
58,30,247.170759837656,242825.436879373,5164793.31758948
59,30,274.634177597396,242798.072966091,5164795.30795277
60,30,302.097595357136,242773.217713337,5164802.96504643
61,31,0,237202.198331275,5164994.16765657
62,31,116.617241133856,237100.557403272,5164976.53585465
63,31,233.234482267711,236984.801395961,5164982.08696666
64,31,349.851723401567,236869.417451757,5164986.54277149
65,31,466.468964535423,236754.055288904,5164990.77562093
66,31,583.086205669279,236638.135992565,5164995.69760593
67,31,699.703446803134,236522.033168171,5165000.61558633
68,31,816.32068793699,236406.32892874,5165005.0263531
69,31,932.937929070846,236290.813350558,5165011.17492735
70,31,1049.5551702047,236175.13696906,5165016.31015294
71,31,1166.17241133856,236083.457024911,5164978.89051198
72,31,1282.78965247241,235992.454482682,5164924.59758723
73,32,0,240109.502767194,5165003.6990239
74,32,23.0033616728898,240088.581893797,5165012.46354573
75,32,46.0067233457797,240068.571746121,5165023.38051839
76,32,69.0100850186695,240049.686407651,5165026.51780387
77,32,92.0134466915594,240033.958080939,5165009.75914118
78,32,115.016808364449,240019.295373991,5164992.03596848
79,32,138.020170037339,240004.009615618,5164974.88362501
80,32,161.023531710229,239988.186598286,5164958.2684053
81,32,184.026893383119,239973.214367617,5164941.03145965
82,32,207.030255056009,239958.68812503,5164923.32354316
83,32,230.033616728898,239939.732068418,5164910.37879683
84,42,0,235222.67802536,5166290.29024605
85,42,419.419309643268,235099.70783758,5165892.89367371
86,42,838.838619286537,234686.586194469,5165907.17051304
87,42,1258.25792892981,234271.340587816,5165927.68324897
88,42,1677.67723857307,233856.442512971,5165946.88894781
89,42,2097.09654821634,233441.473900209,5165964.20333744
90,42,2516.51585785961,233024.96019641,5165980.95718785
91,42,2935.93516750288,232609.615609202,5165999.70587645
92,42,3355.35447714615,232194.482488642,5166021.95279857
93,42,3774.77378678942,231778.5637177,5166042.2979905
94,42,4194.19309643268,231362.2859883,5166061.56468292
95,42,4613.61240607595,230944.888951906,5166083.68285822
96,451,0,243013.053470674,5161565.97253552
97,451,736.137345936682,242291.212119022,5161597.02620682
98,451,1472.27469187336,241557.882261266,5161614.4725986
99,451,2208.41203781005,240831.593405655,5161638.6307905
100,451,2944.54938374673,240100.066339532,5161665.43793308
101,451,3680.68672968341,239373.419907321,5161685.80732602
102,451,4416.82407562009,238641.780209613,5161713.32441166
103,451,5152.96142155678,237911.110450628,5161736.80604153
104,451,5889.09876749346,237182.043750452,5161770.56136459
105,451,6625.23611343014,236453.820523389,5161802.4697383
106,451,7361.37345936682,235721.747785731,5161837.22999319
107,451,8097.5108053035,234994.106889406,5161873.91592544
108,454,0,235247.460827033,5166279.79621349
109,454,170.077333974034,235199.362180755,5166117.53604873
110,454,340.154667948069,235150.916268205,5165954.96923867
111,454,510.232001922103,235100.820701224,5165792.90822237
112,454,680.309335896137,235052.656938062,5165630.14513673
113,454,850.386669870172,235003.42442838,5165467.61480186
114,454,1020.46400384421,234954.497617804,5165305.1927347
115,454,1190.54133781824,234904.541079479,5165142.81416781
116,454,1360.61867179227,234857.361220871,5164979.56403516
117,454,1530.69600576631,234808.465116799,5164817.0179866
118,454,1700.77333974034,234761.331359438,5164654.06473561
119,454,1870.85067371438,234714.583583246,5164490.97695743
120,462,0,235738.943165576,5158591.84641833
121,462,151.988774445531,235587.829392083,5158597.35309249
122,462,303.977548891062,235436.973135779,5158603.74248714
123,462,455.966323336594,235303.17949023,5158632.15897603
124,462,607.955097782125,235151.894303592,5158635.78305712
125,462,759.943872227656,235002.330440462,5158637.62257121
126,462,911.932646673187,234851.595513308,5158646.49646948
127,462,1063.92142111872,234701.057661886,5158655.33900607
128,462,1215.91019556425,234550.420585326,5158664.15207491
129,462,1367.89897000978,234400.373476307,5158673.79935946
130,462,1519.88774445531,234256.869992111,5158671.73369976
131,462,1671.87651890084,234116.234073807,5158661.57736376
132,463,0,242147.737589353,5158398.18968684
133,463,647.843715921025,241508.710123693,5158415.81139105
134,463,1295.68743184205,240869.795516987,5158423.47383844
135,463,1943.53114776307,240226.989416711,5158434.34783266
136,463,2591.3748636841,239591.575162978,5158451.62076669
137,463,3239.21857960512,238947.341860207,5158469.32944972
138,463,3887.06229552615,238306.696070997,5158491.6603128
139,463,4534.90601144717,237667.309149338,5158515.55992252
140,463,5182.7497273682,237023.097507987,5158538.98895631
141,463,5830.59344328922,236383.864731139,5158565.45958147
142,463,6478.43715921025,235739.941482258,5158591.80525484
143,465,0,243366.666725814,5156713.68956248
144,465,827.319393225942,242539.692331217,5156737.10790175
145,465,1654.63878645188,241712.853633149,5156765.04550382
146,465,2481.95817967782,240886.355043642,5156801.88798862
147,465,3309.27757290377,240059.714366792,5156834.64373388
148,465,4136.59696612971,239232.662046459,5156855.62829898
149,465,4963.91635935565,238405.919537713,5156886.33967909
150,465,5791.23575258159,237579.23651174,5156918.76812506
151,465,6618.55514580753,236752.500179586,5156949.82312328
152,465,7445.87453903347,235942.921397512,5157029.15894631
153,465,8273.19393225942,235700.595122077,5157765.54703819
154,465,9100.51332548536,235737.349749583,5158590.38531747
155,478,0,237472.437611975,5166597.22949228
156,478,108.251973553486,237369.033735448,5166601.28773569
157,478,216.503947106972,237262.047136328,5166606.35152888
158,478,324.755920660458,237154.353923524,5166610.55361857
159,478,433.007894213944,237046.435985151,5166614.57742638
160,478,541.25986776743,236939.193454743,5166619.13955037
161,478,649.511841320916,236831.372580073,5166624.69933427
162,478,757.763814874402,236723.61625263,5166628.45977634
163,478,866.015788427888,236616.055934811,5166632.19142537
164,478,974.267761981374,236508.251739736,5166638.32482955
165,478,1082.51973553486,236400.648439203,5166643.63239283
166,478,1190.77170908835,236293.04682086,5166649.3976554
167,480,0,237610.899795098,5164980.77593113
168,480,37.5801537316203,237573.341963806,5164982.07102307
169,480,75.1603074632407,237535.935108326,5164983.33154102
170,480,112.740461194861,237499.130914507,5164984.83502755
171,480,150.320614926481,237462.036749663,5164986.90971141
172,480,187.900768658102,237425.246849831,5164986.95784656
173,480,225.480922389722,237388.746675443,5164986.69888562
174,480,263.061076121342,237351.518832008,5164990.71092418
175,480,300.641229852963,237314.320673558,5164992.740126
176,480,338.221383584583,237277.038748365,5164993.76193418
177,480,375.801537316203,237239.525418647,5164995.58307659
178,480,413.381691047824,237201.967587355,5164996.87816854
179,487,0,239292.89901523,5167970.28126334
180,487,272.99042160227,239024.605178322,5167984.37922535
181,487,545.980843204541,238760.307098385,5167988.86520732
182,487,818.971264806811,238573.204080912,5167806.98851934
183,487,1091.96168640908,238318.1762463,5167778.22563001
184,487,1364.95210801135,238047.612442593,5167786.48964325
185,487,1637.94252961362,237781.011050342,5167811.68131441
186,487,1910.93295121589,237583.497012317,5167652.43414084
187,487,2183.92337281816,237607.678396883,5167384.96838612
188,487,2456.91379442043,237593.675564425,5167116.82808732
189,487,2729.9042160227,237541.41326956,5166852.76782579
190,487,3002.89463762497,237473.211134569,5166597.47307363
191,491,0,240158.908493405,5164904.09182979
192,491,10.8704545096556,240148.139183049,5164905.57126742
193,491,21.7409090193111,240138.322582797,5164909.94174089
194,491,32.6113635289667,240132.958085946,5164919.12541109
195,491,43.4818180386222,240129.983663999,5164929.48390498
196,491,54.3522725482778,240126.112645497,5164939.58604708
197,491,65.2227270579333,240123.384609166,5164950.10862276
198,491,76.0931815675889,240120.656572834,5164960.63119845
199,491,86.9636360772444,240117.928536502,5164971.15377413
200,491,97.8340905869,240115.200500171,5164981.67634981
201,491,108.704545096556,240112.472463839,5164992.1989255
202,491,119.574999606211,240109.744427507,5165002.72150118
203,510,0,242171.151527251,5168037.80806032
204,510,149.427844341659,242024.082955926,5168045.42188809
205,510,298.855688683317,241876.496523317,5168051.66480811
206,510,448.283533024976,241729.584099515,5168057.0279939
207,510,597.711377366635,241585.554723554,5168065.60889086
208,510,747.139221708293,241439.846969097,5168072.34560111
209,510,896.567066049952,241293.35090436,5168080.92291734
210,510,1045.99491039161,241144.551854648,5168088.38618876
211,510,1195.42275473327,240997.137874464,5168094.21628232
212,510,1344.85059907493,240850.331803066,5168100.5023425
213,510,1494.27844341659,240703.09622671,5168109.98419666
214,510,1643.70628775825,240559.849287539,5168112.79796496
215,514,0,242772.184216765,5164803.01292681
216,514,54.2981143669516,242719.403985806,5164796.54563622
217,514,108.596228733903,242665.556473896,5164800.03982809
218,514,162.894343100855,242611.418612,5164802.59665267
219,514,217.192457467806,242557.371140901,5164804.74824092
220,514,271.490571834758,242503.509322675,5164808.39952201
221,514,325.788686201709,242449.417325388,5164809.36877146
222,514,380.086800568661,242395.562812789,5164812.79109687
223,514,434.384914935613,242341.983802685,5164815.6215317
224,514,488.683029302564,242288.540548258,5164818.36602543
225,514,542.981143669516,242234.621858583,5164821.39313574
226,514,597.279258036467,242181.735785384,5164829.89752854
227,530,0,243131.8071589,5166392.02532678
228,530,522.814274513745,242627.734518542,5166418.0865817
229,530,1045.62854902749,242119.660747039,5166447.13726697
230,530,1568.44282354123,241605.433004192,5166463.9666387
231,530,2091.25709805498,241085.806142023,5166487.27876002
232,530,2614.07137256872,240565.779462733,5166512.62000415
233,530,3136.88564708247,240056.206020867,5166529.87687018
234,530,3659.69992159621,239548.243870577,5166541.34250008
235,530,4182.51419610996,239027.335218029,5166544.639935
236,530,4705.3284706237,238507.545363427,5166560.82126347
237,530,5228.14274513745,237991.892924033,5166578.21666787
238,530,5750.95701965119,237473.450063684,5166597.18031788
