lcat,along,x,y,across,x1,y1,cos,sin,angle,culvert,overwrite
102,0,241624.89670705146,5150308.436058167,9.0,241618.1337638679,5150314.374290185,0.7514381315082319,-0.659803557519522,48.715107306841894,0,0
102,10,241632.24504883448,5150315.28934679,10.0,241624.7306675145,5150321.887382359,0.7514381319989266,-0.6598035569606788,48.715107349452666,0,0
102,20,241639.766310304,5150321.86136785,10.0,241633.3039732821,5150329.492763543,0.6462337021878113,-0.7631395692510219,40.25823736096521,0,0
102,30,241647.3963968155,5150328.3225962,10.0,241640.93405978873,5150335.953991888,0.6462337026758982,-0.7631395688377053,40.2582373976103,0,0
102,40,241654.38024962533,5150335.546964119,9.0,241648.56414631053,5150342.415220247,0.6462337016453328,-0.7631395697103978,40.25823732023645,0,0
102,50,241662.65656983852,5150341.2450529,10.0,241656.19423281177,5150348.876448588,0.6462337026758982,-0.7631395688377053,40.2582373976103,0,0
102,60,241670.93088712168,5150346.938503097,11.0,241663.8602671348,5150355.365028656,0.6427836351714666,-0.7660477781155395,39.99970272946221,0,0
102,70,241678.63132735592,5150353.303485553,11.0,241671.6264522489,5150361.7847428145,0.6368068279111061,-0.7710233874052037,39.55412270329681,0,0
102,80,241685.703431663,5150360.4414847605,10.0,241679.33536338387,5150368.151718634,0.6368068279111061,-0.7710233874052037,39.55412270329681,0,0
102,90,241693.4123427985,5150366.80846058,10.0,241687.0442745145,5150374.51869445,0.6368068283970418,-0.7710233870038576,39.55412273940735,0,0
102,100,241701.121253934,5150373.1754364,10.0,241694.75318565487,5150380.885670274,0.6368068279111061,-0.7710233874052037,39.55412270329681,0,0
102,110,241708.830165069,5150379.54241222,10.0,241702.46209679003,5150387.252646094,0.636806827896814,-0.7710233874170079,39.554122702234736,0,0
102,120,241716.5390762045,5150385.909388039,10.0,241710.17100792038,5150393.619621909,0.6368068284113342,-0.7710233869920533,39.554122740469424,0,0
102,130,241724.88400036792,5150391.583128554,11.0,241717.4604299617,5150399.700431211,0.674870036929847,-0.7379366051730372,42.44405863939605,0,0
102,140,241731.5872304065,5150399.06860777,10.0,241724.8385300272,5150406.447973813,0.6748700379299679,-0.73793660425839,42.44405871704866,0,0
102,150,241739.1928078095,5150405.54948051,10.0,241732.96953695355,5150413.37705356,0.6223270855956234,-0.7827573050020405,38.4862704481987,0,0
102,160,241746.3967108919,5150412.554441065,9.0,241740.7957671214,5150419.59925681,0.6223270856098033,-0.7827573049907669,38.48627044923664,0,0
102,170,241754.84526814648,5150417.993887015,10.0,241748.62199723345,5150425.82146002,0.6223270913028998,-0.7827573004645004,38.48627086595636,0,0
102,179,241762.631131632,5150422.10539518,10.0,241758.61198243385,5150431.262165338,0.4019149198134824,-0.9156770157819415,23.69794406412386,0,1
102,180,241763.433114806,5150422.650566325,10.0,241756.43422344595,5150429.793081269,0.6998891360036357,-0.7142514944360175,44.41811004356568,0,0
102,190,241770.52114543598,5150429.376034212,12.0,241761.59166347806,5150437.392539185,0.7441234964924369,-0.668042080985824,48.08386906076091,0,0
102,200,241777.85169594674,5150435.426089615,11.0,241770.97158979892,5150444.00887118,0.6254641952563568,-0.7802528695572468,38.71626626651784,0,0
102,210,241784.52442419642,5150443.24151194,9.0,241779.64579306624,5150450.804511232,0.5420701255761038,-0.8403332547019111,32.82467275897422,0,0
102,220,241792.89165424532,5150448.656768263,9.0,241787.7810908058,5150456.065016459,0.567840382167938,-0.8231386884233848,34.59976592110045,0,0
102,230,241802.642029546,5150452.274555237,12.0,241795.37855051484,5150461.826616395,0.6052899192634911,-0.7960050964899638,37.24970713210045,0,0
102,240,241807.8035564225,5150461.46411631,10.0,241799.68821597972,5150467.307167696,0.8115340442767338,-0.5843051385875776,54.246083605197285,0,0
102,250,241815.1917892397,5150467.92012916,11.0,241808.32461045755,5150476.513257553,0.6242889801947699,-0.7811934902489742,38.630019499330785,0,0
102,260,241822.6081214425,5150474.63643604,10.0,241816.8567621423,5150482.817014637,0.5751359300201792,-0.8180578598117761,35.10915201303301,0,0
102,270,241830.68569247637,5150480.6505621495,9.0,241826.32956355053,5150488.526102816,0.4840143250940535,-0.8750600739970644,28.947913837667656,0,0
102,280,241838.424134041,5150486.482517205,10.0,241830.94721944293,5150493.122980148,0.7476914598070192,-0.6640462942684408,48.390798772496765,0,0
102,290,241844.30110987226,5150494.63225519,9.0,241837.55880494663,5150500.593909683,0.7491449917369984,-0.6624060547393664,48.51636862308853,0,0
102,300,241853.2172251725,5150499.69240274,10.0,241847.13346618306,5150507.628892931,0.608375898943124,-0.7936490191420549,37.47216230326533,0,0
102,310,241861.99968761636,5150503.956844223,12.0,241856.62443514192,5150514.685621452,0.4479377062047333,-0.8940647691079444,26.61144611308253,0,0
102,320,241868.05665064094,5150512.54897416,9.0,241861.3639339755,5150518.566244608,0.7436351850508359,-0.6685856052551602,48.04200522128644,0,0
102,330,241876.28748901602,5150518.153382106,10.0,241868.79092140644,5150524.771650314,0.7496567609581323,-0.6618268208147519,48.5606542099172,0,0
102,340,241886.39130912357,5150521.906008947,14.0,241876.94315800883,5150532.237148308,0.6748679367670792,-0.7379385258432748,42.44389557619327,0,0
102,350,241893.76942841956,5150528.653530537,14.0,241884.3212773048,5150538.984669899,0.6748679367670792,-0.7379385258432748,42.44389557619327,0,0
102,360,241899.52099489828,5150536.992509142,11.0,241892.87907843868,5150545.760915253,0.603810587235193,-0.7971278283579688,37.14330112411822,0,0
102,370,241904.7180463753,5150546.5779537065,7.0,241900.39372163697,5150552.082516864,0.6177606769036024,-0.7863661653909094,38.152791009618646,0,0
102,380,241913.2020968326,5150551.91844288,8.0,241908.17623582695,5150558.142647339,0.628232625705015,-0.7780255574206946,38.9198489009878,0,0
102,390,241920.35278506382,5150558.977716936,7.0,241915.95515672336,5150564.423895869,0.6282326200665308,-0.7780255619736038,38.919848485755494,0,0
102,400,241929.38817113728,5150563.702914292,9.0,241923.7340775058,5150570.7051443085,0.6282326257192429,-0.778025557409206,38.919848902035575,0,0
102,410,241937.01976069793,5150569.9651473295,9.0,241930.5575047012,5150576.229271165,0.7180284440818666,-0.6960137595546324,45.89194411096536,0,0
102,420,241945.03162620647,5150576.061043151,10.0,241939.17777954057,5150584.168600071,0.585384666590794,-0.8107556920061585,35.83016959167335,0,0
102,430,241953.10678031202,5150581.94809344,10.0,241946.52925286637,5150589.480432566,0.6577527445648423,-0.7532339125513516,41.12870868671317,0,0
102,435,241956.48151588353,5150585.60985117,10.0,241949.58278416868,5150592.849153673,0.6898731714834152,-0.7239302502778941,43.620070130755366,0,1
102,439,241960.01507985927,5150587.716748529,9.0,241957.9672065778,5150596.480664036,0.22754147571858396,-0.9737683897250974,13.152371228149164,0,1
102,440,241960.45715978,5150587.932844525,9.0,241954.68126034405,5150594.834944619,0.6417666039944794,-0.7669000104299081,39.9236771975291,0,0
102,450,241966.6213032019,5150595.294621126,11.0,241957.08132099314,5150600.770818662,0.8672711098859084,-0.4978361396657183,60.14305688521707,0,0
102,452,241967.5713537059,5150596.819247248,11.0,241959.08933037744,5150603.8231947245,0.7710930298589111,-0.6367224978772182,50.452143691339884,0,1
102,460,241973.6062598914,5150601.502191834,8.0,241970.64590538517,5150608.9343046695,0.37004431328184295,-0.9290141044181026,21.71835022337349,0,0
102,470,241983.5135326201,5150603.855805159,11.0,241976.46054581538,5150612.297095175,0.6411806186111758,-0.7673900014447608,39.87991169370997,0,0
102,480,241991.64610209982,5150609.842339108,12.0,241983.54770247484,5150618.6976157,0.6748666354155899,-0.7379397159679382,42.44379453540834,0,0
102,490,241996.99963339308,5150618.803666825,9.0,241990.92583366964,5150625.445124265,0.6748666359373298,-0.7379397154907923,42.44379457591775,0,0
102,500,242004.3777645926,5150625.551175406,9.0,241998.30396487383,5150632.19263285,0.6748666354155899,-0.7379397159679382,42.44379453540834,0,0
102,510,242012.03154369484,5150632.070571732,9.0,242006.36761944919,5150639.064852405,0.6293249161839481,-0.7771422970538064,39.00033362033697,0,0
102,520,242019.80163340963,5150638.362741282,9.0,242014.1377091084,5150645.357021911,0.6293249223579699,-0.7771422920541226,39.00033407552437,0,0
102,530,242026.94239822176,5150645.432053139,8.0,242021.90779889678,5150651.649191519,0.6293249156213793,-0.7771422975093711,39.000333578860875,0,0
102,539,242035.27447455245,5150649.786816687,9.0,242032.57893601863,5150658.373671292,0.29950428153676373,-0.9540949561449044,17.42783156536865,0,1
102,540,242036.39977387,5150649.289545516,10.0,242029.7919493774,5150656.795320324,0.6607824492617986,-0.7505774808423036,41.35957415056882,0,0
102,549,242039.67300734948,5150657.44263998,10.0,242029.803488782,5150659.05279626,0.9869518567481613,-0.16101562800348554,80.73414819319001,0,1
102,550,242039.01244724338,5150659.842876241,8.0,242034.61074960092,5150666.523075179,0.5502122053082659,-0.8350248673721129,33.381572357049485,0,0
102,560,242049.12201371274,5150661.72932239,9.0,242044.57454678777,5150669.495952584,0.5052741027738746,-0.8629589104158181,30.34954960541163,0,0
102,570,242056.6667831355,5150667.60242597,10.0,242048.34675699807,5150673.150143075,0.8320026137420754,-0.5547717104596762,56.30500779429818,0,0
102,580,242064.3102596125,5150673.84682155,10.0,242058.67307193595,5150682.106489528,0.5637187676557368,-0.8259667977544239,34.31336747466641,0,0
102,590,242071.5487058945,5150680.726062945,10.0,242064.54967648318,5150687.868442612,0.6999029411326755,-0.7142379666426524,44.419217472988365,0,0
102,600,242080.07187775848,5150685.814228309,10.0,242075.90511172984,5150694.904776195,0.4166766028660208,-0.9090547885710918,24.624944607994266,0,0
102,601,242079.31407014513,5150689.867052573,6.0,242076.8140104726,5150695.321381279,0.4166766120921025,-0.9090547843422021,24.62494518949447,0,1
102,610,242085.14798599493,5150693.986269314,11.0,242075.28317921935,5150698.853053394,0.8968006159632308,-0.4424349163526425,63.740658120377844,0,0
102,620,242089.7627014015,5150702.69879948,10.0,242081.98977069466,5150708.9901863085,0.7772930706811996,-0.6291386828601399,51.01339533054685,0,0
102,630,242097.36112349952,5150709.16114936,10.0,242091.36462754308,5150717.163776195,0.5996495956452641,-0.8002626833999391,36.84480590242369,0,0
102,640,242108.5460854356,5150713.381032347,16.0,242095.454278794,5150722.57910817,0.8182379150995116,-0.5748797389833846,54.90878932161141,0,0
102,647,242111.9378792429,5150717.845199848,15.0,242102.15471439928,5150729.215762087,0.6522109895750997,-0.7580374826335893,40.70850917806689,0,1
102,650,242112.10640739324,5150727.780901007,4.0,242112.50220553306,5150731.761270818,-0.09894953495515293,-0.9950924527561039,-5.678683249279175,0,0
102,660,242120.111589376,5150717.936009775,10.0,242128.17564790114,5150723.849634729,-0.8064058525134228,-0.5913624954561287,-53.746245262108914,0,0
102,670,242128.26444765955,5150712.846307803,7.0,242132.23547786853,5150718.610934338,-0.5672900298525432,-0.8235180763224937,-34.56146666600573,0,0
102,680,242136.36095252482,5150710.532359053,6.0,242137.50864492127,5150716.421569711,-0.19128206607680967,-0.9815351095082575,-11.027613564206163,0,0
102,681,242135.75566066944,5150711.51595235,5.0,242135.0253230999,5150716.462325469,0.14606751391033632,-0.9892746238431741,8.399101437465049,0,1
102,690,242128.906601468,5150714.507240891,0.0,242128.906601468,5150714.507240891,0.9995701031951724,0.02931908590649418,91.6801006451574,0,0
102,700,242139.08288406848,5150724.783910575,10.0,242129.11001329453,5150725.520014186,0.9972870773969101,-0.07361036107185895,85.77861886451025,0,0
102,710,242148.5803947234,5150731.913801743,17.0,242132.59052999885,5150737.68651567,0.9405802779148679,-0.33957140750892145,70.1492359414622,0,0
102,711,242149.86048816,5150732.514649274,18.0,242132.930043138,5150738.626934555,0.9405802789982456,-0.3395714045080688,70.1492361242602,0,1
102,720,242151.07077841138,5150735.888763725,14.0,242146.74465827254,5150749.203593222,0.3090085813455231,-0.9510592498129794,17.999493163257966,0,0
102,721,242152.33068304355,5150735.246660028,15.0,242147.69555444538,5150749.5125488145,0.30900857321099584,-0.951059252455968,17.99949267320008,0,1
102,726,242155.86301701452,5150740.405885593,9.0,242157.3684566987,5150749.279084078,-0.16727107601839128,-0.9859109427973957,-9.629191385413392,0,1
102,730,242158.5410977755,5150736.834083545,10.0,242166.19717488985,5150743.26716082,-0.7656077114341509,-0.6433077274466412,-49.961087050647166,0,0
102,738,242168.4115060788,5150733.455972305,4.0,242171.85361697298,5150735.493586741,-0.8605277235463952,-0.5094036091431419,-59.375887390735414,0,1
102,740,242164.471656135,5150728.36891866,11.0,242167.8671606045,5150738.83173613,-0.3086822245006165,-0.9511652244890743,-17.979833160038055,0,0
102,742,242166.68234246,5150728.702825366,10.0,242169.76916470792,5150738.21447761,-0.30868222479120005,-0.951165224394771,-17.979833177542076,0,1
102,750,242173.90025172132,5150732.818740964,7.0,242172.5070700452,5150739.678700498,0.19902595373340626,-0.9799942192383116,11.480005244687575,0,0
102,757,242180.2576356034,5150734.077488323,8.0,242177.0822193191,5150741.420289656,0.3969270355380735,-0.9178501666715309,23.386212647823854,0,1
102,760,242180.97103460046,5150735.045266655,9.0,242172.09541796634,5150736.536383473,0.9861796260144232,-0.16567964640852023,80.46328122379319,0,0
102,768,242183.898346763,5150742.571662965,10.0,242175.2564093777,5150747.603254982,0.8641937385296214,-0.5031592017306215,59.79076786262095,0,1
102,770,242184.3985319898,5150745.465509893,8.0,242180.29829889917,5150752.334868568,0.5125291363303226,-0.8586698343440823,30.832441568854733,0,0
102,780,242194.40516914253,5150748.31610365,9.0,242192.65313899005,5150757.143922767,0.1946700169432321,-0.9808687906663774,11.225447550338728,0,0
102,790,242202.97516602583,5150752.545967874,9.0,242198.38052407623,5150760.2847833745,0.5105157721782411,-0.8598683889742977,30.69819117605654,0,0
102,800,242212.21393165953,5150756.628328408,8.0,242209.37438340767,5150764.107430342,0.35494353148186103,-0.9348877416348902,20.78998359619888,0,0
102,810,242217.98775482413,5150766.50639678,3.0,242216.60879758265,5150769.170693483,0.45965241383121724,-0.8880989012824728,27.364680677822427,0,0
102,820,242228.24617755006,5150768.437835636,6.0,242225.48826311115,5150773.766429066,0.45965240648443245,-0.8880989050849405,27.364680203843953,0,0
102,830,242238.50460021652,5150770.369274461,9.0,242234.36772848168,5150778.362164567,0.45965241498179055,-0.8880989006869718,27.36468075205177,0,0
102,840,242246.92441327404,5150775.853108915,8.0,242243.24719402217,5150782.957900155,0.45965240648443245,-0.8880989050849405,27.364680203843953,0,0
102,850,242256.7345799765,5150778.6504794005,10.0,242252.18663036943,5150787.556441133,0.45479496070697545,-0.8905961731983473,27.051742417264805,0,0
102,860,242265.18421893395,5150784.088244882,9.0,242261.09106436072,5150792.103610478,0.4547949525799993,-0.8905961773484974,27.051741894422413,0,0
102,870,242274.5434477975,5150787.744818015,10.0,242269.99549827172,5150796.650779788,0.4547949525799993,-0.8905961773484974,27.051741894422413,0,0
102,880,242281.62870189725,5150795.854372024,6.0,242278.89993218184,5150801.197949088,0.4547949525682091,-0.8905961773545182,27.051741893663902,0,0
102,886,242289.24533700614,5150794.129692727,11.0,242284.2425925323,5150803.92625068,0.45479495216734234,-0.8905961775592263,27.05174186787447,0,1
102,890,242292.5365072285,5150794.266732885,10.0,242295.81093993242,5150803.715441287,-0.32744327039148996,-0.9448708402079755,-19.113665674385345,0,0
102,900,242302.369533655,5150793.905453937,8.0,242303.033282249,5150801.87787125,-0.08296857424867797,-0.9965521640572267,-4.759220064935036,0,0
102,901,242303.44888342748,5150794.819051762,7.0,242304.02966344077,5150801.794916911,-0.08296857332601457,-0.9965521641340436,-4.759220011887422,0,1
102,910,242307.72543043888,5150799.016038551,9.0,242299.80799311606,5150803.295546261,0.8797152580919804,-0.4755008566555484,61.608034236717444,0,0
102,920,242313.7727099295,5150807.068612885,10.0,242305.89882781697,5150813.233187524,0.7873882112527661,-0.6164574638855217,51.94210129350445,0,0
102,929,242320.83604747098,5150812.20869807,10.0,242316.7803471085,5150821.349337794,0.4055700362474992,-0.9140639724320186,23.92685347598399,0,1
102,930,242321.84004580596,5150813.375977894,9.0,242322.46147902054,5150822.354497859,-0.06904813495432005,-0.9976133294314636,-3.9593170794444603,0,0
102,940,242331.35499409388,5150812.410114976,8.0,242330.7488039195,5150820.387115256,0.07577377179921012,-0.9971250350419055,4.3456826824373,0,0
102,944,242334.52186584027,5150813.584542156,8.0,242331.62245275325,5150821.040640583,0.3624266358775232,-0.9320123033557557,21.249299031459103,0,1
102,950,242334.14610158553,5150818.894254593,5.0,242329.75330633906,5150821.282423331,0.8785590492940449,-0.47763374765979844,61.46902794827968,0,0
102,960,242344.3010099555,5150824.5187754445,10.0,242338.36392989554,5150832.565581044,0.5937080059968982,-0.804680559983393,36.420583480038516,0,0
102,970,242352.5956798579,5150830.132634338,9.0,242348.31391907093,5150838.048853421,0.4757511985533777,-0.8795798980621513,28.408271764051023,0,1
102,970,242352.5956798579,5150830.132634338,9.0,242348.31391907093,5150838.048853421,0.4757511985533777,-0.8795798980621513,28.408271764051023,0,1
102,980,242363.02346216427,5150828.619175045,11.0,242361.68065826458,5150839.536907304,0.12207308179105224,-0.9925211144867574,7.011761162752876,0,0
102,985,242367.87784394698,5150829.739521369,10.0,242367.91507812156,5150839.73945205,-0.0037234174591044343,-0.9999930680571867,-0.21333659871794453,0,1
102,990,242371.80479740608,5150832.813661306,9.0,242367.39562670264,5150840.6596292965,0.489907855936126,-0.8717742211674236,29.334525393671193,0,0
102,1000,242379.62512193611,5150838.964388248,7.0,242375.94377258176,5150844.918182578,0.525907050621794,-0.8505420472300507,31.72932554707713,0,0
102,1010,242388.6549903501,5150843.37201443,8.0,242384.4477339505,5150850.1763508115,0.5259070499479394,-0.8505420476467085,31.729325501683697,0,0
102,1017,242395.03329641497,5150846.183098699,9.0,242389.690013893,5150853.425289797,0.5936980579976054,-0.8046878997038989,36.41987515452035,0,1
102,1020,242397.83258050206,5150847.658306109,11.0,242387.53098812886,5150851.51540276,0.936508397565005,-0.3506451501022458,69.47321955308158,0,1
102,1020,242397.83258050206,5150847.658306109,11.0,242387.53098812886,5150851.51540276,0.936508397565005,-0.3506451501022458,69.47321955308158,0,1
102,1030,242405.30326831216,5150853.222415055,9.0,242401.4819672955,5150861.370890897,0.42458900185018217,-0.9053862046153929,25.124651344845162,0,0
102,1033,242407.59437194656,5150855.40134976,8.0,242404.1976599348,5150862.644439398,0.42458900146972456,-0.9053862047938119,25.124651320768564,0,1
102,1040,242413.5138134205,5150858.321182035,10.0,242407.71884357027,5150866.470925861,0.5794969850211978,-0.814974382635026,35.41517101901516,0,0
102,1050,242422.534414957,5150861.743600135,10.0,242420.69865372227,5150871.573655103,0.18357612347056546,-0.9830054968775708,10.578128608104763,0,0
102,1060,242432.61691591382,5150862.271404201,11.0,242429.49011746063,5150872.8176419865,0.2842544048347553,-0.9587488896118936,16.514285941374652,0,0
102,1070,242442.48701443442,5150864.154711711,12.0,242439.0759615628,5150875.659698383,0.28425440596862794,-0.9587488892757178,16.514286009136,0,0
102,1080,242451.03959872443,5150870.273732763,11.0,242445.2133424209,5150879.604045591,0.5296596639574058,-0.8482102571747927,31.982462577096953,0,0
102,1086,242454.2451277157,5150875.710130938,9.0,242447.59481518692,5150881.77423378,0.7389236143093985,-0.6737892045854812,47.63980457232904,0,1
102,1090,242458.51420216402,5150876.8125043,10.0,242454.6064203723,5150886.017353102,0.390778179173135,-0.9204848802028902,23.002928648170695,0,0
102,1100,242468.05046983948,5150879.533270124,10.0,242464.37085889824,5150888.831681996,0.3679610941236736,-0.9298411870912737,21.58992751490503,0,0
102,1110,242475.325137279,5150885.900951581,9.0,242468.5828828139,5150891.862663141,0.7491393850105934,-0.6624123955859746,48.515883663417554,0,0
102,1115,242480.72228226767,5150886.085234583,11.0,242478.8939619807,5150896.93222702,0.16621093517803848,-0.9860902215452914,9.567587375143674,0,1
102,1120,242485.41393864452,5150886.10615469,10.0,242487.7397082426,5150895.831934647,-0.23257695980581766,-0.9725779957244988,-13.44883576751512,0,0
102,1121,242486.3699946305,5150885.839566765,10.0,242489.4171499157,5150895.364000852,-0.3047155285197869,-0.95244340864899,-17.74105024488911,0,1
102,1130,242492.65945884478,5150879.491274688,11.0,242500.13216852042,5150887.563363024,-0.6793372432412251,-0.7338262123591747,-42.79187457657187,0,0
102,1135,242497.93390620447,5150878.406065495,10.0,242501.03751374542,5150887.912254018,-0.3103607540947098,-0.9506188522840072,-18.080972545661496,0,1
102,1140,242500.57373694118,5150882.2651982615,9.0,242494.2151502591,5150888.634529106,0.706509631343194,-0.7077034271637408,44.95163427076304,0,0
102,1150,242508.72892257012,5150888.772075099,8.0,242505.56333037463,5150896.119117092,0.39569902443660954,-0.9183802491669316,23.30957755648376,0,0
102,1152,242511.35676601098,5150887.72657689,10.0,242507.3997757667,5150896.910379382,0.39569902442603133,-0.9183802491714894,23.309577555823807,0,1
102,1160,242516.63416309853,5150893.442034639,10.0,242510.99687200316,5150901.701632033,0.5637291095368193,-0.8259597393704035,34.31408487477463,0,0
102,1163,242518.33643885018,5150895.895706388,9.0,242512.0422204833,5150902.328654014,0.6993575963198053,-0.7147719583683906,44.375486559587294,0,1
102,1168,242519.0882581009,5150900.110974989,9.0,242510.19882671346,5150901.517392284,0.9877145986044844,-0.15626858834577825,81.00962237556782,0,1
102,1170,242520.14053526885,5150902.287478162,9.0,242512.87588586909,5150907.600186426,0.8071832666393751,-0.5903009182250926,53.82163482128247,0,0
102,1180,242528.12776869012,5150908.315335953,11.0,242521.75605242618,5150917.282009352,0.5792469330844762,-0.815152127220575,35.3975933396949,0,0
102,1190,242536.41958525358,5150913.440990078,11.0,242532.00799484988,5150923.517590205,0.401053673063407,-0.9160545569573626,23.64406520873176,0,0
102,1200,242545.5882622037,5150918.6373219825,8.0,242545.94505204863,5150926.629361835,-0.044598730614040516,-0.999004981582983,-2.556166903126453,0,0
102,1210,242554.31338127083,5150920.557365415,8.0,242550.87657431822,5150927.781516436,0.4296008690775306,-0.9030188775921744,25.44223296107748,0,0
102,1220,242563.44627617666,5150924.377662047,9.0,242558.85351266517,5150932.117592494,0.5103070568324157,-0.8599922719112293,30.684284807187623,0,0
102,1230,242573.98450966395,5150927.776564475,13.0,242564.20550442388,5150936.342255137,0.7522311723128835,-0.6588992816817947,48.784020308709806,0,0
102,1240,242579.42006520895,5150935.729382233,11.0,242573.93424214158,5150945.263832677,0.49871118794358493,-0.8667682222023938,29.914769448947773,0,0
102,1241,242580.7853959325,5150935.361239653,12.0,242574.8008615985,5150945.762458274,0.49871119450129486,-0.8667682184292936,29.914769882430555,0,1
102,1250,242588.6758620175,5150937.2417015955,10.0,242589.65568980874,5150947.193582699,-0.09798277912534784,-0.9951881103564659,-5.6230217254340005,0,0
102,1260,242598.61223591998,5150936.13816846,10.0,242599.84659368274,5150946.061694089,-0.12343577627566317,-0.9923525629206711,-7.090432799498188,0,0
102,1265,242603.47937835852,5150937.824851215,8.0,242603.07802898655,5150945.8147772895,0.05016867149532082,-0.9987407593566984,2.875660291259962,0,1
102,1270,242608.2273192755,5150937.82574342,11.0,242601.4714358831,5150946.506644271,0.6141712174898746,-0.7891728046549786,37.89172413252917,0,0
102,1280,242616.43677165438,5150944.24910358,12.0,242606.94464998416,5150951.5907400595,0.7910101391850777,-0.6118030399617217,52.28001101553707,0,0
102,1290,242621.04225778,5150953.325562985,10.0,242613.26436911392,5150959.610819375,0.7777888666089181,-0.6285256390786413,51.05856956693242,0,0
102,1291,242622.44846446067,5150953.474692785,11.0,242613.89278688328,5150960.38847476,0.7777888706708949,-0.6285256340520201,51.05856993721823,0,1
102,1300,242630.22752878928,5150953.941564098,12.0,242630.20520051962,5150965.941543325,0.0018606891391240987,-0.9999982689164655,0.1066096961744023,0,0
102,1310,242639.970998363,5150957.4938123,10.0,242635.40193430553,5150966.388960059,0.45690640574504,-0.8895147758127174,27.187662970630065,0,0
102,1320,242649.87821533607,5150959.586287042,11.0,242644.04324376982,5150968.911152018,0.5304519605680723,-0.84771499782031,32.03599706923031,0,0
102,1330,242658.012152089,5150964.560156625,11.0,242656.01914335132,5150975.378100799,0.18118261251578746,-0.9834494704467301,10.438651213013188,0,0
102,1340,242667.36086869362,5150968.6452332465,11.0,242661.3921904327,5150977.885086049,0.5426071146293068,-0.8399866184372572,32.86129341178882,0,0
102,1350,242674.5928557165,5150976.617185584,8.0,242672.66474573856,5150984.381359198,0.24101374724515218,-0.9705217017866473,13.946380258817129,0,1
102,1350,242674.5928557165,5150976.617185584,8.0,242672.66474573856,5150984.381359198,0.24101374724515218,-0.9705217017866473,13.946380258817129,0,1
102,1357,242677.5676009644,5150981.0238521425,9.0,242669.49129704965,5150984.995415446,0.8973671016371448,-0.44128481154391686,63.81411406528803,0,1
102,1360,242680.709508123,5150982.497030245,10.0,242674.8510849844,5150990.601280878,0.5858423138576286,-0.810425063342651,35.862517935449695,0,0
102,1370,242689.7369043685,5150986.654790886,10.0,242686.11645756802,5150995.97639831,0.3620446800477936,-0.9321607423878624,21.22582003443395,0,0
102,1380,242698.941127783,5150990.53401734,10.0,242693.53424648618,5150998.946248593,0.5406881296847099,-0.8412231252278138,32.730495109032134,0,0
102,1390,242707.633507129,5150995.391785837,11.0,242702.07627572396,5151004.88479269,0.5052028550039895,-0.8630006229985109,30.34481925521188,0,0
102,1399,242715.806347635,5150998.536269135,10.0,242713.41524633337,5151008.246193674,0.23911013016329966,-0.9709924539631036,13.834025487336106,0,1
102,1400,242717.28574009618,5150998.150719456,11.0,242710.69387309795,5151006.956813339,0.5992606362023781,-0.800553989371311,36.81696294648797,0,0
102,1402,242718.21806982748,5151000.22487985,10.0,242711.6960399454,5151007.805323519,0.6522029882078453,-0.7580443668894039,40.70790440257387,0,1
102,1409,242725.0380032275,5151000.767953031,10.0,242724.9393689035,5151010.767466582,0.009863432400251029,-0.999951355167483,0.5651422118261138,0,1
102,1410,242725.97029416647,5151000.940525521,10.0,242722.35546713555,5151010.2643136745,0.36148270309151004,-0.9323788153779853,21.191281848671665,0,1
102,1410,242725.97029416647,5151000.940525521,10.0,242722.35546713555,5151010.2643136745,0.36148270309151004,-0.9323788153779853,21.191281848671665,0,1
102,1420,242732.2150662125,5151008.519142525,10.0,242723.61024052053,5151013.613941325,0.8604825691950574,-0.5094798799869071,59.37080898131134,0,0
102,1421,242732.72445868998,5151009.37947747,10.0,242724.1196330291,5151014.474276323,0.8604825660887819,-0.5094798852332297,59.3708086319816,0,1
102,1422,242732.76412035874,5151010.88631689,9.0,242727.51500449234,5151018.197047539,0.5832350962661897,-0.8123034054362743,35.67840526522167,0,1
102,1430,242741.44048387074,5151009.592600178,12.0,242739.47654506532,5151021.430798705,0.16366156711822147,-0.9865165439304137,9.419491006941286,0,0
102,1434,242744.956676264,5151010.79981361,10.0,242747.98443828567,5151020.330430439,-0.3027762021665027,-0.9530616828944647,-17.624424813374986,0,1
102,1440,242750.38752500844,5151013.224580869,11.0,242743.62329025156,5151021.898975843,0.6149304324436344,-0.7885813612143548,37.946865560993956,0,0
102,1450,242758.98552611066,5151018.057797685,9.0,242758.5891756971,5151027.049066025,0.044038934840855595,-0.9990298154800401,2.5240614218799067,0,0
102,1460,242769.10431680354,5151017.572437651,9.0,242770.20479897247,5151026.5049031,-0.12227579654723715,-0.992496160989421,-7.023463529354444,0,0
102,1470,242778.649911509,5151018.27528852,10.0,242775.72159113942,5151027.836927491,0.29283203695864646,-0.9561638971068976,17.02758224950746,0,0
102,1480,242782.63495522048,5151029.224687793,1.0,242782.05378696887,5151030.038471218,0.5811682516115464,-0.8137834253158381,35.532753250079956,0,0
102,1490,242796.12817068613,5151027.670935266,9.0,242792.26851751932,5151035.801315173,0.428850351868829,-0.9033755452202487,25.394622687824693,0,0
102,1494,242800.327651778,5151028.070970065,10.0,242797.48152300753,5151037.657395417,0.2846128770458741,-0.9586425351608754,16.535709782396538,0,1
102,1499,242802.7928370045,5151032.141801029,10.0,242793.61391320065,5151036.110095097,0.917892380384982,-0.39682940671173994,66.61988158332139,0,1
102,1500,242803.8154460738,5151033.353180943,11.0,242793.2351820794,5151030.343527506,0.9618421813103875,0.27360485787367844,105.87889004640952,0,0
102,1503,242802.99477231657,5151036.238212455,11.0,242792.4145083138,5151033.228559048,0.9618421820697616,0.2736048552041422,105.87888988738847,0,1
102,1504,242802.9370971613,5151036.787778681,11.0,242791.99598057053,5151037.9244262725,0.994646962796977,-0.10333159922670868,84.06894864620482,0,1
102,1510,242804.55429473272,5151042.302416127,9.0,242797.42657755062,5151047.797472794,0.7919685757873327,-0.6105618518752903,52.369860390880284,0,0
102,1514,242807.99346469098,5151044.680635329,10.0,242800.84590389428,5151051.6743735755,0.7147560796686977,-0.699373824629314,45.62321257240774,0,1
102,1515,242808.75836337148,5151045.22890434,10.0,242804.58062063367,5151054.314412891,0.4177742737814783,-0.9085508550248348,24.694147631571838,0,1
102,1520,242813.665968713,5151045.195682226,10.0,242814.5835378863,5151055.153496585,-0.09175691732830422,-0.9957814359197538,-5.2646893312810334,0,0
102,1530,242823.44384639914,5151042.014566024,12.0,242824.27848530537,5151053.985504913,-0.06955324218606493,-0.9975782407918722,-3.988327338302966,0,0
102,1540,242826.06280021172,5151054.756181722,1.0,242825.36233308556,5151055.469866389,0.7004671261446468,-0.7136846678965855,44.46449362113038,0,0
102,1550,242839.64819007655,5151055.412966,9.0,242835.74615621532,5151063.52309126,0.43355931791579816,-0.9011250289767718,25.693656416914692,0,0
102,1560,242850.4800091563,5151056.429277801,13.0,242844.03517009638,5151067.719275564,0.4957568507643415,-0.868461366394742,29.719670322946904,0,0
102,1570,242855.39453240932,5151066.494641327,9.0,242848.57820922058,5151072.371522999,0.7573692431933982,-0.6529868524439518,49.23282186761958,0,0
102,1580,242859.08695103638,5151075.375741135,9.0,242850.6982272464,5151078.636003882,0.932080421108439,-0.3622514162654371,68.7614722612981,0,0
102,1590,242860.09870010192,5151086.090670046,6.0,242854.72743277505,5151088.764522567,0.8952112211452622,-0.44564208680914374,63.5355733867419,0,0
102,1600,242867.22389616838,5151092.807290536,8.0,242859.36399040592,5151094.2978882035,0.9824882203082206,-0.1863247083872279,79.26162441544864,0,0
102,1609,242870.40654822002,5151101.42525198,9.0,242862.01547054894,5151104.679451655,0.9323419634532228,-0.3615777415497105,68.80287781040072,0,1
102,1610,242872.4524480047,5151102.136114482,11.0,242861.53514967076,5151100.789787224,0.992481666723585,0.12239338714806017,97.03025196299397,0,0
102,1620,242869.46843536966,5151111.8003695225,9.0,242860.51969696378,5151110.841161025,0.9943042673217284,0.10657872201242082,96.11813112033146,0,0
102,1626,242866.63594193957,5151116.560968591,9.0,242858.55200995982,5151112.604954973,0.8982146644168698,0.43955706867992683,116.07562379515278,0,1
102,1630,242866.48033792438,5151120.972027124,9.0,242857.48929589786,5151121.373478587,0.9990046696132593,-0.0446057181413163,87.44343234223065,0,0
102,1640,242865.780089997,5151130.73413841,10.0,242856.00721757312,5151128.614948804,0.9772872423874343,0.21191896061174972,102.23483198733379,0,0
102,1650,242863.32489227434,5151140.811274652,9.0,242854.65432739953,5151143.224012672,0.963396097199361,-0.2680820021952973,74.4498333711124,0,0
102,1660,242865.71044806804,5151150.462735063,9.0,242856.92440642288,5151152.41349702,0.9762268494613795,-0.21675132846353903,77.48170579513732,0,0
102,1670,242866.51083031905,5151160.229012877,9.0,242857.51978778982,5151160.630453081,0.9990047254688478,-0.04460446716318895,87.44350408940775,0,0
102,1680,242864.41219812978,5151169.669674644,9.0,242855.6826851537,5151167.4797880715,0.9699458862300325,0.24332073028296788,104.0826158032965,0,0
102,1690,242862.98232727632,5151179.692968076,9.0,242854.02277670387,5151178.840645637,0.9955056191618634,0.09470249319397483,95.43419672782831,0,0
102,1697,242862.06830657646,5151187.126085085,7.0,242855.1471054655,5151188.173450915,0.9887430158506026,-0.1496236899914412,81.3948805199899,0,1
102,1700,242863.51657554475,5151189.338983154,9.0,242854.80144175142,5151187.092554218,0.9683481992585966,0.2496032151087665,104.45403375017753,0,0
102,1710,242862.43394560152,5151199.361143215,10.0,242852.5467540771,5151197.863330223,0.9887191524395399,0.14978129923070488,98.61425274622148,0,0
102,1720,242871.21115081894,5151208.740790917,19.0,242852.24831166826,5151209.928533037,0.998044165825643,-0.06251274319205989,86.41594673988415,0,0
102,1730,242863.64283331652,5151219.1417611595,10.0,242854.05914612793,5151221.997096494,0.9583687188604699,-0.2855335334242575,73.40925692481812,0,0
102,1740,242872.82688083878,5151227.93330127,17.0,242855.9746643893,5151230.169995424,0.9913068499687019,-0.13157024437588316,82.43965984116954,0,0
102,1750,242866.21190275185,5151238.897231087,9.0,242857.29014110053,5151240.081363275,0.9913068501460729,-0.1315702430394935,82.4396599184105,0,0
102,1760,242869.50999316477,5151248.545458473,11.0,242858.60561781176,5151249.992731136,0.991306850275156,-0.1315702420669259,82.43965997462318,0,0
102,1770,242870.6746495378,5151258.556193367,11.0,242859.68648111823,5151259.066247073,0.9989244017783797,-0.0463685187568692,87.34232664170158,0,0
102,1780,242869.14040637022,5151268.636460723,9.0,242860.1500867542,5151269.053777392,0.9989244017783797,-0.0463685187568692,87.34232664170158,0,0
102,1790,242870.60293640802,5151278.577622515,10.0,242860.61369239027,5151279.041307704,0.998924401776377,-0.0463685188000142,87.34232663922688,0,0
102,1800,242870.06761764223,5151288.611521354,9.0,242861.07729802624,5151289.028838024,0.9989244017750287,-0.04636851882906044,87.34232663756087,0,0
102,1810,242870.53122327823,5151298.599051664,9.0,242861.54090366224,5151299.016368333,0.9989244017750287,-0.04636851882906044,87.34232663756087,0,0
102,1820,242871.993753316,5151308.540213465,10.0,242862.00450929825,5151309.003898653,0.9989244017750287,-0.04636851882906044,87.34232663756087,0,0
102,1830,242871.4584345502,5151318.574112294,9.0,242862.46811493422,5151318.991428963,0.9989244017770315,-0.04636851878591544,87.34232664003555,0,0
102,1840,242872.6861684195,5151328.522937335,10.0,242862.68794826607,5151328.711600431,0.9998220153411623,-0.018866309632158525,88.91897594709685,0,0
102,1850,242872.8747991515,5151338.519442245,10.0,242862.87657899808,5151338.7081053415,0.999822015341494,-0.01886630961458802,88.91897594810375,0,0
102,1860,242872.06360786816,5151348.534813466,9.0,242863.0652097301,5151348.704610252,0.999822015341494,-0.01886630961458802,88.91897594810375,0,0
102,1870,242870.25259457002,5151358.5690509975,7.0,242863.25384046277,5151358.701115171,0.9998220153224937,-0.01886631062150628,88.91897589040131,0,0
102,1880,242878.4398014246,5151368.414625422,15.0,242863.44247119475,5151368.697620081,0.9998220153228252,-0.01886631060393577,88.91897589140821,0,0
102,1890,242874.62914409587,5151378.486595575,11.0,242863.6311019271,5151378.694124981,0.999822015341494,-0.01886630961458802,88.91897594810375,0,0
102,1900,242871.8183087818,5151388.539699414,8.0,242863.81973265906,5151388.690629891,0.9998220153411623,-0.018866309632158525,88.91897594709685,0,0
102,1910,242872.0069395138,5151398.536204324,8.0,242864.00836339107,5151398.687134801,0.999822015341494,-0.01886630961458802,88.91897594810375,0,0
102,1920,242873.19539226114,5151408.513842925,9.0,242864.19699412308,5151408.683639712,0.999822015341494,-0.01886630961458802,88.91897594810375,0,0
102,1930,242873.38402299315,5151418.510347835,9.0,242864.3856248551,5151418.680144621,0.9998220153411623,-0.018866309632158525,88.91897594709685,0,0
102,1940,242874.5724757405,5151428.487986435,10.0,242864.5742555871,5151428.676649531,0.9998220153411623,-0.018866309632158525,88.91897594709685,0,0
102,1950,242876.7607505032,5151438.446758726,12.0,242864.7628863191,5151438.673154441,0.999822015341494,-0.01886630961458802,88.91897594810375,0,0
102,1960,242875.96007226297,5151448.448591447,11.0,242864.96575088636,5151448.8019998055,0.999483761511126,-0.032128032550572116,88.15888250131657,0,0
102,1970,242875.2818137095,5151458.473842435,10.0,242865.2869760945,5151458.795122764,0.9994837614996149,-0.03212803290867461,88.15888248078821,0,0
102,1980,242874.603555155,5151468.499093417,9.0,242865.60820130148,5151468.788245713,0.9994837615005496,-0.032128032879595834,88.15888248245516,0,0
102,1990,242875.9242641235,5151478.460088341,10.0,242865.92942650837,5151478.781368666,0.9994837615101645,-0.03212803258048336,88.15888249960189,0,0
102,2000,242875.24600556996,5151488.485339323,9.0,242866.25065171637,5151488.774491616,0.999483761511126,-0.032128032550572116,88.15888250131657,0,0
102,2010,242876.5667145385,5151498.44633424,10.0,242866.57187692338,5151498.767614566,0.999483761511126,-0.032128032550572116,88.15888250131657,0,0
102,2020,242876.88793974603,5151508.439457195,10.0,242866.8931021307,5151508.760737514,0.9994837615323303,-0.032128031890917376,88.15888253913153,0,0
102,2030,242876.209681192,5151518.464708178,9.0,242867.2143273385,5151518.753860475,0.9994837614996149,-0.03212803290867461,88.15888248078821,0,0
102,2040,242876.53090639898,5151528.457831133,9.0,242867.5355525454,5151528.746983426,0.999483761511126,-0.032128032550572116,88.15888250131657,0,0
102,2050,242877.85161536798,5151538.41882605,10.0,242867.85677775255,5151538.740106366,0.9994837615429067,-0.03212803156189367,88.15888255799292,0,0
102,2060,242877.173356814,5151548.444077034,9.0,242868.1780029604,5151548.733229326,0.999483761511126,-0.032128032550572116,88.15888250131657,0,0
102,2070,242877.49458202103,5151558.4371999875,9.0,242868.49922816752,5151558.726352284,0.9994837615005496,-0.032128032879595834,88.15888248245516,0,0
102,2080,242878.81529099,5151568.398194905,10.0,242868.82045337468,5151568.719475225,0.9994837615323303,-0.032128031890917376,88.15888253913153,0,0
102,2090,242878.14489607877,5151578.4271106105,9.0,242869.1507482774,5151578.751618433,0.9993497557086631,-0.03605642474005695,87.93367114579837,0,0
102,2100,242879.5047482275,5151588.382837305,10.0,242869.51125067042,5151588.743401553,0.9993497557086631,-0.03605642474005695,87.93367114579837,0,0
102,2110,242878.8659008648,5151598.410676855,9.0,242869.8717530633,5151598.735184674,0.9993497557219839,-0.03605642437085201,87.93367116696602,0,0
102,2120,242879.22640325778,5151608.402459981,9.0,242870.23225545642,5151608.726967803,0.9993497557086631,-0.03605642474005695,87.93367114579837,0,0
102,2130,242878.58755589466,5151618.430299526,8.0,242870.59275784928,5151618.718750932,0.9993497556730012,-0.0360564257284703,87.9336710891296,0,0
102,2140,242878.94805828767,5151628.422082656,8.0,242870.9532602423,5151628.710534062,0.9993497556719524,-0.03605642575754128,87.93367108746288,0,0
102,2150,242879.30856068066,5151638.413865777,8.0,242871.31376263528,5151638.702317183,0.9993497556730012,-0.0360564257284703,87.9336710891296,0,0
102,2160,242879.66906307306,5151648.405648896,8.0,242871.6742650274,5151648.694100293,0.9993497557086631,-0.03605642474005695,87.93367114579837,0,0
102,2170,242881.02891522177,5151658.3613756,9.0,242872.0347674204,5151658.685883422,0.9993497557086631,-0.03605642474005695,87.93367114579837,0,0
102,2180,242880.39006785906,5151668.389215144,8.0,242872.3952698134,5151668.677666542,0.9993497557086631,-0.03605642474005695,87.93367114579837,0,0
102,2190,242880.75057025207,5151678.380998269,8.0,242872.7557722063,5151678.669449664,0.9993497557219839,-0.03605642437085201,87.93367116696602,0,0
102,2200,242881.11107264512,5151688.372781395,8.0,242873.11627459945,5151688.661232793,0.9993497557076142,-0.03605642476912793,87.93367114413164,0,0
102,2210,242881.47157503807,5151698.364564515,8.0,242873.4767769924,5151698.6530159125,0.9993497557086631,-0.03605642474005695,87.93367114579837,0,0
102,2220,242882.8356887181,5151708.320654242,9.0,242873.84171007,5151708.649816934,0.9993309608994994,-0.03657363241029449,87.90401776921982,0,0
102,2230,242883.20136229356,5151718.312249452,9.0,242874.20738364515,5151718.641412134,0.9993309609358542,-0.0365736314169433,87.90401782617275,0,0
102,2240,242885.56569779143,5151728.230697399,11.0,242874.57305722113,5151728.633007345,0.9993309609356721,-0.036573631421918315,87.90401782588751,0,0
102,2250,242883.93270944557,5151738.295439871,9.0,242874.93873079715,5151738.624602553,0.9993309609356721,-0.036573631421918315,87.90401782588751,0,0
102,2260,242888.29570686468,5151748.140740553,13.0,242875.304404373,5151748.616197774,0.9993309608996814,-0.036573632405319474,87.90401776950506,0,0
102,2270,242886.66271851893,5151758.205483023,11.0,242875.6700779489,5151758.607792975,0.9993309609132051,-0.03657363203580057,87.9040177906911,0,0
102,2280,242884.0303992122,5151768.306799125,8.0,242876.03575152502,5151768.599388184,0.9993309608984354,-0.03657363243936437,87.90401776755311,0,0
102,2290,242885.39540374908,5151778.261820702,9.0,242876.40142510098,5151778.590983394,0.9993309609007454,-0.03657363237624959,87.90401777117175,0,0
102,2300,242886.760408286,5151788.216842281,10.0,242876.76709867702,5151788.582578605,0.9993309608984354,-0.03657363243936437,87.90401776755311,0,0
102,2310,242886.12675090056,5151798.24501112,9.0,242877.13277225214,5151798.574173803,0.9993309609346082,-0.0365736314509882,87.90401782422082,0,0
102,2320,242886.49242447654,5151808.236606326,9.0,242877.498445828,5151808.565769006,0.9993309609493778,-0.036573631047424414,87.9040178473588,0,0
102,2330,242887.857429013,5151818.1916279,10.0,242877.864119404,5151818.557364224,0.9993309608996814,-0.036573632405319474,87.90401776950506,0,0
102,2340,242887.2237716281,5151828.219796742,9.0,242878.22979298,5151828.548959434,0.9993309608984354,-0.03657363243936437,87.90401776755311,0,0
102,2350,242891.57104828162,5151838.073040425,13.0,242878.5786151197,5151838.516527215,0.9994179355310894,-0.03411436850910802,88.04501133914101,0,0
102,2360,242891.91213343563,5151848.065505231,13.0,242878.91970027357,5151848.508992017,0.999417935543014,-0.034114368159765214,88.04501135916854,1,0
102,2370,242892.2532185896,5151858.057970035,13.0,242879.2607854277,5151858.501456825,0.9994179355310894,-0.03411436850910802,88.04501133914101,1,0
102,2380,242892.59430374362,5151868.0504348455,13.0,242879.6018705817,5151868.493921636,0.9994179355310894,-0.03411436850910802,88.04501133914101,1,0
102,2390,242892.9353888976,5151878.042899645,13.0,242879.9429557357,5151878.486386435,0.9994179355310894,-0.03411436850910802,88.04501133914101,1,0
102,2400,242893.2764740516,5151888.035364456,13.0,242880.2840408897,5151888.478851246,0.9994179355310894,-0.03411436850910802,88.04501133914101,1,0
102,2410,242890.61930539948,5151898.13017236,10.0,242880.62512604383,5151898.471316035,0.9994179355658251,-0.034114367491484845,88.04501139748048,0,0
102,2420,242888.9615546824,5151908.190865906,8.0,242880.96621119787,5151908.4637808455,0.9994179355658251,-0.034114367491484845,88.04501139748048,0,0
102,2430,242887.30380396525,5151918.25155944,6.0,242881.30729635185,5151918.456245645,0.9994179355648327,-0.034114367520559796,88.04501139581365,0,0
102,2440,242887.64488911923,5151928.244024251,6.0,242881.64838150583,5151928.448710456,0.9994179355658251,-0.034114367491484845,88.04501139748048,0,0
102,2450,242895.9813177578,5151937.9635741105,14.0,242881.98946665987,5151938.441175255,0.9994179355658251,-0.034114367491484845,88.04501139748048,0,0
102,2460,242888.30897966833,5151948.206780054,6.0,242882.3114058146,5151948.377390338,0.9995956422879658,-0.028435047369558777,88.37057216564503,0,0
102,2470,242890.5924726469,5151958.144151524,8.0,242882.59570750853,5151958.371631901,0.9995956422963247,-0.028435047075713135,88.37057218248795,0,0
102,2480,242891.8763699822,5151968.109958046,9.0,242882.88000920153,5151968.36587347,0.9995956422970779,-0.028435047049237102,88.37057218400552,0,0
102,2490,242899.15784117224,5151977.905154288,16.0,242883.16431089552,5151978.360115041,0.9995956422962505,-0.028435047078322388,88.37057218233839,0,0
102,2500,242894.4441646538,5151988.041571087,11.0,242883.44861258863,5151988.354356608,0.9995956422879658,-0.028435047369558777,88.37057216564503,0,0
102,2510,242890.73008377862,5151998.149552841,7.0,242883.73291428253,5151998.34859817,0.9995956422970779,-0.028435047049237102,88.37057218400552,0,0
102,2520,242891.01438547223,5152008.143794415,7.0,242884.01721597635,5152008.342839751,0.9995956422681197,-0.028435048067222184,88.37057212565568,0,0
102,2530,242891.29868716563,5152018.138035981,7.0,242884.30151766955,5152018.33708131,0.9995956422962505,-0.028435047078322388,88.37057218233839,0,0
102,2540,242892.5825845015,5152028.1038425015,8.0,242884.58581936342,5152028.331322889,0.999595642259835,-0.028435048358458583,88.37057210896232,0,0
102,2550,242900.86365133323,5152037.870603691,16.0,242884.87012105662,5152038.325564449,0.9995956422887932,-0.02843504734047349,88.37057216731216,0,0
102,2560,242892.1515922462,5152048.120760684,7.0,242885.15442275032,5152048.319806021,0.9995956422673665,-0.02843504809369822,88.3705721241381,0,0
102,2570,242893.4354895819,5152058.0865672035,8.0,242885.43872444352,5152058.314047581,0.9995956422954974,-0.028435047104798425,88.37057218082082,0,0
102,2580,242893.79952986876,5152068.096703035,8.0,242885.80521432974,5152068.398230915,0.9992894423767308,-0.03769098505481846,87.83995399404341,0,0
102,2590,242894.17637506075,5152078.087883135,8.0,242886.18205952173,5152078.389411015,0.9992894423769576,-0.03769098504880239,87.83995399438837,0,0
102,2600,242899.54966746562,5152087.8906083,13.0,242886.5589047147,5152088.380591106,0.9992894423780541,-0.03769098501973492,87.83995399605499,0,0
102,2610,242895.92935488865,5152098.032552331,9.0,242886.9357499076,5152098.371771205,0.9992894423383581,-0.03769098607217997,87.83995393571145,0,0
102,2620,242895.30691063876,5152108.061423415,8.0,242887.31259509973,5152108.362951295,0.9992894423780541,-0.03769098501973492,87.83995399605499,0,0
102,2630,242902.67878192838,5152117.78876661,15.0,242887.6894402927,5152118.354131386,0.9992894423780541,-0.03769098501973492,87.83995399605499,0,0
102,2640,242902.056337678,5152127.817637684,14.0,242888.0662854847,5152128.345311475,0.9992894423767308,-0.03769098505481846,87.83995399404341,0,0
102,2650,242900.43460398627,5152137.884199755,12.0,242888.44313067774,5152138.336491575,0.9992894423780541,-0.03769098501973492,87.83995399605499,0,0
102,2660,242902.81002806337,5152147.799997872,14.0,242888.8199758706,5152148.327671676,0.9992894423396814,-0.03769098603709643,87.83995393772302,0,0
102,2670,242902.18758381362,5152157.828868959,13.0,242889.1968210627,5152158.318851765,0.9992894423767308,-0.03769098505481846,87.83995399404341,0,0
102,2680,242902.56442900666,5152167.82004905,13.0,242889.57366625575,5152168.3100318555,0.9992894423780541,-0.03769098501973492,87.83995399605499,0,0
102,2690,242905.93914252578,5152177.698156185,16.0,242889.95051144774,5152178.301211946,0.9992894423780541,-0.03769098501973492,87.83995399605499,0,0
102,2700,242899.3209616221,5152187.95317318,9.0,242890.32735664072,5152188.292392045,0.9992894423767308,-0.03769098505481846,87.83995399404341,0,0
102,2710,242899.7308003669,5152197.949924489,9.0,242890.73975978492,5152198.351408303,0.9990045091088752,-0.044609312706378405,87.44322618361093,0,0
102,2720,242898.17880794968,5152208.027474362,7.0,242891.18577638592,5152208.339739552,0.9990045091088752,-0.044609312706378405,87.44322618361093,0,0
102,2730,242900.6228335679,5152217.926586988,9.0,242891.63179298592,5152218.328070803,0.9990045091088752,-0.044609312706378405,87.44322618361093,0,0
102,2740,242901.0688501679,5152227.914918237,9.0,242892.07780958593,5152228.316402052,0.9990045091088752,-0.044609312706378405,87.44322618361093,0,0
102,2750,242901.5148667689,5152237.903249488,9.0,242892.52382618692,5152238.304733302,0.9990045091088752,-0.044609312706378405,87.44322618361093,0,0
102,2760,242902.959887878,5152247.846971424,10.0,242892.96984278693,5152248.293064551,0.9990045091088752,-0.044609312706378405,87.44322618361093,0,0
102,2770,242903.405904478,5152257.835302675,10.0,242893.4158593869,5152258.281395802,0.9990045091075779,-0.044609312735429306,87.44322618194478,0,0
102,2780,242903.85192107898,5152267.82363392,10.0,242893.86187598808,5152268.269727052,0.9990045090890415,-0.044609313150543534,87.44322615813678,0,0
102,2790,242903.2989331699,5152277.856574483,9.0,242894.3078925881,5152278.258058302,0.9990045090871879,-0.04460931319205495,87.44322615575598,0,0
102,2800,242903.74494976993,5152287.844905733,9.0,242894.75390918812,5152288.246389552,0.999004509088485,-0.04460931316300406,87.44322615742213,0,0
102,2810,242910.1849934254,5152297.565581104,15.0,242895.19992578911,5152298.234720802,0.9990045090871879,-0.04460931319205495,87.44322615575598,0,0
102,2820,242904.63698297093,5152307.821568233,9.0,242895.64594238912,5152308.223052052,0.999004509088485,-0.04460931316300406,87.44322615742213,0,0
102,2830,242905.08300476827,5152317.809900991,9.0,242896.09196488254,5152318.211400397,0.999004431748388,-0.044611045124276084,87.44312682446207,0,0
102,2840,242910.52406085093,5152327.575176238,14.0,242896.53799880674,5152328.199730876,0.9990044317279965,-0.04461104558091944,87.44312679827226,0,0
102,2850,242907.97308148022,5152337.69733985,11.0,242896.98403273147,5152338.1880613575,0.9990044317029833,-0.04461104614105736,87.44312676614673,0,0
102,2860,242907.4201109725,5152347.730281375,10.0,242897.43006665548,5152348.176391837,0.9990044317029833,-0.04461104614105736,87.44312676614673,0,0
102,2870,242912.86116705567,5152357.495556622,15.0,242897.8761005797,5152358.164722305,0.9990044317298502,-0.04461104553940641,87.44312680065315,0,0
102,2880,242908.312178821,5152367.706942325,10.0,242898.32213450354,5152368.153052777,0.999004431748388,-0.044611045124276084,87.44312682446207,0,0
102,2890,242912.75423047232,5152377.516828621,14.0,242898.76816842848,5152378.141383267,0.9990044317029833,-0.04461104614105736,87.44312676614673,0,0
102,2900,242913.20026439702,5152387.505159096,14.0,242899.21420235254,5152388.129713727,0.999004431748388,-0.044611045124276084,87.44312682446207,0,0
102,2910,242910.64928502578,5152397.62732271,11.0,242899.66023627654,5152398.118044207,0.999004431748388,-0.044611045124276084,87.44312682446207,0,0
102,2920,242910.0963145185,5152407.66026423,10.0,242900.10627020168,5152408.106374696,0.9990044316825916,-0.044611046597700724,87.44312673995692,0,0
102,2930,242909.54334401127,5152417.693205751,9.0,242900.55230412554,5152418.094705157,0.999004431748388,-0.044611045124276084,87.44312682446207,0,0
102,2940,242911.98738679878,5152427.59231414,11.0,242900.99833804954,5152428.083035637,0.999004431748388,-0.044611045124276084,87.44312682446207,0,0
102,2950,242911.44168353052,5152437.62491282,10.0,242901.45400984972,5152438.121274025,0.9987673680786417,-0.04963612052994301,87.15489069529146,0,0
102,2960,242911.937959576,5152447.610873065,10.0,242901.9502858945,5152448.107234256,0.9987673681492123,-0.04963611910993666,87.15489077675224,0,0
102,2970,242912.434235621,5152457.596833315,10.0,242902.4465619395,5152458.093194505,0.9987673681529503,-0.04963611903472138,87.15489078106708,0,0
102,2980,242912.930511666,5152467.58279356,10.0,242902.94283798474,5152468.079154756,0.998767368126263,-0.04963611957171846,87.15489075026144,0,0
102,2990,242911.42925297466,5152477.668026043,8.0,242903.43911402946,5152478.065114995,0.9987673681506554,-0.04963611908089956,87.15489077841801,0,0
102,3000,242914.9218311242,5152487.505077937,11.0,242903.9353900745,5152488.051075246,0.9987673681529503,-0.04963611903472138,87.15489078106708,0,0
102,3010,242914.419339801,5152497.5406743,10.0,242904.43166611972,5152498.037035495,0.9987673681277061,-0.04963611954268135,87.1548907519272,0,0
102,3020,242915.9143832141,5152507.47699843,11.0,242904.9279421647,5152508.022995745,0.9987673681277061,-0.04963611954268135,87.1548907519272,0,0
102,3030,242916.41065925916,5152517.462958676,11.0,242905.42421820946,5152518.008955985,0.9987673681529503,-0.04963611903472138,87.15489078106708,0,0
102,3040,242916.90693530414,5152527.44891892,11.0,242905.92049425474,5152527.994916235,0.9987673681277061,-0.04963611954268135,87.1548907519272,0,0
102,3050,242917.40321134913,5152537.43487917,11.0,242906.41677029972,5152537.980876485,0.9987673681277061,-0.04963611954268135,87.1548907519272,0,0
102,3060,242919.8970221308,5152547.321567175,13.0,242906.9130463455,5152547.966836736,0.9987673681015911,-0.04963612006816121,87.15489072178227,0,0
102,3070,242919.3945308077,5152557.357163545,12.0,242907.40932239048,5152557.952796985,0.9987673681024429,-0.04963612005102014,87.15489072276559,0,0
102,3080,242918.89118603244,5152567.394696026,11.0,242907.90373070288,5152567.91988683,0.9988595754140993,-0.04774461858225666,87.26339448425726,0,0
102,3090,242917.34093282255,5152577.475308898,9.0,242908.3498933762,5152577.876818144,0.9990043829269533,-0.044612138401305665,87.4430641218762,0,0
102,3100,242919.7849864364,5152587.374414612,11.0,242908.7959382242,5152587.865148134,0.9990043829269533,-0.044612138401305665,87.4430641218762,0,0
102,3110,242919.2320269015,5152597.40735673,10.0,242909.24198307222,5152597.853478113,0.9990043829282507,-0.04461213837225478,87.44306412354236,0,0
102,3120,242917.68006298365,5152607.484910997,8.0,242909.68802792023,5152607.841808104,0.9990043829269533,-0.044612138401305665,87.4430641218762,0,0
102,3130,242918.12610783166,5152617.4732409865,8.0,242910.13407276824,5152617.830138094,0.9990043829269533,-0.044612138401305665,87.4430641218762,0,0
102,3140,242919.57115706257,5152627.416958838,9.0,242910.58011761622,5152627.818468083,0.9990043829282507,-0.04461213837225478,87.44306412354236,0,0
102,3150,242919.01819752762,5152637.449900966,8.0,242911.0261624642,5152637.806798073,0.9990043829288072,-0.04461213835979162,87.44306412425715,0,0
102,3160,242922.4612555244,5152647.304394543,11.0,242911.4722073122,5152647.795128065,0.9990043829269533,-0.044612138401305665,87.4430641218762,0,0
102,3170,242922.90730037243,5152657.292724532,11.0,242911.91825216022,5152657.783458054,0.9990043829282507,-0.04461213837225478,87.44306412354236,0,0
102,3180,242922.3543408375,5152667.325666655,10.0,242912.36429700843,5152667.771788043,0.9990043829065607,-0.0446121388579602,87.44306409568574,0,0
102,3190,242919.80298330274,5152677.446001301,7.0,242912.80976173579,5152677.753982007,0.9990316524238082,-0.043997243724524744,87.47832962068507,0,0
102,3200,242920.19887762907,5152687.422699256,7.0,242913.2043198702,5152687.698673453,0.9992225369831392,-0.03942488535150161,87.74053488102733,0,0
102,3210,242920.59305885306,5152697.413210406,7.0,242913.59850109418,5152697.689184603,0.9992225369831392,-0.03942488535150161,87.74053488102733,0,0
102,3220,242921.98646261406,5152707.364296676,8.0,242913.99268231832,5152707.679695762,0.9992225369672131,-0.039424885755147,87.74053485788215,0,0
102,3230,242923.37986637457,5152717.315382947,9.0,242914.38686354208,5152717.670206924,0.9992225369441508,-0.039424886339663325,87.74053482436578,0,0
102,3240,242924.7732701355,5152727.266469215,10.0,242914.78104476622,5152727.660718082,0.9992225369296724,-0.039424886706613683,87.7405348033247,0,0
102,3250,242925.1674513595,5152737.25698037,10.0,242915.17522599007,5152737.6512292335,0.9992225369441508,-0.039424886339663325,87.74053482436578,0,0
102,3260,242924.562410046,5152747.286916411,9.0,242915.5694072133,5152747.641740383,0.9992225369672131,-0.039424885755147,87.74053485788215,0,0
102,3270,242927.95425888096,5152757.15915291,12.0,242915.96358843715,5152757.632251534,0.9992225369842859,-0.039424885322438034,87.74053488269384,0,0
102,3280,242925.35077249404,5152767.267938721,9.0,242916.35776966132,5152767.622762692,0.9992225369686609,-0.039424885718451964,87.74053485998625,0,0
102,3290,242925.74495371804,5152777.258449875,9.0,242916.7519508852,5152777.613273843,0.9992225369831392,-0.03942488535150161,87.74053488102733,0,0
102,3300,242925.13991240508,5152787.288385916,8.0,242917.14613210934,5152787.603785002,0.9992225369672131,-0.039424885755147,87.74053485788215,0,0
102,3310,242926.53331616553,5152797.239472187,9.0,242917.54031333304,5152797.594296164,0.9992225369441508,-0.039424886339663325,87.74053482436578,0,0
102,3320,242929.38011294772,5152806.847054899,11.0,242918.77958823042,5152809.784549702,0.9636840652103867,-0.2670449820902522,74.51149854800842,0,0
102,3323,242927.13116310586,5152810.170060468,8.0,242919.1591253153,5152810.83835192,0.9965047238234436,-0.0835364315587067,85.2081307652919,0,1
102,3330,242928.23871402585,5152816.886919385,11.0,242917.45655086113,5152814.708627052,0.9801966513378075,0.19802657575726668,101.42158222469565,0,0
102,3340,242927.8951295119,5152826.551827915,11.0,242916.9551083168,5152827.698970561,0.9945473813727739,-0.10428569510991535,84.01398602947835,0,0
102,3350,242929.5751586935,5152836.2231378,10.0,242919.62152958548,5152837.185046101,0.9953629108036802,-0.09619083010570703,84.48013673380808,0,0
102,3360,242929.282903626,5152846.205874816,10.0,242919.29285866817,5152846.651970927,0.999004495784395,-0.04460961110082309,87.4432090698319,0,0
102,3370,242929.728923202,5152856.194205935,10.0,242919.73887824413,5152856.640302045,0.9990044957862487,-0.044609611059311396,87.44320907221271,0,0
102,3380,242929.1920808665,5152866.231770142,9.0,242920.20333133003,5152866.681638757,0.9987499484957707,-0.049985401665841166,87.13485348752312,0,0
102,3390,242932.68809896766,5152876.067600024,12.0,242920.7030995848,5152876.667424826,0.9987499485722333,-0.049985400138052354,87.13485357516852,0,0
102,3400,242931.190367326,5152886.153356905,10.0,242921.2028678408,5152886.653210917,0.9987499485213714,-0.04998540115431567,87.13485351686805,0,0
102,3410,242932.68888553008,5152896.089157584,11.0,242921.70263609578,5152896.638996986,0.9987499485731075,-0.04998540012058614,87.13485357617051,0,0
102,3420,242932.1899038375,5152906.124929065,10.0,242922.2024043518,5152906.624783066,0.9987499485722333,-0.049985400138052354,87.13485357516852,0,0
102,3430,242932.689672093,5152916.110715145,10.0,242922.7021726078,5152916.610569157,0.9987499485213714,-0.04998540115431567,87.13485351686805,0,0
102,3440,242932.1475190424,5152926.137352091,9.0,242923.1543489617,5152926.4879115,0.9992411200800534,-0.038951045443739674,87.76770477853827,0,0
102,3450,242933.5362037885,5152936.089098,10.0,242923.54379258756,5152936.478608451,0.999241120094466,-0.03895104507400287,87.76770479973872,0,0
102,3460,242933.925647415,5152946.0797949545,10.0,242923.9332362138,5152946.469305399,0.999241120118574,-0.0389510444555412,87.76770483520087,0,0
102,3470,242934.3150910415,5152956.07049191,10.0,242924.32267984055,5152956.460002361,0.999241120094466,-0.03895104507400287,87.76770479973872,0,0
102,3480,242933.70529354786,5152966.100139904,9.0,242924.71212346666,5152966.4506993005,0.9992411201341196,-0.03895104405673975,87.76770485806786,0,0
102,3490,242934.0947371744,5152976.09083686,9.0,242925.1015670937,5152976.44139627,0.9992411200789204,-0.038951045472804334,87.76770477687172,0,0
102,3500,242935.483421921,5152986.04258277,10.0,242925.49101071968,5152986.4320932105,0.9992411201329866,-0.038951044085804416,87.76770485640132,0,0
102,3510,242935.87286554748,5152996.033279724,10.0,242925.88045434668,5152996.422790179,0.9992411200800534,-0.038951045443739674,87.76770477853827,0,0
102,3520,242935.2630680534,5153006.062927725,9.0,242926.26989797255,5153006.413487131,0.999241120094466,-0.03895104507400287,87.76770479973872,0,0
102,3530,242936.65175279998,5153016.014673635,10.0,242926.6593415988,5153016.40418408,0.999241120118574,-0.0389510444555412,87.76770483520087,0,0
102,3540,242935.0427141863,5153026.083272681,8.0,242927.04878522555,5153026.394881041,0.999241120094466,-0.03895104507400287,87.76770479973872,0,0
102,3550,242937.430640053,5153035.99606754,10.0,242927.43822885165,5153036.38557798,0.9992411201341196,-0.03895104405673975,87.76770485806786,0,0
102,3560,242938.81932479958,5153045.947813449,11.0,242927.8276724787,5153046.376274949,0.9992411200800534,-0.038951045443739674,87.76770477853827,0,0
102,3570,242938.209527306,5153055.97746145,10.0,242928.21711610467,5153056.36697189,0.9992411201329866,-0.038951044085804416,87.76770485640132,0,0
102,3580,242938.28991074098,5153065.96738287,10.0,242928.2925538301,5153065.737481158,0.9997356910868157,0.02299017109912591,91.31735583927217,0,0
102,3590,242937.28772847058,5153075.980355541,9.0,242928.28889175248,5153076.125054267,0.9998707464530799,-0.016077636249169913,89.0787796076996,0,0
102,3600,242939.8684494035,5153085.899664247,11.0,242928.87878657653,5153086.376435628,0.9990602569972403,-0.04334285279729585,87.51585926260448,0,0
102,3610,242939.3027433175,5153095.931895735,10.0,242929.31214074735,5153096.365324259,0.9990602570147392,-0.04334285239394422,87.51585928573657,0,0
102,3620,242940.7351577455,5153105.877441518,11.0,242929.74549491855,5153106.354212899,0.9990602569954905,-0.043342852837631014,87.51585926029128,0,0
102,3630,242939.1703914025,5153115.953015853,9.0,242930.17884908954,5153116.3431015285,0.9990602569959799,-0.04334285282634999,87.51585926093824,0,0
102,3640,242939.60374557448,5153125.941904487,9.0,242930.61220326132,5153126.331990158,0.999060257016489,-0.04334285235360906,87.51585928804977,0,0
102,3650,242939.03803948849,5153135.974135975,8.0,242931.04555743252,5153136.320878798,0.9990602569972403,-0.04334285279729585,87.51585926260448,0,0
102,3660,242940.47045391653,5153145.919681753,9.0,242931.47891160357,5153146.309767429,0.99906025699423,-0.043342852866685155,87.51585925862503,0,0
102,3670,242941.9028683445,5153155.865227535,10.0,242931.91226577436,5153156.298656059,0.9990602570147392,-0.04334285239394422,87.51585928573657,0,0
102,3680,242942.3362225155,5153165.85411617,10.0,242932.34561994552,5153166.2875446975,0.9990602569972403,-0.04334285279729585,87.51585926260448,0,0
102,3690,242941.77051643006,5153175.886347654,9.0,242932.77897411748,5153176.276433338,0.9990602569531237,-0.04334285381419077,87.51585920428589,0,0
102,3700,242942.2038706015,5153185.875236288,9.0,242933.21232828835,5153186.265321959,0.9990602570147392,-0.04334285239394422,87.51585928573657,0,0
102,3710,242942.6372247725,5153195.864124923,9.0,242933.64568245955,5153196.254210599,0.9990602569954905,-0.043342852837631014,87.51585926029128,0,0
102,3720,242942.0661033296,5153205.886074736,8.0,242934.07191199192,5153206.190877716,0.99927391720711,-0.03810037256455485,87.81648095672116,0,0
102,3730,242943.4463156038,5153215.838999231,9.0,242934.45285034893,5153216.181902585,0.99927391720711,-0.03810037256455485,87.81648095672116,0,0
102,3740,242943.82725395978,5153225.830024103,9.0,242934.83378870494,5153226.172927456,0.9992739172060018,-0.038100372593621416,87.81648095505457,0,0
102,3750,242944.20819231623,5153235.821048972,9.0,242935.21472706104,5153236.163952316,0.9992739172447905,-0.0381003715762915,87.81648101338564,0,0
102,3760,242946.58767850723,5153245.735873093,11.0,242935.5956654178,5153246.154977187,0.9992739172219839,-0.038100372174450226,87.81648097908877,0,0
102,3770,242945.9693429465,5153255.764998335,10.0,242935.97660377392,5153256.146002048,0.9992739172596645,-0.038100371186186886,87.81648103575323,0,0
102,3780,242946.350281303,5153265.756023205,10.0,242936.35754213078,5153266.1370269265,0.9992739172219839,-0.038100372174450226,87.81648097908877,0,0
102,3790,242945.73194574178,5153275.785148447,9.0,242936.7384804868,5153276.128051797,0.9992739172219839,-0.038100372174450226,87.81648097908877,0,0
102,3800,242947.112158016,5153285.738072945,10.0,242937.1194188438,5153286.119076666,0.9992739172208757,-0.03810037220351679,87.81648097742216,0,0
102,3810,242948.49237028923,5153295.690997443,11.0,242937.50035719978,5153296.110101537,0.9992739172219839,-0.038100372174450226,87.81648097908877,0,0
102,3820,242948.87330864577,5153305.682022314,11.0,242937.8812955559,5153306.101126397,0.9992739172596645,-0.038100371186186886,87.81648103575323,0,0
102,3830,242948.25497308502,5153315.711147555,10.0,242938.2622339128,5153316.092151277,0.9992739172208757,-0.03810037220351679,87.81648097742216,0,0
102,3840,242948.6359114415,5153325.70217242,10.0,242938.64317226905,5153326.083176135,0.9992739172461427,-0.038100371540827446,87.81648101541906,0,0
102,3850,242948.0175758808,5153335.731297662,9.0,242939.02411062593,5153336.074201015,0.99927391720711,-0.03810037256455485,87.81648095672116,0,0
102,3860,242947.39924031962,5153345.760422905,8.0,242939.40504898195,5153346.065225885,0.9992739172073539,-0.038100372558157354,87.81648095708799,0,0
102,3870,242951.76050691569,5153355.606729942,12.0,242939.76767875065,5153356.021546292,0.9994023470863684,-0.03456802913470555,88.01900315925839,0,0
102,3880,242950.1073232115,5153365.66817495,10.0,242940.11329974062,5153366.013855242,0.9994023470863684,-0.03456802913470555,88.01900315925839,0,0
102,3890,242948.45413950636,5153375.729619954,8.0,242940.45892072975,5153376.006164189,0.9994023470741247,-0.03456802948868848,88.01900313896452,0,0
102,3900,242951.7979675376,5153385.618224815,11.0,242940.8045417198,5153385.9984731395,0.9994023470741247,-0.03456802948868848,88.01900313896452,0,0
102,3910,242950.14478383338,5153395.679669819,9.0,242941.15016270961,5153395.990782081,0.9994023470863684,-0.03456802913470555,88.01900315925839,0,0
102,3920,242953.48861186468,5153405.568274681,12.0,242941.49578369965,5153405.983091031,0.9994023470863684,-0.03456802913470555,88.01900315925839,0,0
102,3930,242950.83602581243,5153415.664287714,9.0,242941.84140468878,5153415.975399979,0.9994023470741247,-0.03456802948868848,88.01900313896452,0,0
102,3940,242953.18045149656,5153425.587460605,11.0,242942.18702567875,5153425.967708929,0.9994023470741247,-0.03456802948868848,88.01900313896452,0,0
102,3950,242953.5260724866,5153435.579769552,11.0,242942.53264666864,5153435.960017872,0.9994023470863684,-0.03456802913470555,88.01900315925839,0,0
102,3960,242955.87049817073,5153445.502942443,13.0,242942.8782676586,5153445.952326822,0.9994023470863684,-0.03456802913470555,88.01900315925839,0,0
102,3970,242955.21671681368,5153455.529819416,12.0,242943.2238886488,5153455.944635769,0.9994023470741247,-0.03456802948868848,88.01900313896452,0,0
102,3980,242952.57936148692,5153465.6288242005,9.0,242943.58589916732,5153465.971804529,0.9992735910659916,-0.03810892543850326,87.81599055699044,0,0
102,3990,242952.96038536393,5153475.619845805,9.0,242943.96692304447,5153475.962826137,0.999273591051111,-0.03810892582869533,87.81599053461784,0,0
102,4000,242955.33995642207,5153485.534649565,11.0,242944.3479469205,5153485.953847748,0.9992735910524637,-0.03810892579322332,87.81599053665171,0,0
102,4010,242953.72243311643,5153495.6018890245,9.0,242944.7289707966,5153495.944869348,0.9992735910912612,-0.03810892477589408,87.81599059498275,0,0
102,4020,242953.10418340188,5153505.631019562,8.0,242945.10999467346,5153505.935890968,0.9992735910524637,-0.03810892579322332,87.81599053665171,0,0
102,4030,242956.48302805104,5153515.5077143945,11.0,242945.49101854945,5153515.926912578,0.9992735910535723,-0.038108925764156774,87.81599053831832,0,0
102,4040,242955.864778337,5153525.53684492,10.0,242945.8720424265,5153525.917934178,0.999273591051111,-0.03810892582869533,87.81599053461784,0,0
102,4050,242957.24507580404,5153535.489757605,11.0,242946.25306630245,5153535.908955788,0.9992735910535723,-0.038108925764156774,87.81599053831832,0,0
102,4060,242957.6260996806,5153545.480779215,11.0,242946.63409017862,5153545.899977388,0.9992735910901528,-0.038108924804960635,87.81599059331616,0,0
102,4070,242956.00857637494,5153555.548018676,9.0,242947.01511405545,5153555.890999008,0.9992735910535723,-0.038108925764156774,87.81599053831832,0,0
102,4080,242958.38814743308,5153565.4628224345,11.0,242947.3961379315,5153565.882020618,0.9992735910524637,-0.03810892579322332,87.81599053665171,0,0
102,4090,242958.7691713096,5153575.453844034,11.0,242947.7771618076,5153575.873042207,0.9992735910899085,-0.03810892481136609,87.81599059294888,0,0
102,4100,242956.1523744129,5153585.559192422,8.0,242948.15818568447,5153585.864063828,0.9992735910524637,-0.03810892579322332,87.81599053665171,0,0
102,4110,242960.5304926537,5153595.39777833,12.0,242948.5392095606,5153595.855085428,0.9992735910912612,-0.03810892477589408,87.81599059498275,0,0
102,4120,242961.91079012118,5153605.350691013,13.0,242948.9202334375,5153605.846107048,0.9992735910524637,-0.03810892579322332,87.81599053665171,0,0
102,4130,242959.31197329902,5153615.45533338,10.0,242949.3201227484,5153615.858970066,0.99918505506184,-0.040363668577915165,87.68670370763846,0,0
102,4140,242964.71146601933,5153625.243651437,15.0,242949.7236901934,5153625.8491064655,0.99918505506184,-0.040363668577915165,87.68670370763846,0,0
102,4150,242961.1182932435,5153635.39524251,11.0,242950.12725763826,5153635.839242876,0.9991850550219247,-0.04036366956600274,87.68670365097903,0,0
102,4160,242962.52104574352,5153645.345015241,12.0,242950.53082508326,5153645.829379275,0.9991850550219247,-0.04036366956600274,87.68670365097903,0,0
102,4170,242963.92379824354,5153655.294787972,13.0,242950.93439252826,5153655.819515676,0.9991850550219247,-0.04036366956600274,87.68670365097903,0,0
102,4180,242967.3249208536,5153665.163833363,16.0,242951.33795997326,5153665.809652076,0.9991850550219247,-0.04036366956600274,87.68670365097903,0,0
102,4190,242961.73337796849,5153675.39615178,10.0,242951.74152741826,5153675.799788476,0.9991850550219247,-0.04036366956600274,87.68670365097903,0,0
102,4200,242962.13694541302,5153685.38628818,10.0,242952.1450948624,5153685.789924866,0.99918505506184,-0.040363668577915165,87.68670370763846,0,0
102,4210,242964.53888296816,5153695.295697243,12.0,242952.5486623074,5153695.780061265,0.99918505506184,-0.040363668577915165,87.68670370763846,0,0
102,4220,242963.9432653581,5153705.326197311,11.0,242952.9522297524,5153705.770197665,0.99918505506184,-0.040363668577915165,87.68670370763846,0,0
102,4230,242968.34357302333,5153715.154879036,15.0,242953.3557971974,5153715.760334065,0.99918505506184,-0.040363668577915165,87.68670370763846,0,0
102,4240,242963.751215193,5153725.34683378,10.0,242953.7593646424,5153725.750470466,0.99918505506184,-0.040363668577915165,87.68670370763846,0,0
102,4250,242963.15559758295,5153735.377333849,9.0,242954.1629320874,5153735.740606866,0.99918505506184,-0.040363668577915165,87.68670370763846,0,0
102,4260,242969.5542753576,5153745.125288232,15.0,242954.56649953226,5153745.730743276,0.9991850550219247,-0.04036366956600274,87.68670365097903,0,0
102,4270,242964.9619175275,5153755.31724298,10.0,242954.97006697726,5153755.720879676,0.9991850550219247,-0.04036366956600274,87.68670365097903,0,0
102,4280,242968.39072082753,5153765.175565107,13.0,242955.40305177806,5153765.74165049,0.999051465343837,-0.043545029502021104,87.50426444362857,0,0
102,4290,242966.82799348288,5153775.2514559,11.0,242955.8384273639,5153775.730451221,0.9990514653619995,-0.04354502908532225,87.50426446752633,0,0
102,4300,242966.26431760401,5153785.28380166,10.0,242956.27380294996,5153785.719251941,0.9990514654050551,-0.04354502809749886,87.50426452417818,0,0
102,4310,242971.69495051692,5153795.054877252,15.0,242956.7091785361,5153795.70805268,0.9990514653868927,-0.04354502851419771,87.50426450028043,0,0
102,4320,242969.1331717072,5153805.174313066,12.0,242957.14455412305,5153805.69685342,0.999051465343837,-0.043545029502021104,87.50426444362857,0,0
102,4330,242968.56949582786,5153815.206658826,11.0,242957.57992970906,5153815.68565415,0.9990514653456033,-0.04354502946149815,87.50426444595257,0,0
102,4340,242974.0001287407,5153824.977734415,16.0,242958.0153052949,5153825.67445488,0.9990514653632658,-0.04354502905626862,87.50426446919256,0,0
102,4350,242973.4364528613,5153835.0100801755,15.0,242958.45068088087,5153835.663255611,0.9990514653619995,-0.04354502908532225,87.50426446752633,0,0
102,4360,242972.87277698252,5153845.04242594,14.0,242958.8860564671,5153845.652056339,0.9990514653873926,-0.04354502850272839,87.50426450093819,0,0
102,4370,242976.3053069647,5153854.900591585,17.0,242959.3214320531,5153855.64085707,0.9990514653868927,-0.04354502851419771,87.50426450028043,0,0
102,4380,242974.74257961995,5153864.976482374,15.0,242959.75680763912,5153865.6296578,0.999051465388659,-0.043545028473674766,87.50426450260443,0,0
102,4390,242970.1826978795,5153875.18300825,10.0,242960.19218322588,5153875.61845854,0.9990514653632658,-0.04354502905626862,87.50426446919256,0,0
102,4400,242974.61427932687,5153884.997628867,14.0,242960.62755881206,5153885.60725928,0.999051465343837,-0.043545029502021104,87.50426444362857,0,0
102,4410,242971.0534490515,5153895.160609715,10.0,242961.0629343981,5153895.59606001,0.9990514653425707,-0.04354502953107473,87.50426444196235,0,0
102,4420,242972.51522631795,5153905.081797965,11.0,242961.5392422939,5153905.808279006,0.9978167294603704,-0.06604373103489815,86.21321668959516,0,0
102,4430,242973.17555032598,5153915.058253454,11.0,242962.19956630195,5153915.784734496,0.9978167294563075,-0.06604373109628241,86.21321668607041,0,0
102,4440,242972.838057604,5153925.100752675,10.0,242962.85989030878,5153925.761189976,0.9978167295215282,-0.06604373011089923,86.21321674265224,0,0
102,4450,242973.49838161148,5153935.077208165,10.0,242963.52021431693,5153935.737645476,0.9978167294543893,-0.06604373112526427,86.21321668440623,0,0
102,4460,242979.14778926657,5153944.723445001,15.0,242964.18053832537,5153945.714100977,0.9978167294137601,-0.06604373173910687,86.21321664915868,0,0
102,4470,242974.8190296265,5153955.030119155,10.0,242964.84086233188,5153955.690556465,0.9978167294603704,-0.06604373103489815,86.21321668959516,0,0
102,4480,242977.47498709342,5153964.874487183,12.0,242965.50118633988,5153965.667011956,0.9978167294603704,-0.06604373103489815,86.21321668959516,0,0
102,4490,242974.14404418296,5153975.115117595,8.0,242966.16151034678,5153975.643467436,0.9978167295215282,-0.06604373011089923,86.21321674265224,0,0
102,4500,242979.79345183788,5153984.7613544315,13.0,242966.82183435495,5153985.619922936,0.9978167294563075,-0.06604373109628241,86.21321668607041,0,0
102,4510,242975.46469219797,5153995.068028575,8.0,242967.4821583618,5153995.596378416,0.9978167295215282,-0.06604373011089923,86.21321674265224,0,0
102,4520,242978.1206496645,5154004.912396605,10.0,242968.14248236993,5154005.572833916,0.9978167294563075,-0.06604373109628241,86.21321668607041,0,0
102,4530,242976.78534021365,5154015.020939563,8.0,242968.80280637834,5154015.549289417,0.9978167294156783,-0.06604373171012502,86.21321665082286,0,0
102,4540,242976.4478474911,5154025.063438788,7.0,242969.4631303849,5154025.525744906,0.9978167294603704,-0.06604373103489815,86.21321668959516,0,0
102,4550,242977.1081714991,5154035.039894277,7.0,242970.1234543929,5154035.502200395,0.9978167294603704,-0.06604373103489815,86.21321668959516,0,0
102,4560,242978.76631223597,5154044.950306035,8.0,242970.78377839978,5154045.478655876,0.9978167295215282,-0.06604373011089923,86.21321674265224,0,0
102,4570,242979.33811507837,5154054.877752758,8.0,242971.34428897986,5154055.191988826,0.999228262313846,-0.03927950856683235,87.74887081423014,0,0
102,4580,242979.73084277537,5154064.868321158,8.0,242971.73701667687,5154065.182557226,0.999228262313846,-0.03927950856683235,87.74887081423014,0,0
102,4590,242978.12511394775,5154074.937448575,6.0,242972.12974437387,5154075.1731256265,0.9992282623124088,-0.03927950860339228,87.7488708121338,0,0
102,4596,242979.35997882806,5154080.892510106,7.0,242972.36538099186,5154081.167466666,0.999228262313846,-0.03927950856683235,87.74887081423014,0,0
