L  2 1
 226615.06615266387 5137507.914816896
 226586.46980085914 5137516.983921784
 1 8
L  2 1
 241673.2381738599 5150290.249560957
 241676.0299519301 5150320.119378083
 1 37
L  2 1
 226765.91745733982 5136192.8047774695
 226795.86478463217 5136194.581737809
 1 38
L  2 1
 241092.29026979997 5135831.027735913
 241062.30136869106 5135831.843707897
 1 41
L  2 1
 243017.08044224643 5142144.180792863
 243017.7830170686 5142174.172564877
 1 53
L  2 1
 226829.7051063864 5138077.904555968
 226800.8526430066 5138086.122545802
 1 58
L  2 1
 226362.59054559717 5164691.0167396525
 226363.96992974883 5164720.985011197
 1 67
L  2 1
 226852.49501120858 5138015.465232544
 226852.9589527184 5138045.461644966
 1 92
L  2 1
 235722.2942096581 5158541.499668152
 235752.26801592385 5158540.246297519
 1 96
L  2 1
 221655.6100241766 5147981.790730646
 221685.45438050042 5147984.842680125
 1 101
L  2 1
 241670.44614042138 5150328.396726427
 241653.43382014165 5150353.106662863
 1 102
L  2 1
 241639.42576037883 5150256.7871421
 241664.2047913312 5150273.698665541
 1 103
L  2 1
 243015.21307090277 5142195.98290388
 242993.6945123402 5142216.88629206
 1 104
L  2 1
 214301.98704525828 5153315.866817561
 214278.2210255277 5153297.55899666
 1 105
L  2 1
 231017.70796192237 5144269.452925071
 231013.7123279317 5144299.1856496185
 1 109
L  2 1
 236642.4854217043 5139182.760235233
 236631.1178586147 5139210.523133306
 1 130
L  2 1
 233408.85408638543 5141686.139727015
 233438.55726871957 5141681.930100046
 1 131
L  2 1
 247534.09924208597 5135540.082848912
 247504.119975112 5135541.1979954075
 1 142
L  2 1
 241124.28003362968 5135764.928858283
 241125.83454288536 5135794.888556228
 1 167
L  2 1
 233272.83285009427 5136104.630732547
 233258.51739610572 5136130.994870634
 1 168
L  2 1
 222974.66812285772 5136536.522479976
 222973.66185851427 5136566.505599095
 1 169
L  2 1
 231636.13530631398 5134616.539285797
 231615.44866889797 5134638.266297382
 1 180
L  2 1
 233263.46727652993 5136134.230929416
 233243.40588121704 5136156.536543464
 1 181
L  2 1
 236635.69029494177 5139225.319514046
 236615.40426404728 5139247.421028714
 1 182
L  2 1
 222313.80632049462 5144732.253697767
 222316.09877758636 5144762.165980202
 1 194
L  2 1
 231017.28649168645 5144302.631875524
 230998.32166411457 5144325.876989316
 1 195