L  2 1
 241654.63174598143 5150304.916255526
 241654.33713907158 5150307.901754944
 1 1
L  2 1
 241626.07658041824 5150308.717834346
 241625.72307901972 5150305.738734353
 1 2
L  2 1
 241641.174154054 5150279.552563199
 241643.88018060804 5150280.847715811
 1 3
L  2 1
 241627.04760828862 5150308.1389748175
 241624.71565878842 5150306.251645612
 1 4
L  2 1
 226779.59755775103 5136190.169690851
 226782.59229048 5136190.347386889
 1 5
L  2 1
 226784.4745731011 5136240.055622
 226781.53716093593 5136239.44602396
 1 6
L  2 1
 241151.43803352784 5138207.823291299
 241148.45939496413 5138207.465922712
 1 7
L  2 1
 241148.27388821513 5138159.868394721
 241151.27381602192 5138159.84758237
 1 8
L  2 1
 241175.3926691152 5138811.981535567
 241172.42415390178 5138812.415030004
 1 9
L  2 1
 241170.11984253192 5138762.50779115
 241173.11146153207 5138762.731879879
 1 10
L  2 1
 241194.84122801406 5139438.507914632
 241191.87123847197 5139438.931190097
 1 11
L  2 1
 241190.85994734633 5139388.978117998
 241193.85821974865 5139389.079914861
 1 12
L  2 1
 227182.77435715636 5139031.605158006
 227180.0808527466 5139032.926155354
 1 13
L  2 1
 227161.9918900412 5138986.604661291
 227164.79079846383 5138985.524794798
 1 14
L  2 1
 228126.65788357248 5139578.471597634
 228126.84227527355 5139581.465925556
 1 15
L  2 1
 228077.581681176 5139585.293397498
 228077.10025648502 5139582.332277733
 1 16
L  2 1
 230852.21044048292 5139473.347215808
 230852.0379926881 5139476.3422553325
 1 17
L  2 1
 230802.64134722538 5139478.508873533
 230802.51492060462 5139475.511538666
 1 18
L  2 1
 230416.650104747 5137858.044475542
 230416.783647352 5137861.041501798
 1 19
L  2 1
 230368.2384854865 5137862.530894435
 230368.9718327695 5137859.621908055
 1 20
L  2 1
 241903.01987837208 5156758.100223762
 241904.22116534796 5156760.849207138
 1 21
L  2 1
 241853.3752312036 5156760.585374447
 241854.59977542437 5156757.846671933
 1 22
L  2 1
 233994.19032966238 5148685.980746941
 233993.46559143267 5148688.8918901
 1 23
L  2 1
 233947.1113667002 5148669.691064031
 233949.12656701083 5148667.46868519
 1 24
L  2 1
 234380.26901258016 5149021.099366924
 234380.49532868783 5149024.090818247
 1 25
L  2 1
 234330.78931908373 5149022.768149148
 234331.05482150923 5149019.779920832
 1 26
L  2 1
 234459.11350818115 5149035.725178739
 234458.74392886486 5149038.702326892
 1 27
L  2 1
 234411.03520906394 5149024.930783921
 234411.58925538408 5149021.982388989
 1 28
L  2 1
 234516.48136906783 5149048.361855407
 234515.66402267021 5149051.248366254
 1 29
L  2 1
 234467.85844165 5149039.833790194
 234468.22802093503 5149036.856642036
 1 30
L  2 1
 234657.51538121366 5149088.55407607
 234657.09160182832 5149091.523993751
 1 31
L  2 1
 234608.4202712997 5149080.066969664
 234609.9442992263 5149077.482914927
 1 32
L  2 1
 234781.59357895097 5149116.731275843
 234780.535388357 5149119.538451055
 1 33
L  2 1
 234732.72449204087 5149108.709393152
 234733.44169603812 5149105.796384669
 1 34
L  2 1
 235729.05910446367 5149363.797628431
 235728.28358946438 5149366.69565819
 1 35
L  2 1
 235680.80645740588 5149354.726107708
 235681.0603726041 5149351.73687251
 1 36
L  2 1
 237030.40611921003 5149702.724347966
 237030.25641501092 5149705.720610414
 1 37
L  2 1
 236980.67734920772 5149701.003127022
 236981.2587452853 5149698.060003068
 1 38
L  2 1
 237613.5980637753 5149851.471842645
 237612.84989498867 5149854.377052356
 1 39
L  2 1
 237563.43123781536 5149848.665985012
 237564.73721968167 5149845.965168217
 1 40
L  2 1
 240750.2985766832 5150335.4756158255
 240750.72361578577 5150338.445353484
 1 41
L  2 1
 240701.0073953851 5150342.312325544
 240700.9545824939 5150339.312790447
 1 42
L  2 1
 241577.65101814363 5150305.960583245
 241578.5121864364 5150308.834324565
 1 43
L  2 1
 241528.45462892242 5150313.215604954
 241528.66226702157 5150310.222799177
 1 44
L  2 1
 243020.94031290032 5144694.7421291005
 243017.9416560007 5144694.831888771
 1 45
L  2 1
 243016.58017236498 5144645.131745185
 243019.571989238 5144645.3531764345
 1 46
L  2 1
 243127.28008784063 5142969.16584594
 243124.31639177736 5142969.63114761
 1 47
L  2 1
 243122.4493047683 5142920.012329473
 243125.40716007975 5142919.511238706
 1 48
L  2 1
 243161.65247095568 5142371.008580306
 243158.95514710533 5142372.321761194
 1 49
L  2 1
 243127.40647846466 5142335.336744001
 243129.4559417463 5142333.145922178
 1 50
L  2 1
 218432.42903986457 5154555.6309590945
 218432.55068175943 5154558.628491956
 1 51
L  2 1
 218382.96402392237 5154560.640751065
 218382.84238199962 5154557.643218205
 1 52
L  2 1
 218637.07744951223 5154548.099687172
 218637.18315902873 5154551.097824177
 1 53
L  2 1
 218587.8292606771 5154553.62945445
 218587.42573819787 5154550.65671672
 1 54
L  2 1
 233571.13550574737 5144993.3145489115
 233568.1386785746 5144993.452486929
 1 55
L  2 1
 233565.21584440523 5144944.205567688
 233568.18406831578 5144943.770083111
 1 56
L  2 1
 233550.9192960917 5144427.697199275
 233547.94950452528 5144428.121861556
 1 57
L  2 1
 233546.5640833952 5144378.19099328
 233549.5574461808 5144378.390440601
 1 58
L  2 1
 231148.21078300488 5144273.898360052
 231147.8112196091 5144276.871632508
 1 59
L  2 1
 231099.48299138545 5144279.2822499005
 231099.82472048857 5144276.30177658
 1 60
L  2 1
 236657.17934587583 5139194.381507616
 236657.74187139017 5139197.328296554
 1 61
L  2 1
 236608.64506999217 5139202.099911044
 236608.45990788384 5139199.105630665
 1 62
L  2 1
 228938.83452140095 5141152.198967337
 228939.32659189604 5141155.158336633
 1 63
L  2 1
 228894.51895187795 5141158.347752639
 228893.80676207104 5141155.433514201
 1 64
L  2 1
 230229.7176049064 5141089.006356771
 230229.8634133096 5141092.0028113285
 1 65
L  2 1
 230181.0368302285 5141094.075366952
 230180.30618112753 5141091.165701698
 1 66
L  2 1
 233502.9849235138 5143734.667189018
 233503.49700552117 5143737.623161281
 1 67
L  2 1
 233478.584400994 5143740.354598638
 233478.5617603 5143737.354684072
 1 68
L  2 1
 233423.6362445475 5141733.142912571
 233421.84239029948 5141730.738315529
 1 69
L  2 1
 233422.8984816409 5141707.390723264
 233425.89427612006 5141707.231929565
 1 70
L  2 1
 247389.14862661247 5139421.873073558
 247386.63284374357 5139420.238804133
 1 71
L  2 1
 247415.23594466038 5139381.905973695
 247418.1699145966 5139382.5319292955
 1 72
L  2 1
 242698.62738576572 5136171.353452237
 242695.6287422623 5136171.443658331
 1 73
L  2 1
 242693.53340317818 5136124.033564792
 242696.45611578078 5136123.356991778
 1 74
L  2 1
 223481.0165805068 5136515.408160594
 223481.15009491914 5136518.405188105
 1 75
L  2 1
 223432.62778291357 5136526.131350321
 223432.19669160445 5136523.16248517
 1 76
L  2 1
 223106.46418961123 5136543.202991473
 223106.63068902076 5136546.198367568
 1 77
L  2 1
 223057.81185298643 5136552.26630668
 223057.03035416358 5136549.369884821
 1 78
L  2 1
 243240.77909911255 5142152.350658271
 243240.57479553146 5142155.343693528
 1 79
L  2 1
 243191.0687850462 5142155.048712201
 243190.97371112977 5142152.050219089
 1 80
L  2 1
 243612.32947991177 5142139.232239408
 243612.42599923123 5142142.230686342
 1 81
L  2 1
 243563.43468782687 5142143.972381531
 243563.30719231817 5142140.975091939
 1 82
L  2 1
 244220.7534889438 5142118.23184909
 244220.5599601302 5142121.22560035
 1 83
L  2 1
 244171.74536590054 5142122.058464445
 244171.93889499045 5142119.064713204
 1 84
L  2 1
 234723.70445420404 5137483.788914101
 234722.37423438 5137486.477875838
 1 85
L  2 1
 234684.17841798018 5137454.416824062
 234686.21079626484 5137452.210143636
 1 86
L  2 1
 236229.2795212753 5138872.438196545
 236227.25306836772 5138874.650319646
 1 87
L  2 1
 236190.75410051903 5138840.834100792
 236193.03167255098 5138838.881495958
 1 88
L  2 1
 236411.74676719506 5139035.617094571
 236409.31617657194 5139037.37556812
 1 89
L  2 1
 236372.6527162664 5139005.258488245
 236374.21050191962 5139002.6946427245
 1 90
L  2 1
 242101.02850361812 5142195.164834265
 242101.43005931188 5142198.137838306
 1 91
L  2 1
 242053.73930869112 5142201.80220181
 242053.29156380089 5142198.83580256
 1 92
L  2 1
 224415.88345072526 5144599.771481706
 224416.88619113274 5144602.598938456
 1 93
L  2 1
 224367.1951336604 5144601.5860414505
 224366.92316984962 5144598.598394269
 1 94
L  2 1
 231109.9855111526 5144523.332126401
 231106.9884908814 5144523.465803228
 1 95
L  2 1
 231104.91788297924 5144474.121560725
 231107.89023603578 5144473.715214436
 1 96
L  2 1
 231130.16261163657 5144958.329848921
 231127.1669795874 5144958.168019919
 1 97
L  2 1
 231123.90191545093 5144908.750807447
 231126.8967568971 5144908.926661683
 1 98
L  2 1
 241644.31640480895 5150323.748865838
 241642.37770371005 5150326.038284552
 1 99
L  2 1
 241624.7064665737 5150308.205990865
 241627.05606652034 5150306.340681215
 1 100
L  2 1
 241626.21267152223 5150305.7777768895
 241625.39150371577 5150308.66320293
 1 101
L  2 1
 241597.9465925469 5150311.473582958
 241595.26100004613 5150310.136574012
 1 102