L  515 1
 241624.89670705143 5150308.436058167
 241632.24504883448 5150315.28934679
 241639.766310304 5150321.86136785
 241647.3963968155 5150328.3225962
 241654.38024962533 5150335.546964119
 241662.65656983847 5150341.2450529
 241670.93088712168 5150346.938503097
 241678.63132735592 5150353.303485553
 241685.703431663 5150360.4414847605
 241693.4123427985 5150366.80846058
 241701.121253934 5150373.1754364
 241708.830165069 5150379.54241222
 241716.5390762045 5150385.909388039
 241724.88400036792 5150391.583128554
 241731.5872304065 5150399.06860777
 241739.1928078095 5150405.54948051
 241746.3967108919 5150412.554441065
 241754.84526814648 5150417.993887015
 241762.631131632 5150422.10539518
 241763.433114806 5150422.650566325
 241770.521145436 5150429.376034212
 241777.85169594677 5150435.426089615
 241784.5244241964 5150443.24151194
 241792.8916542453 5150448.656768263
 241802.642029546 5150452.274555237
 241807.8035564225 5150461.46411631
 241815.1917892397 5150467.92012916
 241822.6081214425 5150474.63643604
 241830.6856924764 5150480.6505621495
 241838.424134041 5150486.482517205
 241844.30110987223 5150494.63225519
 241853.2172251725 5150499.69240274
 241861.9996876164 5150503.956844223
 241868.0566506409 5150512.54897416
 241876.287489016 5150518.153382106
 241886.3913091236 5150521.906008947
 241893.7694284196 5150528.653530537
 241899.52099489828 5150536.992509142
 241904.7180463753 5150546.5779537065
 241913.2020968326 5150551.91844288
 241920.35278506385 5150558.977716936
 241929.38817113728 5150563.702914292
 241937.01976069796 5150569.9651473295
 241945.03162620647 5150576.061043151
 241953.106780312 5150581.94809344
 241956.48151588356 5150585.60985117
 241960.01507985927 5150587.716748529
 241960.45715978 5150587.932844525
 241966.6213032019 5150595.294621126
 241967.5713537059 5150596.819247248
 241973.6062598914 5150601.502191834
 241983.5135326201 5150603.855805159
 241991.64610209985 5150609.842339108
 241996.99963339308 5150618.803666825
 242004.3777645926 5150625.551175406
 242012.03154369484 5150632.070571732
 242019.80163340963 5150638.362741282
 242026.94239822176 5150645.432053139
 242035.27447455245 5150649.786816687
 242036.39977387 5150649.289545516
 242039.67300734948 5150657.44263998
 242039.01244724335 5150659.842876241
 242049.12201371277 5150661.72932239
 242056.6667831355 5150667.60242597
 242064.3102596125 5150673.84682155
 242071.5487058945 5150680.726062945
 242080.07187775848 5150685.814228309
 242079.31407014516 5150689.867052573
 242085.14798599493 5150693.986269314
 242089.7627014015 5150702.69879948
 242097.36112349952 5150709.16114936
 242108.5460854356 5150713.381032347
 242111.9378792429 5150717.845199848
 242112.10640739324 5150727.780901007
 242120.111589376 5150717.936009775
 242128.26444765957 5150712.846307803
 242136.3609525248 5150710.532359053
 242135.75566066944 5150711.51595235
 242128.906601468 5150714.507240891
 242139.08288406848 5150724.783910575
 242148.5803947234 5150731.913801743
 242149.86048816 5150732.514649274
 242151.07077841135 5150735.888763725
 242152.33068304355 5150735.246660028
 242155.8630170145 5150740.405885593
 242158.5410977755 5150736.834083545
 242168.4115060788 5150733.455972305
 242164.471656135 5150728.36891866
 242166.68234246 5150728.702825366
 242173.9002517213 5150732.818740964
 242180.2576356034 5150734.077488323
 242180.9710346005 5150735.045266655
 242183.898346763 5150742.571662965
 242184.3985319898 5150745.465509893
 242194.40516914253 5150748.31610365
 242202.97516602583 5150752.545967874
 242212.21393165956 5150756.628328408
 242217.9877548241 5150766.50639678
 242228.24617755009 5150768.437835636
 242238.5046002165 5150770.369274461
 242246.92441327404 5150775.853108915
 242256.7345799765 5150778.6504794005
 242265.18421893395 5150784.088244882
 242274.5434477975 5150787.744818015
 242281.62870189725 5150795.854372024
 242289.2453370061 5150794.129692727
 242292.5365072285 5150794.266732885
 242302.369533655 5150793.905453937
 242303.44888342748 5150794.819051762
 242307.72543043888 5150799.016038551
 242313.7727099295 5150807.068612885
 242320.83604747095 5150812.20869807
 242321.840045806 5150813.375977894
 242331.35499409388 5150812.410114976
 242334.52186584027 5150813.584542156
 242334.14610158556 5150818.894254593
 242344.3010099555 5150824.5187754445
 242352.5956798579 5150830.132634338
 242352.5956798579 5150830.132634338
 242363.02346216427 5150828.619175045
 242367.87784394695 5150829.739521369
 242371.80479740608 5150832.813661306
 242379.6251219361 5150838.964388248
 242388.6549903501 5150843.37201443
 242395.03329641497 5150846.183098699
 242397.8325805021 5150847.658306109
 242397.8325805021 5150847.658306109
 242405.30326831216 5150853.222415055
 242407.59437194656 5150855.40134976
 242413.5138134205 5150858.321182035
 242422.534414957 5150861.743600135
 242432.61691591385 5150862.271404201
 242442.4870144344 5150864.154711711
 242451.03959872443 5150870.273732763
 242454.2451277157 5150875.710130938
 242458.514202164 5150876.8125043
 242468.05046983948 5150879.533270124
 242475.325137279 5150885.900951581
 242480.72228226767 5150886.085234583
 242485.4139386445 5150886.10615469
 242486.3699946305 5150885.839566765
 242492.6594588448 5150879.491274688
 242497.93390620447 5150878.406065495
 242500.5737369412 5150882.2651982615
 242508.72892257007 5150888.772075099
 242511.35676601095 5150887.72657689
 242516.63416309853 5150893.442034639
 242518.33643885015 5150895.895706388
 242519.0882581009 5150900.110974989
 242520.14053526885 5150902.287478162
 242528.1277686901 5150908.315335953
 242536.4195852536 5150913.440990078
 242545.5882622037 5150918.637321983
 242554.31338127083 5150920.557365415
 242563.44627617663 5150924.377662047
 242573.98450966395 5150927.776564475
 242579.42006520892 5150935.729382233
 242580.7853959325 5150935.361239653
 242588.6758620175 5150937.241701596
 242598.61223592 5150936.13816846
 242603.4793783585 5150937.824851215
 242608.2273192755 5150937.82574342
 242616.4367716544 5150944.24910358
 242621.04225778 5150953.325562985
 242622.44846446067 5150953.474692785
 242630.22752878928 5150953.941564098
 242639.970998363 5150957.4938123
 242649.87821533607 5150959.586287042
 242658.012152089 5150964.560156625
 242667.3608686936 5150968.645233247
 242674.5928557165 5150976.617185584
 242674.5928557165 5150976.617185584
 242677.5676009644 5150981.023852143
 242680.709508123 5150982.497030245
 242689.7369043685 5150986.654790886
 242698.941127783 5150990.53401734
 242707.633507129 5150995.391785837
 242715.806347635 5150998.536269135
 242717.28574009615 5150998.150719456
 242718.21806982748 5151000.22487985
 242725.0380032275 5151000.767953031
 242725.97029416647 5151000.940525521
 242725.97029416647 5151000.940525521
 242732.2150662125 5151008.519142525
 242732.72445869 5151009.37947747
 242732.76412035877 5151010.88631689
 242741.44048387077 5151009.592600178
 242744.956676264 5151010.79981361
 242750.38752500844 5151013.224580869
 242758.98552611063 5151018.057797685
 242769.10431680357 5151017.572437651
 242778.649911509 5151018.27528852
 242782.63495522048 5151029.224687793
 242796.12817068613 5151027.670935266
 242800.327651778 5151028.070970065
 242802.7928370045 5151032.141801029
 242803.8154460738 5151033.353180943
 242802.99477231657 5151036.238212455
 242802.9370971613 5151036.787778681
 242804.55429473272 5151042.302416127
 242807.99346469095 5151044.680635329
 242808.75836337148 5151045.22890434
 242813.665968713 5151045.195682226
 242823.44384639917 5151042.014566024
 242826.0628002117 5151054.756181722
 242839.64819007652 5151055.412966
 242850.4800091563 5151056.429277801
 242855.3945324093 5151066.494641327
 242859.0869510364 5151075.375741135
 242860.09870010192 5151086.090670046
 242867.2238961684 5151092.807290536
 242870.40654822 5151101.42525198
 242872.4524480047 5151102.136114482
 242869.4684353697 5151111.8003695225
 242866.6359419396 5151116.560968591
 242866.4803379244 5151120.972027124
 242865.780089997 5151130.73413841
 242863.32489227437 5151140.811274652
 242865.71044806804 5151150.462735063
 242866.51083031905 5151160.229012877
 242864.41219812975 5151169.669674644
 242862.98232727632 5151179.692968076
 242862.0683065765 5151187.126085085
 242863.51657554475 5151189.338983154
 242862.43394560152 5151199.361143215
 242871.2111508189 5151208.740790917
 242863.64283331647 5151219.14176116
 242872.8268808388 5151227.93330127
 242866.21190275185 5151238.897231087
 242869.5099931648 5151248.545458473
 242870.6746495378 5151258.556193367
 242869.14040637025 5151268.636460723
 242870.602936408 5151278.577622515
 242870.06761764223 5151288.611521354
 242870.53122327823 5151298.599051664
 242871.993753316 5151308.540213465
 242871.4584345502 5151318.574112294
 242872.6861684195 5151328.522937335
 242872.8747991515 5151338.519442245
 242872.06360786816 5151348.534813466
 242870.25259457 5151358.5690509975
 242878.4398014246 5151368.414625422
 242874.62914409587 5151378.486595575
 242871.8183087818 5151388.539699414
 242872.0069395138 5151398.536204324
 242873.19539226117 5151408.513842925
 242873.38402299315 5151418.510347835
 242874.5724757405 5151428.487986435
 242876.7607505032 5151438.446758726
 242875.96007226297 5151448.448591447
 242875.2818137095 5151458.473842435
 242874.603555155 5151468.499093417
 242875.9242641235 5151478.460088341
 242875.24600557 5151488.485339323
 242876.5667145385 5151498.44633424
 242876.88793974603 5151508.439457195
 242876.209681192 5151518.464708178
 242876.53090639896 5151528.457831133
 242877.851615368 5151538.41882605
 242877.173356814 5151548.444077034
 242877.49458202103 5151558.437199988
 242878.81529099 5151568.398194905
 242878.1448960788 5151578.4271106105
 242879.5047482275 5151588.382837305
 242878.8659008648 5151598.410676855
 242879.22640325775 5151608.402459981
 242878.58755589463 5151618.430299526
 242878.94805828767 5151628.422082656
 242879.30856068063 5151638.413865777
 242879.66906307303 5151648.405648896
 242881.02891522177 5151658.3613756
 242880.39006785903 5151668.389215144
 242880.75057025207 5151678.380998269
 242881.11107264512 5151688.372781395
 242881.47157503807 5151698.364564515
 242882.8356887181 5151708.320654242
 242883.2013622936 5151718.312249452
 242885.56569779143 5151728.230697399
 242883.9327094456 5151738.295439871
 242888.29570686468 5151748.140740553
 242886.66271851893 5151758.205483023
 242884.0303992122 5151768.306799125
 242885.39540374908 5151778.261820702
 242886.760408286 5151788.216842281
 242886.12675090056 5151798.24501112
 242886.4924244765 5151808.236606326
 242887.857429013 5151818.1916279
 242887.2237716281 5151828.219796742
 242891.5710482816 5151838.073040425
 242891.91213343563 5151848.065505231
 242892.2532185896 5151858.057970035
 242892.5943037436 5151868.0504348455
 242892.9353888976 5151878.042899645
 242893.2764740516 5151888.035364456
 242890.61930539948 5151898.13017236
 242888.9615546824 5151908.190865906
 242887.30380396525 5151918.25155944
 242887.64488911923 5151928.244024251
 242895.9813177578 5151937.963574111
 242888.30897966836 5151948.206780054
 242890.5924726469 5151958.144151524
 242891.8763699822 5151968.109958046
 242899.15784117224 5151977.905154288
 242894.4441646538 5151988.041571087
 242890.73008377865 5151998.149552841
 242891.01438547223 5152008.143794415
 242891.29868716563 5152018.138035981
 242892.5825845015 5152028.1038425015
 242900.86365133323 5152037.870603691
 242892.1515922462 5152048.120760684
 242893.4354895819 5152058.086567204
 242893.7995298688 5152068.096703035
 242894.17637506075 5152078.087883135
 242899.5496674656 5152087.8906083
 242895.92935488865 5152098.032552331
 242895.3069106388 5152108.061423415
 242902.6787819284 5152117.78876661
 242902.056337678 5152127.817637684
 242900.43460398627 5152137.884199755
 242902.81002806337 5152147.799997872
 242902.1875838136 5152157.828868959
 242902.56442900663 5152167.82004905
 242905.93914252575 5152177.698156185
 242899.3209616221 5152187.95317318
 242899.7308003669 5152197.949924489
 242898.17880794968 5152208.027474362
 242900.6228335679 5152217.926586988
 242901.0688501679 5152227.914918237
 242901.5148667689 5152237.903249488
 242902.959887878 5152247.846971424
 242903.405904478 5152257.835302675
 242903.85192107895 5152267.82363392
 242903.2989331699 5152277.856574483
 242903.74494976996 5152287.844905733
 242910.1849934254 5152297.565581104
 242904.63698297093 5152307.821568233
 242905.08300476827 5152317.809900991
 242910.52406085093 5152327.575176238
 242907.97308148025 5152337.69733985
 242907.4201109725 5152347.730281375
 242912.86116705567 5152357.495556622
 242908.312178821 5152367.706942325
 242912.75423047232 5152377.516828621
 242913.20026439705 5152387.505159096
 242910.64928502575 5152397.62732271
 242910.0963145185 5152407.66026423
 242909.54334401127 5152417.693205751
 242911.9873867988 5152427.59231414
 242911.4416835305 5152437.62491282
 242911.937959576 5152447.610873065
 242912.434235621 5152457.596833315
 242912.930511666 5152467.58279356
 242911.42925297463 5152477.668026043
 242914.9218311242 5152487.505077937
 242914.419339801 5152497.5406743
 242915.9143832141 5152507.47699843
 242916.4106592592 5152517.462958676
 242916.9069353041 5152527.44891892
 242917.40321134916 5152537.43487917
 242919.8970221308 5152547.321567175
 242919.3945308077 5152557.357163545
 242918.89118603244 5152567.394696026
 242917.34093282252 5152577.475308898
 242919.7849864364 5152587.374414612
 242919.2320269015 5152597.40735673
 242917.68006298365 5152607.484910997
 242918.1261078317 5152617.4732409865
 242919.57115706257 5152627.416958838
 242919.0181975276 5152637.449900966
 242922.4612555244 5152647.304394543
 242922.90730037243 5152657.292724532
 242922.3543408375 5152667.325666655
 242919.80298330277 5152677.446001301
 242920.19887762907 5152687.422699256
 242920.59305885303 5152697.413210406
 242921.9864626141 5152707.364296676
 242923.37986637457 5152717.315382947
 242924.7732701355 5152727.266469215
 242925.1674513595 5152737.25698037
 242924.562410046 5152747.286916411
 242927.95425888096 5152757.15915291
 242925.35077249404 5152767.267938721
 242925.74495371804 5152777.258449875
 242925.13991240508 5152787.288385916
 242926.53331616556 5152797.239472187
 242929.3801129477 5152806.847054899
 242927.13116310583 5152810.170060468
 242928.23871402585 5152816.886919385
 242927.8951295119 5152826.551827915
 242929.5751586935 5152836.2231378
 242929.282903626 5152846.205874816
 242929.728923202 5152856.194205935
 242929.1920808665 5152866.231770142
 242932.6880989677 5152876.067600024
 242931.190367326 5152886.153356905
 242932.68888553008 5152896.089157584
 242932.1899038375 5152906.124929065
 242932.689672093 5152916.110715145
 242932.1475190424 5152926.137352091
 242933.5362037885 5152936.089098
 242933.925647415 5152946.0797949545
 242934.3150910415 5152956.07049191
 242933.70529354783 5152966.100139904
 242934.0947371744 5152976.09083686
 242935.483421921 5152986.04258277
 242935.87286554748 5152996.033279724
 242935.2630680534 5153006.062927725
 242936.6517528 5153016.014673635
 242935.0427141863 5153026.083272681
 242937.430640053 5153035.99606754
 242938.8193247996 5153045.947813449
 242938.209527306 5153055.97746145
 242938.28991074095 5153065.96738287
 242937.28772847055 5153075.980355541
 242939.8684494035 5153085.899664247
 242939.3027433175 5153095.931895735
 242940.7351577455 5153105.877441518
 242939.1703914025 5153115.953015853
 242939.60374557448 5153125.941904487
 242939.03803948849 5153135.974135975
 242940.47045391653 5153145.919681753
 242941.9028683445 5153155.865227535
 242942.3362225155 5153165.85411617
 242941.7705164301 5153175.886347654
 242942.2038706015 5153185.875236288
 242942.6372247725 5153195.864124923
 242942.0661033296 5153205.886074736
 242943.4463156038 5153215.838999231
 242943.82725395975 5153225.830024103
 242944.20819231623 5153235.821048972
 242946.58767850723 5153245.735873093
 242945.9693429465 5153255.764998335
 242946.350281303 5153265.756023205
 242945.73194574175 5153275.785148447
 242947.112158016 5153285.738072945
 242948.49237028923 5153295.690997443
 242948.87330864577 5153305.682022314
 242948.25497308504 5153315.711147555
 242948.6359114415 5153325.70217242
 242948.0175758808 5153335.731297662
 242947.3992403196 5153345.760422905
 242951.76050691569 5153355.606729942
 242950.1073232115 5153365.66817495
 242948.4541395064 5153375.729619954
 242951.7979675376 5153385.618224815
 242950.14478383336 5153395.679669819
 242953.48861186468 5153405.568274681
 242950.83602581243 5153415.664287714
 242953.18045149656 5153425.587460605
 242953.5260724866 5153435.579769552
 242955.87049817076 5153445.502942443
 242955.21671681368 5153455.529819416
 242952.5793614869 5153465.6288242005
 242952.96038536396 5153475.619845805
 242955.33995642207 5153485.534649565
 242953.72243311643 5153495.6018890245
 242953.10418340188 5153505.631019562
 242956.48302805104 5153515.5077143945
 242955.864778337 5153525.53684492
 242957.24507580404 5153535.489757605
 242957.6260996806 5153545.480779215
 242956.0085763749 5153555.548018676
 242958.38814743308 5153565.4628224345
 242958.7691713096 5153575.453844034
 242956.1523744129 5153585.559192422
 242960.5304926537 5153595.39777833
 242961.9107901212 5153605.350691013
 242959.31197329905 5153615.45533338
 242964.71146601933 5153625.243651437
 242961.1182932435 5153635.39524251
 242962.52104574352 5153645.345015241
 242963.92379824357 5153655.294787972
 242967.3249208536 5153665.163833363
 242961.73337796849 5153675.39615178
 242962.13694541305 5153685.38628818
 242964.53888296816 5153695.295697243
 242963.9432653581 5153705.326197311
 242968.34357302333 5153715.154879036
 242963.751215193 5153725.34683378
 242963.15559758293 5153735.377333849
 242969.5542753576 5153745.125288232
 242964.9619175275 5153755.31724298
 242968.39072082756 5153765.175565107
 242966.82799348288 5153775.2514559
 242966.264317604 5153785.28380166
 242971.6949505169 5153795.054877252
 242969.1331717072 5153805.174313066
 242968.56949582783 5153815.206658826
 242974.0001287407 5153824.977734415
 242973.4364528613 5153835.010080176
 242972.8727769825 5153845.04242594
 242976.3053069647 5153854.900591585
 242974.74257961995 5153864.976482374
 242970.1826978795 5153875.18300825
 242974.61427932687 5153884.997628867
 242971.0534490515 5153895.160609715
 242972.51522631795 5153905.081797965
 242973.175550326 5153915.058253454
 242972.838057604 5153925.100752675
 242973.49838161148 5153935.077208165
 242979.14778926657 5153944.723445001
 242974.8190296265 5153955.030119155
 242977.47498709345 5153964.874487183
 242974.14404418296 5153975.115117595
 242979.79345183788 5153984.761354432
 242975.464692198 5153995.068028575
 242978.1206496645 5154004.912396605
 242976.78534021365 5154015.020939563
 242976.4478474911 5154025.063438788
 242977.1081714991 5154035.039894277
 242978.766312236 5154044.950306035
 242979.3381150784 5154054.877752758
 242979.73084277537 5154064.868321158
 242978.12511394772 5154074.937448575
 242979.35997882808 5154080.892510106
 1 102