L  643 1
 235739.91039930208 5158591.806526579
 235749.859903224 5158590.39861288
 235759.9320474686 5158591.9881913625
 235769.88155137975 5158590.580277664
 235779.87193539302 5158590.17152803
 235789.90319953562 5158590.761942452
 235799.8527034473 5158589.354028753
 235809.92484766126 5158590.943607237
 235819.87435158255 5158589.535693538
 235829.86473562563 5158589.126943903
 235839.8959997286 5158589.7173583275
 235849.80462354908 5158587.310280569
 235859.79500757108 5158586.901530929
 235869.82627171563 5158587.491945352
 235879.7757756161 5158586.084031659
 235889.76615963853 5158585.675282019
 235899.75654367037 5158585.266532384
 235909.78780778416 5158585.856946808
 235919.7373117061 5158584.449033109
 235929.72769573831 5158584.040283474
 235939.75895987204 5158584.630697893
 235949.7084637731 5158583.222784199
 235959.69884779555 5158582.814034559
 235969.6892318283 5158582.4052849235
 235979.72049594115 5158582.995699349
 235989.66999986305 5158581.587785649
 235999.66038389437 5158581.179036014
 236009.6916480086 5158581.769450438
 236019.6411519301 5158580.361536738
 236029.67241607362 5158580.951951163
 236039.6219199853 5158579.544037464
 236049.571423896 5158578.13612377
 236059.6026880195 5158578.726538189
 236069.552191941 5158577.318624495
 236079.58345606452 5158577.909038919
 236089.57384008708 5158577.500289279
 236099.523344008 5158576.09237558
 236109.55460814177 5158576.682790005
 236119.54499215502 5158576.274040369
 236129.57625627943 5158576.864454788
 236139.5257602093 5158575.456541094
 236149.5161442211 5158575.047791459
 236159.54740834516 5158575.638205878
 236169.53779238762 5158575.229456242
 236179.4872962988 5158573.821542543
 236189.51856041217 5158574.411956969
 236199.427184232 5158572.00487921
 236209.4993284776 5158573.594457693
 236219.44883237805 5158572.186543999
 236229.48009650345 5158572.776958418
 236239.4296004333 5158571.369044724
 236249.41998444556 5158570.960295089
 236259.45124856915 5158571.550709508
 236269.4007524901 5158570.142795809
 236279.43201663462 5158570.733210232
 236289.340640434 5158568.32613248
 236299.3719045575 5158568.916546899
 236309.40316870162 5158569.506961323
 236319.35267260208 5158568.099047629
 236329.34305662508 5158567.690297989
 236339.33344064708 5158567.281548349
 236349.3238246788 5158566.872798714
 236359.2324484899 5158564.46572096
 236369.2637126135 5158565.05613538
 236379.2949767473 5158565.646549803
 236389.2853607591 5158565.237800169
 236399.2757447821 5158564.829050529
 236409.2661288143 5158564.420300894
 236419.2565128368 5158564.011551254
 236429.206016748 5158562.60363756
 236439.19640077 5158562.19488792
 236449.18678479298 5158561.786138285
 236459.177168815 5158561.37738865
 236469.20843293855 5158561.967803068
 236479.2396970826 5158562.558217492
 236489.14832088252 5158560.15113974
 236499.1795850061 5158560.741554159
 236509.21084912916 5158561.3319685785
 236519.1603530613 5158559.924054884
 236529.109856972 5158558.51614119
 236539.1838542572 5158560.104403914
 236549.1738442272 5158559.686134164
 236559.08016973548 5158557.26961512
 236569.11199193637 5158557.850470025
 236579.14381413723 5158558.431324924
 236589.13380412583 5158558.013055177
 236599.04012961552 5158555.596536135
 236609.0301195855 5158555.178266386
 236618.7272838744 5158547.766124099
 236629.01011220447 5158554.34203634
 236639.04085548004 5158554.940249714
 236649.03157761687 5158554.539849229
 236658.94220958196 5158552.141052996
 236669.01302187235 5158553.739048259
 236678.96369891398 5158552.339449905
 236688.91437595568 5158550.939851541
 236698.9451431695 5158551.538648935
 236708.9358652975 5158551.1382484455
 236718.96663251033 5158551.737045839
 236728.9173095525 5158550.337447475
 236738.9080316805 5158549.937046995
 236748.93879889388 5158550.535844379
 236758.8494308487 5158548.137048151
 236768.8801980635 5158548.735845535
 236778.870920191 5158548.335445055
 236788.8616423185 5158547.935044565
 236798.81231936067 5158546.535446211
 236808.76299640097 5158545.135847846
 236818.83380870149 5158546.733843115
 236828.74444065598 5158544.335046876
 236838.81525295752 5158545.933042144
 236848.76592999912 5158544.533443781
 236858.75665212574 5158544.1330433
 236868.7473742547 5158543.732642811
 236878.73809638212 5158543.332242331
 236888.80890868133 5158544.930237589
 236898.79963080937 5158544.529837109
 236908.71026277496 5158542.131040876
 236918.7410299785 5158542.729838265
 236928.77179718306 5158543.328635654
 236938.7224742345 5158541.929037295
 236948.67315127613 5158540.529438941
 236958.7039184895 5158541.128236325
 236968.6946406175 5158540.727835845
 236978.68536274502 5158540.327435355
 236988.6760848725 5158539.927034875
 236998.6668070005 5158539.526634385
 237008.6174840417 5158538.127036031
 237018.6482512555 5158538.725833415
 237028.67901846932 5158539.324630809
 237038.62969551148 5158537.925032445
 237048.66046272486 5158538.523829839
 237058.61113976652 5158537.1242314745
 237068.60186189448 5158536.723830995
 237078.592584022 5158536.323430505
 237088.62335123628 5158536.922227898
 237098.57402827748 5158535.522629535
 237108.5647504055 5158535.122229055
 237118.55547253252 5158534.721828565
 237128.58623974634 5158535.320625959
 237138.57696187435 5158534.920225469
 237148.52763891598 5158533.520627115
 237158.5183610435 5158533.12022663
 237168.5090831715 5158532.719826145
 237178.49980529898 5158532.31942566
 237188.4905274265 5158531.919025175
 237198.4812495545 5158531.518624689
 237208.47197168198 5158531.118224205
 237218.50273888512 5158531.717021594
 237228.4534159375 5158530.317423235
 237238.48418314205 5158530.916220624
 237248.47490527888 5158530.515820139
 237258.4255823205 5158529.11622178
 237268.45634953433 5158529.715019169
 237278.3669814994 5158527.316222936
 237288.43779378934 5158528.914218199
 237298.3884708315 5158527.514619845
 237308.37919295952 5158527.114219354
 237318.36991508648 5158526.713818875
 237328.3606372145 5158526.313418385
 237338.351742945 5158525.923299121
 237348.3445244785 5158525.578094245
 237358.337306012 5158525.232889365
 237368.3300875455 5158524.887684495
 237378.288344247 5158523.543075774
 237388.24660096894 5158522.198467059
 237398.3084321455 5158523.852069865
 237408.301213679 5158523.506864985
 237418.2939952125 5158523.161660115
 237428.32130157796 5158523.815859075
 237438.3140831013 5158523.470654201
 237448.20329014905 5158520.127237804
 237458.2651213465 5158521.780840609
 237468.2924277115 5158522.435039575
 237478.216159581 5158520.091027014
 237488.27799076922 5158521.744629821
 237498.23624748 5158520.400021105
 237508.2290290135 5158520.054816229
 237518.25633537897 5158520.709015195
 237528.2491169125 5158520.363810315
 237538.2418984455 5158520.018605445
 237548.26920481096 5158520.672804406
 237558.1929366805 5158518.328791849
 237568.25476787795 5158519.982394656
 237578.2130245795 5158518.637785935
 237588.20580611296 5158518.292581065
 237598.1640628145 5158516.947972345
 237608.1568443475 5158516.602767469
 237618.149625881 5158516.2575625945
 237628.1424074145 5158515.912357715
 237638.135188948 5158515.567152845
 237648.1279704815 5158515.221947965
 237658.15527683674 5158515.876146929
 237668.14805837956 5158515.530942055
 237678.17536474552 5158516.185141016
 237688.13362144696 5158514.840532305
 237698.0918781485 5158513.495923585
 237708.05013486024 5158512.151314869
 237718.07744121552 5158512.805513835
 237728.0702227485 5158512.46030896
 237738.0630042825 5158512.115104085
 237748.02126098346 5158510.770495364
 237758.048567349 5158511.424694335
 237768.0758737145 5158512.078893295
 237778.1031800595 5158512.733092261
 237788.0269119495 5158510.389079705
 237797.98516865046 5158509.0444709845
 237808.0469998485 5158510.698073795
 237818.03978138152 5158510.352868915
 237827.96351326123 5158508.008856359
 237837.9908196165 5158508.663055325
 237848.05265079535 5158510.316658132
 237858.0109075155 5158508.972049415
 237867.93463938503 5158506.628036854
 237877.9619457505 5158507.28223582
 237887.9892521155 5158507.936434785
 237897.91298399528 5158505.592422229
 237907.90576551846 5158505.247217354
 237917.967596716 5158506.900820155
 237927.96037823928 5158506.55561528
 237937.9186349505 5158505.211006565
 237947.9459413063 5158505.86520553
 237957.9387228495 5158505.520000655
 237967.896979551 5158504.175391935
 237977.9242859165 5158504.8295909045
 237987.91706744998 5158504.484386025
 237997.84079932974 5158502.140373469
 238007.83358085246 5158501.795168594
 238017.8608872185 5158502.449367555
 238027.8881935835 5158503.103566525
 238037.91549994895 5158503.757765486
 238047.94280628386 5158504.411964452
 238057.76296368803 5158499.069740375
 238067.79027006374 5158499.72393934
 238077.88662608256 5158502.3769459855
 238087.8103579525 5158500.032933425
 238097.8031394855 5158499.687728555
 238107.83044585097 5158500.341927515
 238117.85775219608 5158500.996126481
 238127.88505858195 5158501.650325445
 238137.8087904515 5158499.306312885
 238147.7670471525 5158497.961704175
 238157.7943535176 5158498.615903136
 238167.68356057594 5158495.272486739
 238177.745391753 5158496.926089545
 238187.7381732865 5158496.580884665
 238197.69642998802 5158495.236275954
 238207.7582611846 5158496.889878756
 238217.7510427083 5158496.544673881
 238227.7092994205 5158495.200065165
 238237.7366057855 5158495.854264125
 238247.72938731898 5158495.509059255
 238257.6876440205 5158494.164450535
 238267.6113759105 5158491.820437979
 238277.74225675152 5158495.472848466
 238287.7005134432 5158494.128239751
 238297.6932949865 5158493.783034875
 238307.61702685547 5158491.439022314
 238317.64433322102 5158492.093221285
 238327.6371147545 5158491.748016405
 238337.59537146534 5158490.40340769
 238347.58815298945 5158490.058202814
 238357.54640969046 5158488.713594094
 238367.53919122633 5158488.368389224
 238377.6010224215 5158490.021992025
 238387.593803955 5158489.676787149
 238397.5865854885 5158489.331582275
 238407.579367022 5158488.986377399
 238417.6066733866 5158489.640576365
 238427.5649300885 5158488.295967645
 238437.5577116225 5158487.950762775
 238447.5504931555 5158487.605557895
 238457.543274689 5158487.260353019
 238467.50153139047 5158485.915744304
 238477.56336258797 5158487.569347105
 238487.45256962546 5158484.225930714
 238497.5144008225 5158485.879533515
 238507.47265753473 5158484.534924799
 238517.43091422546 5158483.190316084
 238527.42369575903 5158482.845111204
 238537.5200517885 5158485.498117855
 238547.47830849 5158484.153509135
 238557.5056148453 5158484.8077080995
 238567.42934672447 5158482.463695544
 238577.45665309048 5158483.117894505
 238587.4839594555 5158483.772093475
 238597.40769132497 5158481.428080915
 238607.40047286873 5158481.082876039
 238617.427779224 5158481.737075005
 238627.4205607575 5158481.391870125
 238637.34429262645 5158479.047857574
 238647.37159899343 5158479.702056535
 238657.3989053575 5158480.3562555
 238667.32263722704 5158478.012242944
 238677.34994360275 5158478.666441909
 238687.30820029404 5158477.321833194
 238697.3700314915 5158478.975435995
 238707.29376336045 5158476.6314234445
 238717.28654489445 5158476.286218564
 238727.3138512688 5158476.94041753
 238737.341157625 5158477.594616495
 238747.19583983044 5158473.251796253
 238757.32672069198 5158476.904206745
 238767.3195022255 5158476.559001865
 238777.2432341131 5158474.214989309
 238787.3050652925 5158475.868592115
 238797.26332200374 5158474.523983399
 238807.256103527 5158474.1787785245
 238817.2834098925 5158474.832977485
 238827.24166659403 5158473.488368774
 238837.2689729595 5158474.142567735
 238847.22722967074 5158472.797959019
 238857.18548636432 5158471.453350305
 238867.2473175595 5158473.106953105
 238877.30914875696 5158474.760555916
 238887.2328806265 5158472.416543355
 238897.1566125165 5158470.072530799
 238907.18391886243 5158470.726729766
 238917.14217556245 5158469.382121044
 238927.13495709645 5158469.036916174
 238937.1629256589 5158469.691646145
 238947.15592731387 5158469.352873204
 238957.11504740783 5158468.01467441
 238967.17581218499 5158469.67475318
 238977.13493227892 5158468.336554385
 238987.09405237227 5158466.99835559
 238997.05317246614 5158465.660156795
 239007.1478188045 5158468.31966142
 239017.14082045952 5158467.98088848
 239027.1338221145 5158467.64211554
 239037.1268237695 5158467.3033426
 239047.1198254245 5158466.96456966
 239057.11355201702 5158466.648651895
 239067.1079356905 5158466.353449975
 239077.07279546018 5158465.058683991
 239087.09670303698 5158465.763046145
 239097.0910867105 5158465.467844235
 239107.0559464807 5158464.173078241
 239117.10937795992 5158465.87700448
 239127.0742377305 5158464.582238485
 239137.068621404 5158464.287036575
 239147.06300507748 5158463.991834655
 239157.0869126538 5158464.69619682
 239167.02224851144 5158462.401866756
 239177.0461560975 5158463.106228915
 239187.040539771 5158462.811027
 239197.0349234445 5158462.515825085
 239207.0293071175 5158462.220623165
 239217.023690791 5158461.925421255
 239227.01807446452 5158461.63021934
 239237.01245813753 5158461.335017425
 239247.006841811 5158461.03981551
 239257.00122548448 5158460.744613595
 239266.995609158 5158460.44941168
 239276.96046892816 5158459.154645691
 239286.9843765045 5158459.85900785
 239296.94923627563 5158458.564241861
 239306.9436199389 5158458.269039946
 239316.9970514278 5158459.97296618
 239326.96191119798 5158458.67820019
 239336.95629487152 5158458.382998275
 239346.9211546324 5158457.088232286
 239356.91553831613 5158456.793030371
 239366.93944589148 5158457.49739253
 239376.933829565 5158457.202190615
 239386.89868933515 5158455.907424631
 239396.9225969115 5158456.611786785
 239406.916980585 5158456.316584875
 239416.8818403561 5158455.021818881
 239426.93527184415 5158456.725745114
 239436.9001316055 5158455.430979125
 239446.8649913752 5158454.136213141
 239456.91842285526 5158455.8401393695
 239466.88328262552 5158454.545373385
 239476.84814239608 5158453.250607391
 239486.90157387438 5158454.95453363
 239496.8659171325 5158453.64295741
 239506.8595710205 5158453.324004215
 239516.88512424065 5158454.004542108
 239526.8468787975 5158452.6860978305
 239536.8405326855 5158452.367144629
 239546.834186574 5158452.048191439
 239556.8278404625 5158451.72923824
 239566.85339368213 5158452.409776137
 239576.8151482395 5158451.091331851
 239586.84070145912 5158451.771869748
 239596.8343553477 5158451.452916547
 239606.7961099045 5158450.13447227
 239616.8535624558 5158451.814501245
 239626.87911567604 5158452.495039141
 239636.7451722369 5158448.178121593
 239646.8664234552 5158451.857132751
 239656.79627867814 5158449.539197377
 239666.78993256614 5158449.220244187
 239676.81548578636 5158449.900782075
 239686.77724034313 5158448.582337798
 239696.77089423113 5158448.263384596
 239706.79644745178 5158448.943922494
 239716.79010134164 5158448.624969293
 239726.7199565645 5158446.30703393
 239736.80930844846 5158448.986553991
 239746.73916367313 5158446.668618628
 239756.70091823 5158445.3501743395
 239766.6945721185 5158445.0312211495
 239776.78392397074 5158447.710741216
 239786.77757789046 5158447.391788021
 239796.77123177846 5158447.072834831
 239806.7329863348 5158445.754390545
 239816.7266402238 5158445.435437355
 239826.7202941118 5158445.116484154
 239836.74584733206 5158445.79702205
 239846.7076018888 5158444.478577765
 239856.73315510846 5158445.159115661
 239866.72680899745 5158444.84016246
 239876.4333689006 5158435.525789489
 239886.68110774513 5158444.268236188
 239896.63712436304 5158442.065378456
 239906.6134706465 5158440.862314065
 239916.65080591096 5158442.658629662
 239926.6474818796 5158442.455358597
 239936.62382815382 5158441.252294201
 239946.62050411408 5158441.0490231365
 239956.6375097101 5158441.845545403
 239966.63418568345 5158441.642274337
 239976.61053196504 5158440.439209946
 239986.6072079048 5158440.235938882
 239996.60388386695 5158440.032667817
 240006.6208894621 5158440.829190084
 240016.63789509915 5158441.625712348
 240026.59391170775 5158439.422854621
 240036.59058766707 5158439.219583556
 240046.58726360777 5158439.016312491
 240056.62459890055 5158440.8126280885
 240066.60094518456 5158439.609563697
 240076.57729145873 5158438.406499301
 240086.57396741805 5158438.203228236
 240096.59097301695 5158438.999750502
 240106.56731931906 5158437.796686106
 240116.56399525882 5158437.593415042
 240126.5403415535 5158436.390350645
 240136.55734717008 5158437.186872916
 240146.5743527661 5158437.9833951825
 240156.57102873758 5158437.780124118
 240166.5473750108 5158436.577059722
 240176.54405097195 5158436.373788656
 240186.5407269118 5158436.170517592
 240196.53740287203 5158435.967246526
 240206.53407882297 5158435.763975467
 240216.5307547725 5158435.560704396
 240226.50710105652 5158434.357640005
 240236.50377700652 5158434.15436894
 240246.50045295648 5158433.951097875
 240256.49712890747 5158433.74782681
 240266.47347519096 5158432.544762414
 240276.53114014058 5158435.340871347
 240286.4464974254 5158431.138426954
 240296.50416237503 5158433.934535886
 240306.43984934405 5158430.731884828
 240316.43652527643 5158430.528613764
 240326.43320124692 5158430.325342698
 240336.42987717455 5158430.122071633
 240346.4357750792 5158429.950450338
 240356.43323628724 5158429.790393572
 240366.43069751526 5158429.630336802
 240376.47618181337 5158432.469895644
 240386.4416276654 5158430.310095142
 240396.4550965865 5158431.14991024
 240406.4365501326 5158429.989981607
 240416.41800365728 5158428.830052973
 240426.41546488574 5158428.669996203
 240436.41292613285 5158428.509939438
 240446.42639503538 5158429.349754541
 240456.45587165013 5158431.189441509
 240466.45333286838 5158431.029384743
 240476.45079410664 5158430.869327978
 240486.46426300824 5158431.709143083
 240496.46172425672 5158431.549086317
 240506.427170099 5158429.38928581
 240516.40862364369 5158428.229357176
 240526.4220925555 5158429.06917228
 240536.43556147715 5158429.908987379
 240546.4170150125 5158428.749058745
 240556.41447624052 5158428.58900198
 240566.42794516264 5158429.4288170785
 240576.4093986975 5158428.268888446
 240586.40685992548 5158428.10883168
 240596.42032883738 5158428.948646784
 240606.4017823825 5158427.78871815
 240616.41525130413 5158428.628533249
 240626.39670483948 5158427.468604615
 240636.37815837437 5158426.308675981
 240646.391627296 5158427.14849108
 240656.40509620737 5158427.988306183
 240666.40255744656 5158427.828249419
 240676.4000186746 5158427.668192648
 240686.39747989236 5158427.508135883
 240696.39494113065 5158427.348079119
 240706.39240235963 5158427.188022349
 240716.38986358762 5158427.0279655885
 240726.40333250928 5158427.867780687
 240736.40079373776 5158427.707723917
 240746.3662395795 5158425.54792342
 240756.37970850113 5158426.387738518
 240766.34722424718 5158424.228934444
 240776.37261266902 5158426.092362793
 240786.37042714 5158425.956146073
 240796.3546182265 5158424.820022166
 240806.3524326975 5158424.6838054545
 240816.3502471675 5158424.547588736
 240826.3480616385 5158424.411372025
 240836.3458761095 5158424.275155305
 240846.330067196 5158423.139031397
 240856.32788165766 5158423.002814683
 240866.3393195205 5158423.866505165
 240876.323510608 5158422.730381258
 240886.321325078 5158422.594164537
 240896.31913954898 5158422.457947828
 240906.31695402 5158422.321731107
 240916.3283918735 5158423.185421595
 240926.3262063445 5158423.049204885
 240936.337644198 5158423.912895363
 240946.33545866807 5158423.7766786525
 240956.333273139 5158423.640461933
 240966.33108761001 5158423.504245222
 240976.3152786975 5158422.36812131
 240986.3130931675 5158422.231904594
 240996.297284255 5158421.095780687
 241006.29509872498 5158420.959563967
 241016.292913196 5158420.823347257
 241026.29072765575 5158420.6871305425
 241036.28854213792 5158420.5509138275
 241046.286356608 5158420.414697118
 241056.28417107894 5158420.278480398
 241066.26836216552 5158419.142356491
 241076.2934234025 5158421.005954165
 241086.304861257 5158421.869644653
 241096.2890523435 5158420.733520744
 241106.30049019802 5158421.597211223
 241116.3119280525 5158422.460901709
 241126.3097425225 5158422.324684991
 241136.2803102265 5158420.188653884
 241146.26450130367 5158419.052529973
 241156.2759391675 5158419.9162204545
 241166.24650687052 5158417.78018935
 241176.285191492 5158420.643694222
 241186.26938257948 5158419.507570315
 241196.22632689902 5158416.371632002
 241206.2650115205 5158419.235136885
 241216.23557920303 5158417.099105776
 241226.274263845 5158419.962610653
 241236.23120816637 5158416.82667235
 241246.2562694025 5158418.690270025
 241256.26770725608 5158419.553960512
 241266.22465155603 5158416.418022206
 241276.2360894319 5158417.281712688
 241286.23390390098 5158417.145495977
 241296.19084822523 5158414.009557665
 241306.2431562255 5158417.872969745
 241316.22734731392 5158416.736845828
 241326.23878516752 5158417.600536315
 241336.22297625398 5158416.464412408
 241346.220790725 5158416.328195687
 241356.218605195 5158416.191978978
 241366.19144368134 5158415.010890094
 241376.16946171282 5158413.821770514
 241386.223208788 5158416.63193402
 241396.1822945602 5158414.442993682
 241406.25497389463 5158418.252977948
 241416.27085644772 5158419.063499916
 241426.19207769542 5158414.874918042
 241436.20796024898 5158415.68544
 241446.2049105415 5158415.4961412
 241456.22079309457 5158416.306663169
 241466.17987886444 5158414.117722822
 241476.1957614175 5158414.92824479
 241486.21164397057 5158415.738766759
 241496.17072973162 5158413.549826416
 241506.20554455556 5158415.360169149
 241516.24035936972 5158417.1705118865
 241526.19944513956 5158414.981571549
 241536.1774631705 5158413.79245197
 241546.19334572405 5158414.602973939
 241556.1713637555 5158413.41385437
 241566.1683140475 5158413.22455556
 241576.12739981734 5158411.035615223
 241586.14328237044 5158411.846137192
 241596.1591649235 5158412.6566591505
 241606.17504747707 5158413.467181119
 241616.13413324743 5158411.278240782
 241626.18788032263 5158414.088404277
 241636.1469660925 5158411.89946394
 241646.12498412342 5158410.710344372
 241656.140866677 5158411.52086633
 241666.17568148926 5158413.331209066
 241676.1347672615 5158411.14226873
 241686.16958207564 5158412.952611458
 241696.14760010657 5158411.7634918885
 241706.14455039764 5158411.574193087
 241716.14150069107 5158411.384894289
 241726.13845098356 5158411.195595479
 241736.13540127556 5158411.006296678
 241746.13235156756 5158410.816997879
 241756.14823412063 5158411.627519838
 241766.08838762942 5158408.438758732
 241776.10427018302 5158409.2492807
 241786.1012204755 5158409.05998189
 241796.11710302858 5158409.870503859
 241806.0951210595 5158408.68138429
 241816.11100361258 5158409.491906249
 241826.10795390507 5158409.302607449
 241836.10490419707 5158409.113308649
 241846.10185448956 5158408.924009839
 241856.11773704263 5158409.734531808
 241866.09575507356 5158408.545412239
 241876.09270536556 5158408.356113429
 241886.08965565808 5158408.166814629
 241896.1893157072 5158408.853963585
 241906.16801588505 5158408.221198235
 241916.21000052904 5158408.586428418
 241926.12541623643 5158406.955667545
 241936.10411639017 5158406.322902201
 241945.89296309112 5158402.696150273
 241955.99823225458 5158404.059375984
 241965.97693243 5158403.426610633
 241974.58301508595 5158406.248195703
 241984.9663454782 5158407.492810789
 241995.35536098765 5158401.086313616
 242004.76490949746 5158403.449955109
 242014.95294736 5158405.725638345
 242024.85430829634 5158404.01160777
 242034.82733844616 5158403.2950056465
 242044.94370706374 5158404.573260429
 242054.7017295537 5158400.864372946
 242064.60309045948 5158399.1503423685
 242074.5761206528 5158398.4337402405
 242084.54915081104 5158397.71713812
 242094.45051170661 5158396.003107544
 242104.42354190734 5158395.286505417
 242114.46824129482 5158395.567331751
 242124.65627912298 5158397.84301499
 242134.629309283 5158397.126412865
 242144.74567788845 5158398.404667655
 242147.73758693927 5158398.189687015
 1 270