360850.027175474,5033563.37546018,25
361880.128700871,5033533.28651943,25
363632.808241791,5031311.08251676,25
363843.263813475,5030278.77069927,25
362237.222792881,5015457.20147761,25
364976.033685293,5018655.12746037,25
366422.192068856,5019005.58662725,25
338733.101691204,5048486.74838115,25
370646.520567864,5018908.43919138,25
369989.209055775,5018687.89679396,25
358260.934779696,5032030.31624599,25
357437.642286365,5030437.68214263,25
357179.137286818,5029630.02806277,25
332404.048467478,5054212.97611679,25
341697.250909382,5048071.08906231,25
343138.019860041,5042277.80668699,25
334465.162957826,5053354.23403483,25
335788.594783414,5048536.31314156,25
343995.672910332,5049923.84793732,25
343336.490566988,5051558.34765596,25
335086.379068512,5042142.11127364,25
335943.243068554,5054944.63976856,25
337685.857330954,5053297.95423365,25
352651.941518903,5040144.72807707,25
335539.482055344,5051400.32640624,25
337759.346429604,5042070.74116388,25
335503.56655572,5050524.5771923,25
328336.835314691,5053542.05335978,25
325954.046929092,5054709.72174707,25
343257.652297848,5046342.19855459,25
336318.56677519,5043700.5834805,25
336357.543151786,5043697.21811568,25
338386.368914605,5037586.69218103,25
336636.234258297,5039306.30991715,25
338421.977378194,5037564.64212595,25
342013.984207877,5051562.13527899,25
332724.714570295,5051522.39580097,25
341308.861667196,5048416.25085094,25
337234.692701512,5044313.64394228,25
339646.001231662,5046041.00201557,25
342807.164025983,5054789.48258835,25
331478.10877159,5048650.83382736,25
331929.771012917,5050198.03809823,25
328870.845147231,5049507.1809446,25
329920.45553552,5050254.32668917,25
343039.336338732,5038620.06929618,25
327409.965849328,5054764.8855388,25
330851.266012115,5056273.76660932,25
371794.596279144,5028473.06818911,25
345384.366447808,5048276.88599615,25
345929.161022289,5044292.85266333,25
345495.968587273,5042683.15413949,25
342070.268477261,5053197.33396294,25
341047.965151402,5051596.60395439,25
338667.322653423,5047808.37349246,25
352639.949308737,5039745.61544035,25
352621.594329735,5038971.62538073,25
351589.096484911,5038602.24220175,25
350991.624047105,5037666.6821991,25
336496.155712689,5042105.89888928,25
338818.825820752,5055390.24448105,25
338094.050797401,5053290.1160426,25
331520.770273043,5051861.77574003,25
331337.223920431,5052633.18631381,25
333682.45517686,5048494.08163427,25
335247.440656728,5048670.12802695,25
339581.598067807,5045380.79115233,25
338047.114932805,5046086.31362304,25
339926.641347561,5050296.52612285,25
342260.581536304,5051580.73332962,25
335522.99646204,5053341.36063898,25
337281.995204232,5048499.59108308,25
337133.150872455,5050760.71536597,25
360175.006581366,5031977.35254672,25
360470.279840587,5032621.25940426,25
363355.530196882,5031906.9335818,25
363204.626587328,5016648.75244251,25
363336.333309273,5017200.72610372,25
366053.159176856,5019006.15732216,25
357191.074821117,5030219.44128927,25
357179.445270542,5029629.69259386,25
341498.491667696,5041170.60433083,25
338332.720950729,5041283.30614922,25
335971.220231804,5053328.10412235,25
336584.364259893,5051702.73355454,25
333414.862974467,5050570.73132291,25
333089.387521605,5050172.23016171,25
336212.310574834,5051709.43990294,25
371654.348884198,5029184.4460003,25
346138.887324349,5046321.34696119,25
329527.690098691,5052423.46663428,25
330780.490432296,5052070.56810139,25
344747.344115563,5045112.98238077,25
344360.351615136,5045184.54714285,25
336984.700705628,5038446.77184027,25
337941.894637622,5051683.76951584,25
340228.871323161,5046830.81559225,25
330682.780372704,5050762.18508631,25
346202.541171764,5038775.16787614,25
344596.187035877,5038682.01817397,25
340609.590321862,5037612.9816338,25
338639.681564719,5037622.96721955,25
341729.897185537,5048989.83334714,25
371187.450512632,5029484.40927983,25
371635.347552858,5028433.41650913,25
346029.311572335,5046678.98893732,25
337153.464801973,5051134.38366022,25
342282.670788397,5049972.66245641,25
335589.344831076,5052565.99629734,25
339016.272121798,5037746.46253138,25
346666.382976206,5038877.799126,25
371163.719206036,5029499.50017171,25
371529.86516181,5029269.02067785,25
360850.176147055,5033563.87603835,25
361880.131437188,5033533.24697091,25
363632.372633749,5031311.11408798,25
363843.259526042,5030279.2207817,25
362237.222792881,5015457.20147761,25
366053.159176856,5019006.15732216,25
338732.845254511,5048485.52193153,25
370646.520567864,5018908.43919138,25
369989.209055775,5018687.89679396,25
358260.838004258,5032028.7924553,25
332397.661560435,5054215.128148,25
341697.801273894,5048071.13492465,25
343137.726729742,5042277.81724191,25
335971.179410167,5053327.59648646,25
333417.275844879,5050570.82442329,25
334465.152644067,5053354.42884956,25
335788.560882914,5048534.30240448,25
343995.648347339,5049922.57472872,25
343336.036210702,5051553.60309572,25
335085.832828561,5042140.10838775,25
337685.840918431,5053296.15906157,25
352650.740195522,5040144.76802075,25
335540.847607648,5051400.23749967,25
337759.110386567,5042068.14464414,25
335507.348195359,5050521.18316246,25
328332.955952094,5053545.51244338,25
329528.192284442,5052423.36421383,25
343256.77046154,5046342.26713376,25
344746.72553088,5045112.87486341,25
338385.439620431,5037586.35144078,25
336984.431267265,5038448.86794985,25
338421.82634885,5037563.87951138,25
342014.201308489,5051562.1466204,25
341308.827371015,5048413.90236757,25
337233.834418808,5044312.78565491,25
339645.698241209,5046042.81993606,25
342807.169956462,5054789.18012685,25
331478.090282103,5048650.90442881,25
331929.464176498,5050196.95525114,25
328860.180774379,5049507.9137912,25
329921.783185939,5050257.23254907,25
346203.335098897,5038775.23403636,25
343041.379981789,5038619.94337332,25
338639.732571334,5037622.96185047,25
327409.871537581,5054764.76974,25
330851.266717329,5056273.76704536,25
345384.372435221,5048275.64029289,25
346029.573541896,5046678.25282299,25
345929.158331813,5044291.60206552,25
345495.903271269,5042682.19145269,25
341048.078531561,5051595.20388648,25
338667.680902553,5047808.34790324,25
352641.203348588,5039745.59847262,25
352623.837015053,5038972.79298921,25
351588.745149736,5038596.4015247,25
350997.958425083,5037676.15937903,25
336498.020462537,5042103.1018019,25
338819.456453775,5055389.34556967,25
338093.96895257,5053289.24561149,25
331520.922679501,5051861.73609645,25
339583.784123338,5045380.24463844,25
338048.066517385,5046085.46776834,25
339924.827986182,5050295.74618043,25
342260.32878528,5051577.27967808,25
337941.654947458,5051680.63752029,25
341729.505481903,5048989.67013634,25
335587.906224332,5052566.85048569,25
335524.601763525,5053337.13989034,25
337282.202653304,5048506.58264959,25
337142.624461931,5050754.40434629,25
360270.966217888,5032311.86593896,25
360174.951978361,5031976.38883016,25
363355.498053453,5031906.04582312,25
363843.259526042,5030279.2207817,25
363336.333309273,5017200.72610372,25
363204.816387396,5016648.85803802,25
364976.720109002,5018655.33941975,25
366423.281077403,5019006.77021326,25
357178.472814604,5029630.75183404,25
357437.010158483,5030435.93148875,25
357437.010158483,5030435.93148875,25
357437.010158483,5030435.93148875,25
357437.010158483,5030435.93148875,25
357437.010158483,5030435.93148875,25
357437.010158483,5030435.93148875,25
357193.082386436,5030219.26718305,25
357180.723627108,5029628.32972705,25
341499.295265322,5041170.58614992,25
343137.726729742,5042277.81724191,25
338331.700568282,5041283.41952437,25
342070.049334935,5053195.0886899,25
336584.36077901,5051702.42089099,25
333088.640536524,5050167.25461176,25
371188.038006902,5029484.05025547,25
371790.836796854,5028468.99579291,25
335943.177853311,5054943.58680509,25
335943.177853311,5054943.58680509,25
335540.847607648,5051400.23749967,25
332718.811013904,5051523.34409365,25
335507.348195359,5050521.18316246,25
328332.955952094,5053545.51244338,25
329528.192284442,5052423.36421383,25
343256.77046154,5046342.26713376,25
336636.203894232,5039302.63304364,25
332718.811013904,5051523.34409365,25
340231.882418421,5046834.8303859,25
331478.110271693,5048650.90372917,25
331929.464176498,5050196.95525114,25
328860.180774379,5049507.9137912,25
329921.783185939,5050257.23254907,25
346666.230814217,5038877.74978337,25
344596.816636863,5038681.93351693,25
343041.379981789,5038619.94337332,25
340610.785754185,5037612.80736479,25
327409.871537581,5054764.76974,25
330851.266717329,5056273.76704536,25
371657.228737012,5029183.3937468,25
371636.977922035,5028433.47921793,25
346029.573541896,5046678.25282299,25
342070.049334935,5053195.0886899,25
331520.922679501,5051861.73609645,25
331520.922679501,5051861.73609645,25
331337.225451123,5052633.4943284,25
331337.225451123,5052633.4943284,25
331337.225451123,5052633.4943284,25
335248.112524281,5048670.11026037,25
333680.481014716,5048494.19709526,25
333680.481014716,5048494.19709526,25
333680.481014716,5048494.19709526,25
333680.481014716,5048494.19709526,25
335248.112524281,5048670.11026037,25
337941.654947458,5051680.63752029,25
337163.433459201,5051144.70053324,25
342282.54764395,5049970.56773229,25
335587.906224332,5052566.85048569,25
336212.799517314,5051708.26670705,25
360474.942681724,5032621.24336498,25
363355.478056078,5031906.04625756,25
336584.36077901,5051702.42089099,25
333088.640536524,5050167.25461176,25
333088.640536524,5050167.25461176,25
333088.640536524,5050167.25461176,25
333088.640536524,5050167.25461176,25
333088.640536524,5050167.25461176,25
333088.640536524,5050167.25461176,25
333088.640536524,5050167.25461176,25
330782.834174415,5052069.91299521,25
330782.834174415,5052069.91299521,25
330678.891417161,5050760.49785287,25
330678.891417161,5050760.49785287,25
371531.00219094,5029267.99735329,25
336212.799517314,5051708.26670705,25
357788.221532423,5028610.54386333,50
336991.25092175,5038487.3095206,50
338432.02868095,5037604.07096744,50
338387.179163331,5037586.99992244,25
339583.209641657,5045380.39856663,25
338047.857380783,5046085.66704749,25
337282.284256282,5048509.99956695,25
345929.165746047,5044290.40012899,25
336984.747691178,5038446.32787818,25
346664.629855924,5038877.45502067,25
346202.874858386,5038775.20571786,25
344596.434185421,5038681.98712055,25
343137.457917869,5042277.79856566,25
337232.951312219,5044311.91668569,25
340230.355042548,5046832.77721808,25
341308.800031185,5048413.15255391,25
366420.5375392,5019003.77363714,25
340609.617311926,5037612.98780491,25
343039.328988686,5038620.07984666,25
335508.195452364,5050520.43618437,25
328332.777543544,5053545.68492166,25
338639.94240116,5037622.94981852,25
337133.555924194,5050760.45754846,25
337151.196137061,5051132.2989323,25
342282.567628328,5049971.68005216,25
339645.827711972,5046042.10394789,25
341730.730714642,5048990.19148629,25
337282.417461147,5048514.96809717,25
335493.690586367,5050533.45433332,25
332711.118790854,5051524.60101025,25
331517.613319215,5051862.60881983,25
330766.546068377,5052074.48481656,25
337125.283023201,5050765.96870567,25
337161.875640248,5051142.33169077,25
337942.982166599,5051697.84904391,25
337938.742985406,5051852.67725733,25
337626.654138124,5053029.8093603,25
337677.858105002,5053008.88873954,25
338095.170015686,5053301.91226349,25
338522.65963059,5053649.76187201,25
338858.964503676,5054909.18368089,25
338874.222376949,5055314.17972113,25
338810.594863515,5055401.97232598,25
337685.948404369,5053309.00430309,25
337044.928377578,5053717.92377991,25
336778.628317963,5053870.96380682,25
335943.486589576,5054948.40988298,25
336584.50841574,5051714.78378826,25
336207.812090584,5051720.25981233,25
335575.778999217,5052574.06278704,25
335581.592159358,5052749.29407158,25
335972.046001676,5053338.24819574,25
335520.204402315,5053348.72980891,25
334460.78161549,5053368.39066252,25
334254.088681567,5053372.00917811,25
335529.545816929,5051400.98334291,25
334467.597613614,5050561.97407849,25
334280.986937171,5050447.43396442,25
333410.365146243,5050570.56778206,25
333087.467132057,5050159.15219565,25
331926.754082467,5050186.66058473,25
331477.935837032,5048643.24151198,25
330667.62519917,5050755.62087559,25
329917.297591465,5050247.55149043,25
328856.017442013,5049508.26454746,25
335234.225224358,5048670.48749365,25
334354.515996487,5048560.06140602,25
333668.581384225,5048494.90307497,25
331338.041796678,5052637.4541237,25
350966.673353555,5037234.14265271,25
350995.45462043,5037672.43130731,25
351588.863854858,5038598.31764853,25
351588.632746726,5038594.2433484,25
352622.446050748,5038972.08008606,25
353004.640853999,5039761.31371156,25
353011.126758991,5040126.90625991,25
352641.414249847,5039745.60561995,25
357170.412494829,5029640.19842003,25
357190.727304399,5030219.48146521,25
357438.95136823,5030441.33703928,25
358038.560801601,5031873.80706578,25
358260.893172211,5032029.81888331,25
363843.251735221,5030278.98882082,25
363843.230069545,5030281.26322148,25
363661.69763171,5030690.80046482,25
363658.571695836,5031095.9649398,25
363631.883403967,5031311.15957172,25
363355.557367851,5031907.96037542,25
362857.063996804,5033160.32123766,25
362861.929296632,5033160.20510127,25
362477.186043884,5033088.48469982,25
362468.628738294,5033087.86025848,25
361153.285080435,5034559.12367368,25
361880.046393852,5033534.6209962,25
361021.854625376,5033937.72805102,25
360850.893784414,5033566.25240329,25
360472.95005353,5032621.2602193,25
360270.97962468,5032312.22859071,25
360175.008946676,5031977.57107149,25
362237.738777483,5015460.44238461,25
362446.55329672,5015884.44004873,25
362898.758987783,5016382.6710907,25
363207.935012676,5016651.00335067,25
363336.165329849,5017200.71302714,25
363514.9167148,5017455.55868504,25
364216.994997086,5018244.00016385,25
364975.592365128,5018655.00165191,25
366052.050624373,5019006.16550367,25
366423.85665547,5019007.38100972,25
369765.918329478,5016346.34019845,25
369773.442648545,5017318.43113062,25
369989.112588056,5018687.84363916,25
370585.556723607,5018764.96553416,25
370645.634583894,5018908.31547758,25
346665.409700059,5038877.60356146,25
346204.521828402,5038775.34296459,25
344596.384289573,5038681.99543648,25
343415.449323631,5038931.04013387,25
343042.462470826,5038619.85602757,25
342162.783433864,5037786.57660947,25
340609.702417723,5037612.97539827,25
339833.190098805,5037901.50314449,25
339016.226297682,5037746.46445008,25
338639.140440638,5037623.03423483,25
338432.209265782,5037604.35987244,25
338388.065184774,5037587.32479608,25
337091.447255443,5038061.80013915,25
336984.486560056,5038448.35936116,25
336991.139201834,5038487.04007543,25
336636.208119359,5039303.67159156,25
337234.77314271,5044313.73852609,25
336497.62427209,5042103.71410722,25
335086.393450576,5042142.12600207,25
335006.498298682,5041741.12555289,25
335001.272033239,5041147.83435566,25
336212.167834202,5041211.39982657,25
336455.051437388,5041296.0669073,25
337513.293491495,5041430.4717035,25
337681.605904356,5041460.39649835,25
337839.413639816,5042475.97064224,25
337759.225874594,5042069.30457954,25
338332.788710815,5041283.30868191,25
339252.080943584,5041223.36966025,25
339897.925049091,5041195.20588127,25
341500.260660658,5041170.57431099,25
342423.982077005,5041701.26927118,25
342456.718629265,5041760.37690867,25
342492.134232274,5041824.32171896,25
342534.316237917,5041896.9162291,25
342685.620587766,5042182.67412967,25
342591.988163851,5042073.47493835,25
342762.745043027,5042243.86520462,25
342904.192560391,5042260.55494607,25
343138.086297373,5042277.81883526,25
371184.566895731,5029486.18321006,25
371528.849131371,5029269.94855738,25
371656.187039338,5029183.78501358,25
371634.063243878,5028433.37711823,25
371791.882036283,5028470.32336988,25
329528.356095336,5052423.34101057,25
328675.952424882,5053201.4069007,25
328330.232346548,5053547.95437933,25
328114.408394574,5053714.03277923,25
327411.254417081,5054766.48351636,25
330207.141499134,5055883.54028185,25
330852.796705389,5056274.72481406,25
331399.493469414,5056085.72250643,25
332398.309308334,5054214.92044551,25
331738.386862803,5053847.71838934,25
338666.954677377,5047808.40980194,25
339249.432759563,5047535.07456109,25
338733.183616515,5048487.06579253,25
337282.422573198,5048515.15877625,25
335496.40094568,5050531.02177991,25
331903.791542808,5054193.20452174,25
325980.039186565,5054676.75191751,25
331116.761332974,5052256.95955108,25
331868.690498542,5050416.15958304,25
331791.6945117,5049634.35308207,25
331645.009291141,5051471.30124561,25
331606.495301166,5051431.96422431,25
331553.809877592,5051377.67833263,25
329553.416769385,5050010.93207624,25
329289.650442535,5049874.94994013,25
329112.22684684,5049640.19317495,25
336529.357279271,5049881.22660475,25
336458.384570271,5050234.52185543,25
336172.798731328,5050782.81733463,25
339645.469775462,5046044.25154068,25
340232.102113531,5046835.10664605,25
341308.885636237,5048416.8548815,25
341729.066309605,5048989.49798016,25
341986.238438999,5049209.36340369,25
342282.588599029,5049972.45790059,25
342282.769872641,5049972.97582504,25
342920.714677674,5050410.75158398,25
342014.173363004,5051562.15517415,25
341527.990618698,5051104.07293996,25
339926.601874262,5050296.52003078,25
341696.950507222,5048071.0740642,25
342111.747070104,5048395.22857562,25
341102.471915097,5048904.09924124,25
341329.607153896,5048673.68311285,25
340923.482202658,5049041.55267148,25
340154.662492425,5048953.99497016,25
342940.905336303,5050720.06157777,25
343336.29272395,5051556.26872688,25
342260.449728002,5051578.93772802,25
342269.127801806,5051591.8998602,25
343213.429844497,5052371.30463968,25
341044.907594306,5051564.46894163,25
341047.96087492,5051596.81843937,25
341827.946242901,5052997.03526276,25
341961.70139159,5053076.84662649,25
345496.045599993,5042684.4369511,25
345929.171588947,5044293.11604879,25
346095.173352541,5045485.72459401,25
346095.178625283,5045485.81383046,25
346137.451243949,5046323.55787162,25
346029.311695398,5046679.02070976,25
345384.372704883,5048277.6647494,25
344924.370773304,5049173.65268175,25
344592.597226792,5049481.29602386,25
344123.659610325,5049654.3807485,25
343995.681387518,5049924.80578807,25
345587.582873053,5051099.75155247,25
345161.60859557,5045102.52478547,25
345039.550278118,5045103.8912106,25
344746.894230073,5045112.91433526,25
344359.16358228,5045186.3628605,25
343256.181325904,5046342.28955307,25
342789.705516083,5045956.89656856,25
343329.925345995,5049154.70247952,25
345143.752578281,5042393.67002072,25
336688.243406966,5051266.97062266,25
336630.045097908,5051266.87629308,25
336574.459689332,5051268.03148053,25
336520.897899717,5051300.42272997,25
336471.565787093,5051338.22692915,25
336425.469322619,5051371.54546436,25
336378.417130534,5051405.90532281,25
336263.970113265,5052516.6259681,25
337461.857717544,5051149.51340073,25
336357.650254213,5049688.07617769,25
336327.363749771,5049646.97627191,25
336296.697245271,5049605.13346603,25
336263.838911143,5049562.27878513,25
336194.566430313,5049474.29404766,25
336153.430030345,5049418.07153524,25
336125.615715109,5049379.65093802,25
336089.395222905,5049270.58231734,25
336055.131209554,5049187.90230717,25
336028.002286525,5049155.18251599,25
336000.016477287,5049114.93213739,25
335975.808197916,5049081.67759225,25
335943.758893215,5049038.74458621,25
335908.514288042,5048990.75407947,25
335879.805583094,5048952.01147458,25
334458.666262689,5048656.17126247,25
330709.144058046,5052091.67343907,25
331404.021087092,5056083.48444055,25
338018.287070706,5047414.14907554,25
338873.488806079,5048686.02343073,25
339005.82920895,5049134.69897943,25
342070.267309942,5053197.21905874,25
338087.861923762,5056322.425487,25
335945.395912019,5054968.87443281,25
336805.368230962,5053879.45767475,25
336855.41533896,5054166.53811556,25
