from_cat,to_x,to_y,dist
1,337282.417461147,5048514.96809717,2.35036567612792
2,335493.690586367,5050533.45433332,2.53563969096567
3,332711.118790854,5051524.60101025,0.0826782215871563
4,331517.613319215,5051862.60881983,0.0695315029091191
5,330766.546068377,5052074.48481656,0.00668138601320189
6,337125.283023201,5050765.96870567,1.92177081335254
7,337161.875640248,5051142.33169077,0.114713456348493
8,337942.982166599,5051697.84904391,0.103320816143819
9,337938.742985406,5051852.67725733,0.0145740620664088
10,337626.654138124,5053029.8093603,0.0917438611231754
11,337677.858105002,5053008.88873954,1.42865780005993
12,338095.170015686,5053301.91226349,0.0125521324285423
13,338522.65963059,5053649.76187201,0.0914323680446687
14,338858.964503676,5054909.18368089,0.00855731782897861
15,338874.222376949,5055314.17972113,0.0288040777820414
16,338810.594863515,5055401.97232598,0.0204994983037469
17,337685.948404369,5053309.00430309,0.0144853045986174
18,337044.928377578,5053717.92377991,0.0716746136430242
19,336778.628317963,5053870.96380682,0.181089012835831
20,335943.486589576,5054948.40988298,0.0413011003038885
21,336584.50841574,5051714.78378826,0.00702333531295318
22,336207.812090584,5051720.25981233,0.0674412218496221
23,335575.778999217,5052574.06278704,0.300174494392212
24,335581.592159358,5052749.29407158,0.254527747085412
25,335972.046001676,5053338.24819574,0.0412235858668332
26,335520.204402315,5053348.72980891,0.728865910426365
27,334460.78161549,5053368.39066252,3.83256919553906
28,334254.088681567,5053372.00917811,0.313582871150718
29,335529.545816929,5051400.98334291,0.0380984845008527
30,334467.597613614,5050561.97407849,0.0815601372964093
31,334280.986937171,5050447.43396442,0.171337061269869
32,333410.365146243,5050570.56778206,0.249216377935457
33,333087.467132057,5050159.15219565,1.03047854275987
34,331926.754082467,5050186.66058473,0.450819124384502
35,331477.935837032,5048643.24151198,0.0311260475381092
36,330667.62519917,5050755.62087559,0.0837960126921328
37,329917.297591465,5050247.55149043,0.162581690663236
38,328856.017442013,5049508.26454746,0.173403529419808
40,335234.225224358,5048670.48749365,0.286242249342902
41,334354.515996487,5048560.06140602,0.203321216659058
42,333668.581384225,5048494.90307497,1.68904083127722
43,331338.041796678,5052637.4541237,0.683051621570604
44,350966.673353555,5037234.14265271,4.99551309382666e-05
45,350995.45462043,5037672.43130731,0.397179551973012
46,351588.863854858,5038598.31764853,4.13561615614331e-05
47,351588.632746726,5038594.2433484,4.94548187860801e-05
48,352622.446050748,5038972.08008606,1.25022250836495e-05
49,353004.640853999,5039761.31371156,4.77254516900393e-05
50,353011.126758991,5040126.90625991,4.45893299376161e-05
51,352641.414249847,5039745.60561995,1.18652043621801e-05
52,357170.412494829,5029640.19842003,0.295314367758844
53,357190.727304399,5030219.48146521,0.046611708450906
54,357438.95136823,5030441.33703928,5.8423708914034e-05
55,358038.560801601,5031873.80706578,2.35126603136409e-06
56,358260.893172211,5032029.81888331,3.72122689311041e-05
57,363843.251735221,5030278.98882082,3.35378387028143e-06
58,363843.230069545,5030281.26322148,3.76768475453416e-05
59,363661.69763171,5030690.80046482,0.091429002386776
60,363658.571695836,5031095.9649398,1.13898675764465e-05
61,363631.883403967,5031311.15957172,1.8740656537119e-06
62,363355.557367851,5031907.96037542,0.0171088645997222
63,362857.063996804,5033160.32123766,0
64,362861.929296632,5033160.20510127,3.63766424577938e-05
65,362477.186043884,5033088.48469982,0.00152835066768886
66,362468.628738294,5033087.86025848,3.04983148103846e-05
67,361153.285080435,5034559.12367368,0.1281377958628
68,361880.046393852,5033534.6209962,3.63860278887823e-05
69,361021.854625376,5033937.72805102,0.121057706429206
70,360850.893784414,5033566.25240329,0.0543314216851983
71,360472.95005353,5032621.2602193,4.62097056119387e-05
72,360270.97962468,5032312.22859071,0.0206436223252357
73,360175.008946676,5031977.57107149,3.72838703058979e-05
74,362237.738777483,5015460.44238461,1.14060187795409e-05
75,362446.55329672,5015884.44004873,1.68359328071903e-06
76,362898.758987783,5016382.6710907,3.64652130250331e-05
77,363207.935012676,5016651.00335067,6.63713454912828e-06
78,363336.165329849,5017200.71302714,8.23186936237406e-06
79,363514.9167148,5017455.55868504,4.24323602109623e-05
80,364216.994997086,5018244.00016385,4.38988273492749e-05
81,364975.592365128,5018655.00165191,1.07705450150763e-05
82,366052.050624373,5019006.16550367,1.37630735895593e-05
83,366423.85665547,5019007.38100972,3.02067248948101e-05
84,369765.918329478,5016346.34019845,2.40127816685925e-05
85,369773.442648545,5017318.43113062,1.08543170820801e-05
86,369989.112588056,5018687.84363916,4.55316167340644e-06
87,370585.556723607,5018764.96553416,4.820986127108e-05
88,370645.634583894,5018908.31547758,1.18056130409596e-05
89,346665.409700059,5038877.60356146,3.88451287938184e-05
90,346204.521828402,5038775.34296459,2.17348449209793e-05
91,344596.384289573,5038681.99543648,4.15746004004779e-05
92,343415.449323631,5038931.04013387,1.78500840309743e-05
93,343042.462470826,5038619.85602757,4.56838484845571e-05
94,342162.783433864,5037786.57660947,4.82941467105931e-05
95,340609.702417723,5037612.97539827,3.82282946796663e-05
96,339833.190098805,5037901.50314449,3.81823175525055e-05
97,339016.226297682,5037746.46445008,1.02745455107726e-05
98,338639.140440638,5037623.03423483,8.91985746208209e-06
99,338432.209265782,5037604.35987244,5.54683755799614e-05
100,338388.065184774,5037587.32479608,6.04069842866941e-05
101,337091.447255443,5038061.80013915,4.35432247424588e-05
102,336984.486560056,5038448.35936116,4.80890544819781e-05
103,336991.139201834,5038487.04007543,7.47128791559375e-06
104,336636.208119359,5039303.67159156,4.14123484568644e-05
105,337234.77314271,5044313.73852609,2.76750859968439e-05
106,336497.62427209,5042103.71410722,2.65009390894157e-05
107,335086.393450576,5042142.12600207,1.89170301477821e-06
108,335006.498298682,5041741.12555289,3.80886119280325e-05
109,335001.272033239,5041147.83435566,4.82797955039107e-06
110,336212.167834202,5041211.39982657,4.7964138664673e-05
111,336455.051437388,5041296.0669073,3.05470752143388e-05
112,337513.293491495,5041430.4717035,1.07126158754604e-05
113,337681.605904356,5041460.39649835,1.27522449843279e-05
114,337839.413639816,5042475.97064224,3.00115444719527e-06
115,337759.225874594,5042069.30457954,4.47685335298005e-05
116,338332.788710815,5041283.30868191,1.27645481847324e-05
117,339252.080943584,5041223.36966025,3.96559835762834e-06
118,339897.925049091,5041195.20588127,3.38036792571384e-05
119,341500.260660658,5041170.57431099,3.23736045107786e-05
120,342423.982077005,5041701.26927118,9.38417650100163e-05
121,342456.718629265,5041760.37690867,3.3721628891452e-05
122,342492.134232274,5041824.32171896,3.11635979094048e-05
123,342534.316237917,5041896.9162291,3.07135733392676e-05
124,342685.620587766,5042182.67412967,6.41984653363767e-05
125,342591.988163851,5042073.47493835,5.37554023405165e-05
126,342762.745043027,5042243.86520462,1.14083909590765e-05
127,342904.192560391,5042260.55494607,5.09562580509894e-05
128,343138.086297373,5042277.81883526,3.81425857534935e-05
129,371184.566895731,5029486.18321006,2.1772491697949e-05
130,371528.849131371,5029269.94855738,3.06358067450404e-06
131,371656.187039338,5029183.78501358,3.55795854379351e-05
132,371634.063243878,5028433.37711823,7.94092200196298e-05
133,371791.882036283,5028470.32336988,4.23077427410468e-05
134,329528.356095336,5052423.34101057,2.06437775996614e-05
135,328675.952424882,5053201.4069007,0.0126686929749296
136,328330.232346548,5053547.95437933,3.28526554409099e-05
137,328114.408394574,5053714.03277923,0
138,327411.254417081,5054766.48351636,2.42684915314612e-05
139,330207.141499134,5055883.54028185,3.93860446134355e-07
140,330852.796705389,5056274.72481406,2.47801987683888e-05
141,331399.493469414,5056085.72250643,0
142,332398.309308334,5054214.92044551,9.57219819897434e-06
143,331738.386862803,5053847.71838934,4.75505677249317e-05
144,338666.954677377,5047808.40980194,7.46897515768852e-09
145,339249.432759563,5047535.07456109,3.72529029846191e-09
146,338733.183616515,5048487.06579253,2.83185291202604e-05
147,337282.422573198,5048515.15877625,2.00861268233243
148,335496.40094568,5050531.02177991,1.80737330172122
149,331903.791542808,5054193.20452174,1.5394993327983e-05
150,325980.039186565,5054676.75191751,1.02135809992577e-05
151,331116.761332974,5052256.95955108,1.93193691931111e-05
152,331868.690498542,5050416.15958304,2.29697578926763e-05
153,331791.6945117,5049634.35308207,8.23094209069453e-06
154,331645.009291141,5051471.30124561,2.71857885448896e-06
155,331606.495301166,5051431.96422431,2.49511032569743e-05
156,331553.809877592,5051377.67833263,2.47205294269049e-06
157,329553.416769385,5050010.93207624,3.48141121303398e-05
158,329289.650442535,5049874.94994013,1.40427355436705e-05
159,329112.22684684,5049640.19317495,3.12337673097726e-05
160,336529.357279271,5049881.22660475,0
161,336458.384570271,5050234.52185543,0
162,336172.798731328,5050782.81733463,0
163,339645.469775462,5046044.25154068,3.65143265930337e-05
164,340232.102113531,5046835.10664605,2.00044829413332e-05
165,341308.885636237,5048416.8548815,1.95047756899112e-05
166,341729.066309605,5048989.49798016,2.00162623796918e-05
167,341986.238438999,5049209.36340369,1.9263429868838e-05
168,342282.588599029,5049972.45790059,1.27226406967841
169,342282.769872641,5049972.97582504,1.38042602816856
170,342920.714677674,5050410.75158398,2.63144348986797e-05
171,342014.173363004,5051562.15517415,4.57054271217618e-05
172,341527.990618698,5051104.07293996,3.42102857105266e-05
173,339926.601874262,5050296.52003078,2.50240308146291e-05
174,341696.950507222,5048071.0740642,3.38447517830652e-05
175,342111.747070104,5048395.22857562,0
176,341102.471915097,5048904.09924124,1.61769784547e-05
177,341329.607153896,5048673.68311285,7.37574582581598e-06
178,340923.482202658,5049041.55267148,9.31322574615479e-10
179,340154.662492425,5048953.99497016,8.93404620509176e-06
180,342940.905336303,5050720.06157777,4.98118594894094e-05
181,343336.29272395,5051556.26872688,2.98530226554163e-05
184,342260.449728002,5051578.93772802,2.7579918639677e-05
185,342269.127801806,5051591.8998602,2.81743825413616e-05
186,343213.429844497,5052371.30463968,6.1181003539951e-06
187,341044.907594306,5051564.46894163,3.4549250415058e-05
188,341047.96087492,5051596.81843937,4.71194173890011e-05
189,341827.946242901,5052997.03526276,2.87929674801977e-05
190,341961.70139159,5053076.84662649,3.46592656721212e-05
191,345496.045599993,5042684.4369511,3.65945297369491e-05
192,345929.171588947,5044293.11604879,0.0134860914650007
193,346095.173352541,5045485.72459401,3.66290061733192
194,346095.178625283,5045485.81383046,3.2158041185898
195,346137.451243949,5046323.55787162,6.7844765119172e-06
196,346029.311695398,5046679.02070976,2.99171995785786e-05
197,345384.372704883,5048277.6647494,3.14153279273519e-05
198,344924.370773304,5049173.65268175,2.79986361493183e-06
199,344592.597226792,5049481.29602386,0
200,344123.659610325,5049654.3807485,4.98928126425633e-05
201,343995.681387518,5049924.80578807,4.45497275492902e-05
202,345587.582873053,5051099.75155247,2.91038304567337e-10
203,345161.60859557,5045102.52478547,1.0370378819462e-05
204,345039.550278118,5045103.8912106,1.4219671607054e-05
205,344746.894230073,5045112.91433526,3.73180032318363e-05
206,344359.16358228,5045186.3628605,0.0157261308581289
207,343256.181325904,5046342.28955307,2.56501555055735e-05
208,342789.705516083,5045956.89656856,0.422130465531833
209,343329.925345995,5049154.70247952,1.20106481908179e-06
210,345143.752578281,5042393.67002072,1.4593865171121e-05
211,336688.243406966,5051266.97062266,2.04971965633806e-05
212,336630.045097908,5051266.87629308,9.2750726745952e-06
213,336574.459689332,5051268.03148053,2.21725396272414e-05
214,336520.897899717,5051300.42272997,2.832127354989e-05
215,336471.565787093,5051338.22692915,1.97988193868344e-05
216,336425.469322619,5051371.54546436,0.744634963590341
217,336378.417130534,5051405.90532281,0.437962764066141
218,336263.970113265,5052516.6259681,3.89801521092246e-05
219,337461.857717544,5051149.51340073,1.77714042720009e-05
220,336357.650254213,5049688.07617769,0
221,336327.363749771,5049646.97627191,0
222,336296.697245271,5049605.13346603,0
223,336263.838911143,5049562.27878513,3.86052282642221e-05
224,336194.566430313,5049474.29404766,0
225,336153.430030345,5049418.07153524,7.56224262306068e-06
226,336125.615715109,5049379.65093802,6.27417708899963e-06
227,336089.395222905,5049270.58231734,8.35625377368653e-06
228,336055.131209554,5049187.90230717,0
229,336028.002286525,5049155.18251599,2.33020455407409e-05
230,336000.016477287,5049114.93213739,0.678486857918562
231,335975.808197916,5049081.67759225,0
232,335943.758893215,5049038.74458621,0
233,335908.514288042,5048990.75407947,0
234,335879.805583094,5048952.01147458,9.25550540598507e-07
235,334458.666262689,5048656.17126247,3.16611328750727e-05
236,330709.144058046,5052091.67343907,0
237,331404.021087092,5056083.48444055,3.84546060949016e-05
238,338018.287070706,5047414.14907554,3.0856100230008e-05
240,338873.488806079,5048686.02343073,5.22313413267979e-06
241,339005.82920895,5049134.69897943,2.35306694837539e-05
242,342070.267309942,5053197.21905874,3.20177687496283e-05
243,338087.861923762,5056322.425487,3.25121990462959e-05
244,335945.395912019,5054968.87443281,0
245,336805.368230962,5053879.45767475,0
246,336855.41533896,5054166.53811556,0
