cat,lcat,along,x,y
1,1,0,337336.674589479,5048347.5273831
2,1,9892.61070070443,329093.491535485,5052794.71133839
3,1,19785.2214014089,332090.086462784,5054621.07499536
4,2,0,332130.331467547,5054327.30105334
5,2,365.721838351436,331814.673413,5054143.35827007
6,2,731.443676702872,331735.729709737,5053807.35438046
7,3,0,334729.038726152,5050894.69115515
8,3,1139.30816714267,333818.182326877,5050496.63175079
9,3,2278.61633428535,333074.586787975,5050070.97224283
10,4,0,331540.479473887,5051361.67803213
11,4,2071.08487339919,331757.110486965,5049487.11297917
12,4,4142.16974679838,331236.343218017,5047608.63239715
13,5,0,331914.6163284,5051749.25928622
14,5,2489.74416341754,329938.34335075,5050294.08440309
15,5,4979.48832683508,328275.029000447,5048809.70217881
16,6,0,331106.906514256,5051979.71042177
17,6,646.872269752422,331293.976008771,5052557.47828306
18,6,1293.74453950484,331625.921791831,5053111.53818156
19,7,0,330423.399930484,5056012.49469918
20,7,635.140267862296,330394.741350601,5056646.7421864
21,7,1270.28053572459,330558.08005364,5057231.24257241
22,8,0,331091.681926108,5056217.14082616
23,8,187.889986453044,331211.591555596,5056361.78692376
24,8,375.779972906089,331330.543960995,5056507.16856672
25,9,0,332130.331467547,5054327.30105334
26,9,181.946279272011,332297.74166997,5054256.03905319
27,9,363.892558544021,332467.678715065,5054191.51983288
28,10,0,336755.55761578,5051261.6041012
29,10,1226.06059168485,336310.610830864,5052389.22789946
30,10,2452.12118336971,335852.271794145,5053480.12172069
31,11,0,335570.9669513,5052576.91999267
32,11,545.967238355499,335595.480757937,5053121.65436768
33,11,1091.934476711,335432.946134805,5053578.15413598
34,12,0,337000.41254936,5050848.85864151
35,12,2313.63098310044,335628.418986121,5052539.6409988
36,12,4627.26196620087,333773.285798962,5053645.22595077
37,13,0,337970.922390447,5051800.71717448
38,13,57.9045092021478,338012.147246439,5051841.37973016
39,13,115.809018404296,338053.372102431,5051882.04228584
40,14,0,336812.157131881,5053864.83317263
41,14,255.694619687641,336830.271011277,5054114.29319521
42,14,511.389239375281,337001.613360138,5054292.85153314
43,15,0,337642.166547163,5052950.38793961
44,15,1756.81691243649,336597.529212117,5053900.4524845
45,15,3513.63382487298,336006.671921126,5055096.84435086
46,16,0,338764.629314434,5055474.9703965
47,16,191.998434044841,338869.356518496,5055635.02849243
48,16,383.996868089682,338974.678745254,5055795.33634158
49,17,0,338546.37608439,5055806.02654437
50,17,403.805664315225,338319.235827422,5056139.8592504
51,17,807.61132863045,338017.416710695,5056312.21111812
52,18,0,338601.203294274,5056509.11414448
53,18,109.865931636848,338497.203178417,5056544.49860049
54,18,219.731863273696,338391.806364704,5056575.49905455
55,19,0,337154.687365422,5048948.26106951
56,19,5491.15120789367,337785.524550734,5053005.51800009
57,19,10982.3024157873,338685.0198089,5057424.98007482
58,20,0,336548.064281351,5049694.34497799
59,20,1460.38343372154,335967.24239343,5050985.33591958
60,20,2920.76686744309,334714.358826447,5051642.30976194
61,21,0,335784.045269043,5048589.67632254
62,21,78.4766756167071,335778.783080832,5048514.65926696
63,21,156.953351233414,335746.909363293,5048445.28980203
64,22,0,336392.499959297,5049726.93168314
65,22,2365.88799147039,335037.516888479,5048687.25870961
66,22,4731.77598294077,333067.418381931,5048540.77802428
67,23,0,327450.075600988,5053959.37911649
68,23,852.302788965073,326673.728486283,5054310.80241114
69,23,1704.60557793015,325952.579490842,5054722.7866305
70,24,0,370542.758093097,5029954.35446017
71,24,828.569405763753,371087.33109084,5029581.01633676
72,24,1657.13881152751,371773.333568276,5029129.54753897
73,25,0,370496.858983983,5028667.96677488
74,25,1650.47973886149,371861.665368961,5028662.86929856
75,25,3300.95947772299,372653.468394619,5029069.8207287
76,26,0,372653.468394619,5029069.8207287
77,26,898.377328275049,373036.144553338,5028607.37697787
78,26,1796.7546565501,372976.730238713,5027809.30604638
79,27,0,363843.323731861,5030271.4308197
80,27,5179.38200358357,362102.505014048,5033229.12489796
81,27,10358.7640071671,360174.45350935,5031967.7678722
82,28,0,344361.37437209,5041862.21143404
83,28,6915.52284510669,345660.249573929,5047251.8407573
84,28,13831.0456902134,345587.582873053,5051099.75155247
85,29,0,343995.450442889,5049905.33338614
86,29,895.941361773477,343359.768327931,5049650.64363346
87,29,1791.88272354695,342944.192790994,5049172.29628432
88,30,0,346070.5687253,5045091.42459172
89,30,2759.48713447219,344142.29267742,5045923.7702359
90,30,5518.97426894438,342165.432370668,5045974.3582292
91,31,0,338195.736876735,5037168.90847998
92,31,5752.77642795131,342973.943233746,5038419.24506982
93,31,11505.5528559026,347989.959583342,5039295.16795583
94,32,0,336636.859161019,5039351.19969781
95,32,1512.72707217874,337148.45324621,5037990.14569832
96,32,3025.45414435749,338428.828711434,5037599.28904095
97,33,0,338437.058512713,5037632.28104565
98,33,437.792760341165,338175.630843097,5037928.68746901
99,33,875.58552068233,337963.628947173,5038295.43684223
100,34,0,339697.003424598,5047945.67181846
101,34,1100.00317878377,338913.015333785,5047669.55655101
102,34,2200.00635756753,338013.547483028,5047411.94624726
103,35,0,338848.041508208,5049456.37003694
104,35,762.250837719848,338933.305768177,5048739.97887717
105,35,1524.5016754397,338660.134977247,5048083.64824132
106,36,0,339579.735414567,5050162.70793569
107,36,1560.85360072444,341033.829832327,5050729.920162
108,36,3121.70720144888,342268.119001492,5051541.35592481
109,36,0,341309.116455799,5048426.83758247
110,36,1903.42183342555,340330.157920734,5046962.54779844
111,36,3806.84366685111,339602.227703274,5045374.33175097
112,37,0,342409.879728075,5053780.90154423
113,37,935.570142049026,341935.589727415,5053035.45481779
114,37,1871.14028409805,341188.479851177,5052718.01649595
115,38,0,341188.479851177,5052718.01649595
116,38,1074.47010287704,341053.58530865,5051743.28035794
117,38,2148.94020575409,341542.096096873,5051117.81356638
118,39,0,342287.059305071,5051847.37626846
119,39,154.429971853528,342271.609035339,5051693.72111765
120,39,308.859943707055,342268.119001492,5051541.35592481
121,40,0,343478.987778047,5053001.74602998
122,40,718.049016428594,343216.191393801,5052386.67824917
123,40,1436.09803285719,342829.427082186,5051808.41116136
124,40,0,342459.096328831,5051591.72433145
125,40,98.8111062512282,342360.28526476,5051591.81563175
126,40,197.622212502456,342261.474200689,5051591.90693204
127,41,0,343337.027453779,5051563.61602496
128,41,586.52019860966,343226.882635106,5051040.52883583
129,41,1173.04039721932,342889.283687361,5050634.22759343
130,42,0,340138.586990557,5048953.22946118
131,42,753.021383995604,340867.876455919,5049031.15367039
132,42,1506.04276799121,341402.734069568,5048571.19500283
133,43,0,342108.691969435,5048314.99406415
134,43,317.390747711329,342348.696480113,5048388.64666232
135,43,634.781495422657,342665.964849056,5048379.83367182
136,43,0,341293.604252151,5047939.29121281
137,43,167.104975605002,341451.604481261,5047982.96345003
138,43,334.209951210005,341610.69729759,5048021.48702364
139,44,0,342268.119001492,5051541.35592481
140,44,512.001408991213,342447.656981898,5051074.97880286
141,44,1024.00281798243,342806.147275739,5050711.31160469
142,44,0,342806.147275739,5050711.31160469
143,44,1538.40880215408,342174.801645172,5049653.19847967
144,44,3076.81760430817,341309.116455799,5048426.83758247
145,45,0,341610.69729759,5048021.48702364
146,45,291.479187629528,341860.998336372,5048165.09749147
147,45,582.958375259055,342108.691969435,5048314.99406415
148,46,0,342409.879728075,5053780.90154423
149,46,815.17117154071,342763.686260327,5054487.96589604
150,46,1630.34234308142,342419.622333201,5055101.02713263
151,47,0,342663.188064931,5054065.8733842
152,47,747.409460461246,343030.869475352,5054610.76442721
153,47,1494.81892092249,343426.254076735,5055217.88894651
154,48,0,337323.454187702,5048382.38608811
155,48,2435.68876433343,337923.985878977,5046391.29585778
156,48,4871.37752866685,339746.338823434,5045245.26443207
157,49,0,342829.427082186,5051808.41116136
158,49,314.449010839699,342760.963582655,5051559.13958315
159,49,628.898021679398,342459.096328831,5051591.72433145
160,50,0,343478.987778047,5053001.74602998
161,50,159.159759064751,343472.289520928,5053159.96585418
162,50,318.319518129501,343586.431194077,5053264.32086718
163,51,0,338660.134977247,5048083.64824132
164,51,156.21061583975,338682.325636282,5047933.68818729
165,51,312.421231679501,338626.487471552,5047790.44439951
166,52,0,335954.646872676,5042144.63670012
167,52,1048.18547682075,336135.369877523,5043070.39893
168,52,2096.3709536415,336966.120922003,5043699.6920195
169,52,0,336966.120922,5043698.75401936
170,52,746.207455331704,337269.798199863,5044353.69997606
171,52,1492.41491066341,337805.575645234,5044799.67827427
172,53,0,337025.754330688,5043754.73822718
173,53,79.4211632918643,337042.421617978,5043677.10090399
174,53,158.842326583729,337061.448335289,5043599.99250492
175,54,0,336778.654794718,5043529.44219572
176,54,494.126917990343,337078.672351939,5043137.16891163
177,54,988.253835980685,337377.240877627,5042743.45198132
178,55,0,336610.438270216,5043372.35227377
179,55,293.071358517252,336624.770616588,5043092.02692175
180,55,586.142717034504,336762.662090231,5042839.82299706
181,56,0,336624.802771397,5043102.23033506
182,56,418.463836072368,336260.490284005,5042942.7813087
183,56,836.927672144737,336128.16039874,5042545.79165699
184,57,0,336413.365241662,5043236.38655494
185,57,509.561279858826,336317.023225969,5043700.60745546
186,57,1019.12255971765,335807.585356766,5043711.82152492
187,58,0,335940.474975712,5043708.89622408
188,58,193.734736765682,335937.148574613,5043515.19004636
189,58,387.469473531365,335933.822173514,5043321.48386865
190,59,0,335487.010108873,5043047.41703086
191,59,231.697143006885,335692.398811838,5042948.71211346
192,59,463.394286013771,335922.536670665,5042938.21951383
193,60,0,335161.451962061,5042936.12931599
194,60,438.967262280635,335514.705336058,5042675.59575134
195,60,877.93452456127,335915.65586844,5042555.18965902
196,61,0,335697.958537414,5042565.72386124
197,61,1007.1921241731,335053.958138188,5042010.72346574
198,61,2014.38424834621,334867.452913812,5041020.98334275
199,62,0,334925.588323125,5041328.27048657
200,62,217.562011465014,334749.493508222,5041455.07943209
201,62,435.124022930028,334568.470972969,5041575.76112318
202,63,0,335915.65586844,5042555.18965902
203,63,874.229796267357,336581.117501241,5042090.90338353
204,63,1748.45959253471,336669.65007208,5041323.28748021
205,64,0,334925.588323125,5041328.27048657
206,64,297.136474113363,335218.068177866,5041275.92750864
207,64,594.272948226727,335510.14220622,5041221.31206935
208,65,0,336895.119710862,5043380.9588741
209,65,627.041206812497,336841.791017664,5042776.03620295
210,65,1254.08241362499,336347.784029942,5042503.53535024
211,66,0,334592.899275067,5041155.87326298
212,66,4757.7734028422,339241.529487423,5041230.32981137
213,66,9515.54680568439,343365.091031119,5042312.78810148
214,67,0,343365.091031119,5042312.78810148
215,67,84.4810898777164,343392.120927641,5042364.706693
216,67,168.962179755433,343448.388843307,5042412.74551555
217,68,0,337848.677944194,5042516.39674733
218,68,539.275956733724,337748.715517118,5041986.98332602
219,68,1078.55191346745,337680.473816804,5041452.04339545
220,69,0,338193.218589691,5041350.23487924
221,69,45.8655514509474,338179.572187604,5041306.44647302
222,69,91.7311029018948,338165.925785516,5041262.65806679
223,70,0,337478.618298011,5044613.05024859
224,70,307.072538244436,337171.597054236,5044618.66270036
225,70,614.145076488871,336864.575810462,5044624.27515213
226,71,0,336864.575810462,5044624.27515213
227,71,168.319934473573,336702.007582329,5044627.95213419
228,71,336.639868947146,336533.69986329,5044629.97995398
229,72,0,336533.69986329,5044629.97995398
230,72,72.7496914830903,336460.964152919,5044631.40615442
231,72,145.499382966181,336388.228442548,5044632.83235486
232,73,0,336388.228442548,5044632.83235486
233,73,305.217821844838,336083.02394903,5044635.68470623
234,73,610.435643689676,335777.819455512,5044638.53705761
235,74,0,335777.819455512,5044638.53705761
236,74,363.58592898397,335436.239924556,5044514.50716593
237,74,727.17185796794,335143.563063953,5044299.44911114
238,75,0,336322.6561332,5044633.44515516
239,75,457.341368215855,335919.028326329,5044848.49333721
240,75,914.682736431709,335515.400519458,5045063.54151925
241,76,0,336388.228442548,5044632.83235486
242,76,316.808037560288,336308.324179687,5044344.61652024
243,76,633.616075120577,336294.099927184,5044028.12796863
244,77,0,336533.69986329,5044629.97995398
245,77,128.644952339383,336533.699863699,5044758.62490632
246,77,257.289904678767,336605.009274203,5044863.87498723
247,78,0,336864.575810462,5044624.27515213
248,78,298.08105499676,336645.748988206,5044448.10656518
249,78,596.16210999352,336536.552262226,5044170.74688826
250,79,0,335439.584406877,5044517.02484131
251,79,390.30120131954,335437.976936323,5044907.3227324
252,79,780.602402639081,335181.594472022,5045113.90662753
253,80,0,334557.440580277,5044274.28730944
254,80,300.82939139156,334856.749264153,5044247.61431049
255,80,601.658782783119,335143.563063953,5044299.44911114
256,81,0,366815.363036028,5019877.33231408
257,81,4076.93684884541,364044.665556633,5018014.67827339
258,81,8153.87369769081,361699.027888048,5015250.47095734
259,82,0,369756.756951582,5016085.80515964
260,82,2287.42146188677,369285.844166831,5018114.80321675
261,82,4574.84292377354,370904.958323026,5018909.53406554
262,83,0,353002.446701322,5039745.90880721
263,83,509.804384779602,352498.317430753,5039730.48472676
264,83,1019.6087695592,352237.061890864,5039360.89705393
265,84,0,350906.366594365,5037044.81952501
266,84,2590.31926233108,352010.044234262,5038909.721761
267,84,5180.63852466216,352368.556211725,5040154.16056739
268,85,0,353149.890024767,5040670.0845394
269,85,275.859459744944,353079.889551739,5040403.25430253
270,85,551.718919489888,353009.127203278,5040137.12616331
271,86,0,353524.388076159,5039820.82961663
272,86,259.031531447246,353265.446439144,5039827.65331826
273,86,518.063062894492,353006.504802129,5039834.4770199
274,87,0,342372.030217818,5052073.36260051
275,87,120.80307775294,342326.795328686,5051961.45708202
276,87,241.60615550588,342287.059305071,5051847.37626846
277,88,0,357763.201354758,5028418.03466707
278,88,2959.60224129717,357478.761987941,5030485.23256927
279,88,5919.20448259433,358656.507593575,5032761.98399003
