272904.276589506,4995848.70990494,25
270323.313432761,5000678.05902021,25
301011.346554636,4968281.16380984,25
294266.007704373,4972549.03261567,25
305456.32979214,4996762.95750887,25
287238.63506008,4980707.41181973,25
319015.324254852,4997640.25019343,25
301543.244789504,4975736.44608734,25
300007.065842313,4977906.37430977,25
308533.419107936,4991964.7348891,25
309172.445230301,4993031.9267409,25
297018.763842664,5007644.2937437,25
296271.49713677,5007877.46015253,25
303075.624223079,5004461.14163682,25
324317.755619881,4982709.64320844,25
279760.217964837,4995598.56491385,25
277204.188834807,4998926.58918408,25
276823.980721582,5000555.88502211,25
302231.482514905,4994816.25272083,25
311278.188376316,4971984.22922317,25
312254.363441017,4973601.46466952,25
312853.309655759,4975838.63793193,25
314416.897231607,4974334.91123686,25
297348.586229375,4970640.62163208,25
299062.607595066,4972423.59609882,25
295614.706794506,4990247.95413273,25
282871.749722243,4990723.39232268,25
284477.858894772,4990158.41803198,25
286284.863272225,4990560.73314611,25
287649.438435081,4990951.18275858,25
293316.534958662,4996722.83543959,25
307216.050461893,4991489.14392468,25
303407.427855237,4980257.00796874,25
302847.545101997,4981901.1718042,25
308882.850387944,4975303.99106176,25
308127.028686048,4979917.12452799,25
306594.299254911,4981903.1139622,25
294563.571897952,5003085.726116,25
308517.456898206,4989829.77623851,25
320968.162945111,4978962.96370043,25
289732.950104228,5003236.31841169,25
295832.172505724,4995838.32748367,25
322736.892897312,4983212.90006,25
316621.432606639,4992334.33789583,25
290687.581035553,4985665.91277283,25
289877.002670949,4982416.12092339,25
288974.622530761,4982795.25496873,25
290973.183022041,4988758.33716811,25
319965.800891621,4996014.12181851,25
290817.307554797,5009196.55192775,25
291556.734312255,5009734.44860508,25
292057.05077386,4978735.99140713,25
292502.880887111,4979071.44573881,25
292716.965925024,4975828.85937416,25
286258.771567137,4998099.50187687,25
312952.735021054,4979540.47607249,25
290502.015475958,4980158.04901675,25
298514.316605166,4980438.18127948,25
299680.718263328,4978815.33550944,25
296502.718443862,4999859.73090873,25
297542.526433778,4999328.51247912,25
303699.568459436,4991523.49877586,25
291356.502152114,5003191.25361418,25
291341.317669503,5003176.4210223,25
302609.543106479,5005212.0628621,25
318229.770130617,4992805.32583247,25
297991.489463344,4983661.85443727,25
310054.859677612,4976896.21272266,25
291284.046670984,4990365.01188355,25
311705.437772315,5002687.29947022,25
300782.575688691,5000172.4173996,25
300669.062728363,4999713.45530108,25
290562.466563991,4981907.58102788,25
289760.64153636,4982400.14055562,25
297374.146063821,4986924.03582735,25
298581.549614766,4982096.95615074,25
304809.517359855,4976995.44193773,25
306479.188442089,4978705.53761066,25
304598.39327341,4980227.77419565,25
301627.602780036,4988395.68852967,25
318947.039631297,4979842.24390636,25
323053.082585586,4994282.24699555,25
323223.46677734,4996700.92621538,25
312603.562899004,4984882.75995639,25
296887.725630471,4991802.06499044,25
300467.145500744,4990647.38112774,25
302093.252296452,4991121.01129723,25
304013.841483449,4994737.94068784,25
303663.288328247,4994747.27671426,25
300533.320425259,4992354.55730649,25
296399.753199982,4978933.66561439,25
311261.179410474,4986526.27405672,25
305299.735569851,4991971.91523998,25
306292.614200968,4993085.49506028,25
306911.258843267,4991850.21889562,25
295453.890090342,4985403.52895809,25
294329.042435724,4987026.56449868,25
293920.900570951,4985962.96717402,25
281464.749382315,4998763.99907944,25
281650.17033681,5000408.52042274,25
283902.477972229,4998655.8361904,25
284803.213956261,4998434.8143044,25
315178.815238679,4998887.97975875,25
305616.463927453,5001085.18822464,25
305776.302846194,5001199.37461676,25
291369.905167897,5004329.2522422,25
291777.292626497,5004793.68411871,25
292911.833672312,5002946.15925235,25
292910.988054776,5002558.32912271,25
322440.395415997,4989445.97501087,25
319365.934581488,4987940.77595932,25
319639.308149373,4986664.91494744,25
316739.097534849,4989626.3364978,25
319226.811987381,4973898.9477685,25
301781.711860187,5004496.36558661,25
294737.377586244,5008932.12555033,25
293161.567579817,5009904.18479285,25
321058.245215261,5005487.65345262,25
320129.103077379,5001199.74492515,25
318529.757749982,5001627.57116757,25
320092.017057785,5000853.33170456,25
294446.598186739,5000680.26206968,25
294703.329456294,5001483.77562823,25
295701.091983498,5001494.7244553,25
321298.437909052,4973370.42448752,25
300844.836381826,5001680.22129012,25
299312.449152409,5002770.96247981,25
300191.459070048,5004536.96568629,25
299553.895298381,5002946.18564746,25
301038.128045052,4998080.8667269,25
301608.99902125,4996444.01474639,25
311310.783422796,4978477.1669615,25
313814.775572823,4983236.59712527,25
323806.772069615,4990636.75332514,25
323644.211833347,4991062.88906146,25
327196.053832639,4982892.66010581,25
324396.323401571,4985116.62532179,25
293808.955622156,4982830.16843169,25
293785.59491223,4982230.46898028,25
292153.782252144,4981526.50491548,25
303794.143064197,4993668.53611558,25
302189.362480689,4993588.61236928,25
303264.105476582,4994762.67460048,25
322537.485195673,5004122.19595943,25
297619.595875769,4975654.19103949,25
297903.776056144,4986903.98024241,25
313316.771993919,4999427.9110231,25
315244.883513773,5000568.06945318,25
313600.480716918,4998208.22640151,25
327859.626681029,5004683.45853405,25
328224.290518941,5003145.95725375,25
329354.103469777,5001449.10698418,25
300338.651255631,4986841.18634228,25
302635.246882312,4978685.04001397,25
300770.924773982,4983565.68236649,25
300703.255499192,4986808.48895821,25
308752.26964805,4981755.10852528,25
318769.338617669,4981475.08351432,25
318538.179360232,4981480.2101717,25
295936.515180509,5003026.65132072,25
322692.032126735,4968413.9957577,25
321490.878191351,4971851.49325947,25
304013.078858262,4974061.30763624,25
313579.801376474,4981631.14433382,25
322134.261009017,4992695.96035547,25
321540.496229797,4994371.78416872,25
288345.406168318,4985626.88505784,25
299709.489967943,4971583.03087382,25
299216.660134553,4972404.33385513,25
299907.765293347,4973930.43785259,25
308350.436284048,4986969.2229455,25
308319.713381759,4986605.15688712,25
308229.152083058,4982674.33077801,25
305745.037327144,4985037.17842164,25
306663.519689696,4983981.88351089,25
290321.858012695,4992021.85375731,25
291471.042864409,4995175.97769463,25
291032.973809357,4996003.93766128,25
291993.105597567,5000012.10438402,25
294631.896633598,4996671.73313108,25
309837.761414231,4982662.8360407,25
290200.098498226,5000074.70551952,25
289588.050398893,5000315.23394373,25
287991.160131737,5000678.33087259,25
312908.554430223,4992957.82710065,25
311979.950996599,4991368.0455456,25
313439.704854667,4993756.38193601,25
311883.405073922,4995390.95997952,25
325669.767688452,5000508.34677431,25
325007.58100174,4997502.66771853,25
326399.918059205,4997096.28756867,25
305171.240059512,4988221.18884366,25
300360.93823673,4987498.60217365,25
302696.294764394,4984995.77917319,25
302637.985467884,4983499.48167097,25
305050.024092273,4983679.64451499,25
326713.617483041,5006744.92405284,25
323468.202744258,5004938.13070028,25
321527.433519956,4973364.25007661,25
321519.591594415,4973072.01567985,25
321513.558506875,4973347.63885201,25
310321.440413386,4996745.17539101,25
317718.653056973,4989586.1028356,25
319729.757384397,4988829.77751351,25
325979.850552432,4983391.9499552,25
325361.562565311,4982935.95226753,25
308886.446356676,5002010.01046414,25
315179.558180503,5002602.124417,25
315334.479960461,5002724.75057094,25
310656.041848226,4988155.10180752,25
310404.571332384,4989773.23196993,25
310003.113458403,4988407.43246132,25
306739.011336072,4986924.03554379,25
305788.270129436,4988282.14829692,25
322642.454634405,5004162.01265267,25
291151.452799967,4980749.33012157,25
289788.693483182,5003247.3926301,25
290755.033059942,5003212.51279396,25
318435.135169402,4976655.21191117,25
321837.032734042,4979777.77476509,25
324009.238106422,4981351.00587783,25
276709.166176815,4997409.23201941,25
278272.445680019,4995712.14453049,25
292525.784511181,4992281.15499534,25
294190.647399124,4993936.21882139,25
322713.056044742,4982508.94223993,25
285666.268643376,4996990.48389303,25
316493.773747044,4991243.21467649,25
316593.583564144,4991279.79674143,25
293154.360443442,4987062.25341268,25
289560.414974977,4999697.60428775,25
287890.51014368,4998570.09293097,25
294038.156503048,4988643.30404054,25
311936.954958117,4996757.84477125,25
313184.769415965,4996196.09628694,25
313855.014840755,4996177.65986072,25
316899.138461629,4996087.5361999,25
310967.317819697,4996239.85430721,25
314513.265618591,4979055.95015571,25
297135.89948583,4978906.72074501,25
297246.428504513,4977286.05897208,25
296765.3100442,4977518.84966918,25
296382.328865653,4998248.1476825,25
295053.343461242,4996662.63390953,25
318057.972471738,4987565.08323591,25
287296.182590727,5000175.93108969,25
288225.14352149,5000138.26743105,25
324783.586873828,4996877.75179969,25
324747.35800588,4995927.96283249,25
303615.780573494,4988306.68320418,25
301988.724493976,4987978.19761518,25
320680.913086688,4991294.29731777,25
321087.270601148,4992724.6019345,25
273072.612647996,5002292.45304717,25
275601.281304675,4998961.13671112,25
294865.613197142,4995055.69743207,25
323440.261670913,5003744.70725961,25
292027.950344781,4990339.58462417,25
294107.636287759,4991053.06508482,25
307195.363007379,4999906.04149743,25
310390.499653727,4998713.22364071,25
311993.350578091,4998381.5941786,25
326508.35531123,5000684.08335046,25
317204.366260373,4973477.00119593,25
317666.401947569,4975603.26806089,25
317002.250260703,4975090.54651271,25
304618.60920705,4977007.22309283,25
296490.162988881,5006253.92357112,25
299413.829886282,5005641.24301661,25
322822.088342895,4985443.88429176,25
324372.528159259,4984460.11020924,25
322975.979494215,4995398.75537243,25
322830.973214456,4995902.55577177,25
287645.081198471,4985655.13595961,25
288348.63763736,4984008.31867847,25
300619.398209966,4994549.73050163,25
303831.505251293,4994728.83143263,25
316954.081253299,5002911.20148833,25
296107.093746894,5003002.05871254,25
307979.864744665,4974897.47817591,25
305562.231846567,4975092.14634011,25
321494.081923759,4992737.45316739,25
297201.190192895,4989123.05790025,25
323472.689869586,4999112.18377639,25
323219.266595234,4997506.86695201,25
322026.52543106,4999164.46460267,25
316657.527283645,4988013.49729005,25
314887.221913416,4989119.73097048,25
313402.401701052,4989709.63769324,25
314970.045780303,4991666.21669485,25
309426.85668059,4997887.17964469,25
318216.953106746,4991712.6243692,25
321427.578192847,4990955.32742126,25
318171.605447857,4990384.42317608,25
297085.784438089,4993367.48195328,25
299007.800502059,4994389.96295343,25
319282.998596463,4975840.41206938,25
320969.671450331,4979010.53833302,25
318571.118958968,4979854.44131015,25
286239.64129702,4996962.55762899,25
295921.875578286,4999873.43314575,25
316099.526571996,4979919.36416726,25
317763.93354716,4979561.18194045,25
317823.945542169,4981263.61927798,25
316155.200285691,4980131.83089427,25
271956.601410383,4997502.6136647,25
271976.076040759,4997970.01970553,25
301342.229090254,4968727.75899115,25
294265.58580626,4972026.42143405,25
287251.572460529,4980692.13018747,25
299660.487390311,4983601.20044896,25
327613.226670791,4984500.64139116,25
325158.751789282,4984558.90775809,25
302700.943854293,4973846.11952973,25
301822.702502476,4975495.84534527,25
300103.862947735,4977179.01811139,25
308384.855410676,4988236.23819492,25
312212.704106323,5001081.47633505,25
308510.640476791,4991350.81036345,25
307887.131801926,4991464.6246382,25
308585.762771416,4991438.36861584,25
308545.103935454,4992283.78271107,25
297296.986198143,4982139.80040167,25
321382.5789551,4989685.479209,25
318270.347760581,4972791.66172153,25
316115.697385132,4978717.51757803,25
303325.060266626,5002836.97784427,25
278315.078825679,4996808.71468187,25
314605.476492041,4981735.17730169,25
322851.302604371,4986203.57754802,25
300795.875615416,4994848.6886207,25
302636.402492655,4994787.67294638,25
296719.872406072,4988570.02689365,25
312503.964574339,4975209.07188794,25
311904.213011672,4973306.83163847,25
314041.794385531,4975171.35828877,25
321056.245102546,4981406.73466537,25
317887.085587257,4983165.47778731,25
319850.32168859,4983079.85022471,25
318697.338650697,4984726.41592827,25
317660.883538908,4986366.85319302,25
321489.045064885,4971678.80045149,25
313988.669423646,4981119.77068016,25
297263.018311238,4970890.09588983,25
290226.27884687,4990406.06807896,25
289056.161786334,4990454.16239835,25
286018.430825671,4990531.3552084,25
289229.819149826,4990251.50224426,25
294278.402892769,4996328.67367015,25
292223.953174621,4998389.02149623,25
311854.278703736,4994560.66447156,25
324377.928253728,5000721.97275362,25
303115.639677313,4985097.75121787,25
303330.178407854,4980336.40147015,25
322660.781509566,5004950.18359035,25
325068.229277424,5006559.26950812,25
314803.851886776,4981636.39840347,25
307863.483169787,4980160.7241868,25
306722.580497935,4981792.70333888,25
305681.479035099,4983422.1685823,25
294533.447898389,5003112.80652377,25
316103.791859627,4978143.4276871,25
317729.063513665,4978620.4629088,25
322549.219347112,4977450.2002395,25
321686.523226641,4978191.56398053,25
316642.10259134,4993122.61193849,25
295775.753016589,4994121.46223927,25
322566.261164265,4978174.95359571,25
322999.387198381,4982995.0084633,25
322342.879433383,4986407.70058811,25
290613.695796701,4983216.70100411,25
290648.512100464,4984185.95815379,25
290524.940045567,4985539.9980475,25
290718.121337976,4983912.54392704,25
298597.909690995,4982901.81358986,25
299935.461748145,4973945.26858159,25
308906.404592907,5002516.76546235,25
291279.191841173,4977501.16836955,25
290597.219286524,4977163.28411846,25
324921.099857331,5001212.2551908,25
326044.037900586,4985022.96665012,25
327618.765495364,4983700.48186202,25
297928.685008488,4980495.54833056,25
319825.849664987,4991432.78043345,25
318707.886077409,4994409.31686797,25
318239.792620878,4992412.47173485,25
299397.515854734,4993283.43687947,25
290864.143118084,4990811.0747192,25
310524.432946187,5002514.23159886,25
302401.782989258,5000310.77063686,25
300765.400226549,4999619.91564349,25
297604.798002599,4985296.1719284,25
298597.479823887,4982890.26436303,25
305258.404428119,4976993.71208738,25
304986.421057707,4981239.97944618,25
302045.988455294,4989671.08554913,25
319377.252057954,4979848.20357592,25
323146.6179936,4994079.21699303,25
313888.532627,4984850.49503131,25
313106.503544754,4984377.62993329,25
298862.914459287,4990870.76619584,25
297279.343381071,4991590.95169464,25
303206.04829362,4991552.01671608,25
311563.562361314,4986545.89007756,25
303724.982315304,4991728.75067646,25
306657.335991936,4993079.28563154,25
295418.764307324,4984151.82403701,25
294413.643947708,4985409.36376356,25
293943.481354026,4986574.6248666,25
281507.130359351,4999795.99194046,25
281585.066584413,5000375.71945939,25
282160.33561163,5000351.69556503,25
283233.935313879,4999789.32239067,25
316843.93796287,5000040.0852328,25
307259.656099848,5001758.26297435,25
326252.909945685,5000707.17963618,25
324881.476724203,5000178.96781085,25
322183.192440109,4989479.06149935,25
321276.314485192,4989513.36818944,25
321294.133462446,4987696.53157876,25
319503.744037808,4973421.74314348,25
315784.290855698,4978311.24305567,25
301314.493997015,5002894.42087422,25
319741.044276698,5005413.87174046,25
319683.781534805,5005640.8998772,25
318316.167667424,5002499.47994303,25
320110.514155368,5000667.05302597,25
299206.101226196,5001163.29646232,25
299921.207705201,4999931.64147355,25
293688.628629703,4982219.95637922,25
291535.821282637,4981158.93041984,25
298373.686357676,4974003.39343885,25
313644.069349961,4999551.96775098,25
328973.503747066,5001395.0211252,25
328763.761327816,5001477.90061313,25
303245.223939617,4978081.43536774,25
301680.861668251,4979367.73381559,25
301401.594258718,4981991.20149986,25
300295.126277614,4985203.70083148,25
319449.022077838,4981737.8450934,25
318422.248874961,4983117.7471827,25
317998.246778476,4986348.81969225,25
318793.822293343,4984159.51165128,25
319508.985350412,4983193.62871519,25
319465.212298275,4982157.19436895,25
294578.882544826,5004464.54936746,25
321597.608856392,4970051.51624607,25
304744.935966352,4974590.68351507,25
303840.031690434,4973811.54755073,25
304889.791752706,4974915.22152195,25
304579.4850828,4975397.57661145,25
299809.377202358,4970767.27002929,25
309972.638469479,4987368.55091479,25
307648.209109528,4983380.03815579,25
305169.454258782,4985055.05193275,25
307165.481373337,4983644.5141861,25
323235.034048693,4997068.24990423,25
291860.139063555,4991961.51703492,25
291093.835342314,4993570.35312317,25
309805.681781409,4981686.26225795,25
311388.441776262,4980889.3491784,25
289834.2371592,5000088.64221361,25
311686.375919854,4994605.5300461,25
313019.78121761,4994577.90579876,25
299694.160340952,4988460.5619268,25
303445.501049439,4983494.41814051,25
321502.811500185,4972270.34146086,25
304758.231055085,4975131.50535984,25
316972.559788853,5003791.74556585,25
310481.181703613,5001380.07134958,25
307581.456730292,4988238.9501022,25
322645.665321419,4980469.54287526,25
317150.972269493,4992837.53670878,25
276810.933213416,4997321.81219558,25
278350.501723282,4995647.89182446,25
292686.281742706,4993515.51262287,25
322644.925409068,4978150.50968687,25
300566.692322444,4993028.32182766,25
313779.127364837,4981271.35196169,25
320389.542502124,4987919.00918262,25
322081.642815457,4987047.45108319,25
316579.567409316,4990935.52133434,25
292384.154258058,4988419.77435716,25
287578.58443209,4998551.6507289,25
294022.411603185,4988213.95450592,25
313528.058927923,4996095.34147224,25
315104.27724442,4996166.64911129,25
318365.928797865,4996848.90072435,25
313594.158005998,4980958.64295974,25
313600.650663721,4980292.88820681,25
297125.211208841,4978496.0655503,25
295858.225464568,4996738.78195039,25
287953.889295683,4999811.87441169,25
303592.780993231,4987824.58625458,25
273680.749720095,5002000.44733901,25
275190.7054016,4999349.38100134,25
296219.930136517,4993396.34519063,25
292476.448488062,4990726.45220836,25
307552.674634602,4999547.64523719,25
308776.373820059,4998833.61110481,25
327637.589219294,5002136.29867785,25
322945.033524301,4986216.53754735,25
287476.734994121,4985882.21060637,25
317847.889977848,5004179.07363836,25
297144.304993704,4987301.87683348,25
323437.83097561,4997505.22370078,25
316460.760470182,4988038.954337,25
314560.202076,4991294.9589185,25
313668.035004886,4988087.788947,25
319798.279986929,4990606.34513611,25
297364.826029931,4993513.96218831,25
295568.287387386,4998275.68149101,25
316146.088008941,4979881.69931717,25
271609.979472496,4999123.21763308,25
287370.602560311,4979207.06452969,25
325718.394387131,4984542.2598441,25
302307.377819882,4974361.64090486,25
307982.42380556,4999221.737769,25
315835.790627004,4978712.14324022,25
278159.005345078,4997272.7624643,25
320362.120464896,4981424.62259317,25
292702.46815581,4997504.05203028,25
310837.42891132,4981662.50668954,25
318266.209804028,4993209.32759336,25
304956.140964908,4981128.05616223,25
319652.699137592,4979829.85281375,25
299807.985097484,4990088.32930499,25
301269.241821411,4980379.72172572,25
299107.073160878,5001397.39322206,25
304292.876752737,4977013.67177807,25
300296.211764133,4985240.39785962,25
300530.668154455,4986098.55852399,25
321471.048444585,4970622.66072915,25
321487.91693648,4971605.87389188,25
313640.9199686,4980882.35257488,25
299797.006636404,4971028.55259169,25
310282.177022715,4986549.68706407,25
290969.351241812,4993501.79633523,25
309403.301828945,4981741.15300666,25
302657.914003988,4983498.75233172,25
312084.75585332,5000994.14898706,25
292547.782430828,4992938.1502201,25
292163.397943063,4988717.03478256,25
313548.176160467,4980023.05694543,25
295887.530968857,4997793.9141726,25
274602.70443839,5000605.42439669,25
326534.216873039,5001279.21228965,25
314591.65116025,4986444.52941902,25
320558.153033505,4979672.71837251,25
288466.108187575,4977574.70849596,25
287263.1435455,4980691.53448729,25
320030.1127935,4979822.13236466,25
320440.486308576,4979808.77711908,25
300592.235732566,4986153.97160133,25
300621.251980419,4986178.72648771,25
300785.885708881,4986309.28211169,25
300875.164334224,4986384.66196752,25
300944.418945775,4986490.52791501,25
300944.263615449,4986496.24255144,25
300896.912516956,4986597.05646463,25
272904.276589506,4995848.70990494,25
271976.199088442,4997970.11568257,25
301342.229090254,4968727.75899115,25
294265.585798572,4972026.4214349,25
305456.32979214,4996762.95750887,25
287238.729976025,4980709.17641432,25
319015.324254852,4997640.25019343,25
301543.244789504,4975736.44608734,25
300007.113302543,4977906.37500451,25
308545.103935454,4992283.78271107,25
309172.445230301,4993031.9267409,25
297018.754150474,5007644.31132814,25
324321.667560169,4982709.39749724,25
279760.217964837,4995598.56491385,25
276823.954622381,5000554.25375744,25
302231.482514905,4994816.25272083,25
311278.165575783,4971981.97292816,25
311904.997232875,4973307.38694897,25
297263.018311238,4970890.09588983,25
299062.607595066,4972423.59609882,25
295614.706794506,4990247.95413273,25
284477.858894772,4990158.41803198,25
287649.438435081,4990951.18275858,25
307216.050461893,4991489.14392468,25
303407.403019634,4980257.00852957,25
302847.545101997,4981901.1718042,25
314805.488494659,4981633.78762778,25
308882.830391751,4975303.99147803,25
308127.028686048,4979917.12452799,25
305681.501786604,4983422.1680134,25
308517.436813284,4989829.77665022,25
315835.790627004,4978712.14324022,25
320969.479616088,4978963.23581672,25
289732.950104228,5003236.31841169,25
316621.432606639,4992334.33789583,25
290687.430895163,4985665.89378964,25
290524.937773157,4985539.96599854,25
290613.695796701,4983216.70100411,25
289877.002670949,4982416.12092339,25
288974.622530761,4982795.25496873,25
290973.180831599,4988758.29116613,25
319965.804896117,4996014.12181526,25
290817.269964854,5009196.46126903,25
291556.734312255,5009734.44860508,25
290596.714793728,4977163.41430598,25
292056.629477527,4978736.0186411,25
292502.799036209,4979070.90005501,25
292716.94577557,4975828.86016841,25
286258.771567137,4998099.50187687,25
324377.766198359,5000716.62443229,25
312952.735021054,4979540.47607249,25
325161.497759901,4984555.80129378,25
325718.064503711,4984541.43259866,25
327621.742196911,4983700.44323916,25
290502.641815601,4980157.9951802,25
298514.316605166,4980438.18127948,25
299680.718263328,4978815.33550944,25
296502.718443862,4999859.73090873,25
297542.526433778,4999328.51247912,25
303699.568459436,4991523.49877586,25
291341.317669503,5003176.4210223,25
318229.789097824,4992805.28407054,25
297991.510282859,4983661.85272013,25
310054.859677612,4976896.21272266,25
302401.782989258,5000310.77063686,25
300765.400226549,4999619.91564349,25
290562.466563991,4981907.58102788,25
289760.620934185,4982400.14111958,25
297374.146063821,4986924.03582735,25
298581.549614766,4982096.95615074,25
304809.517359855,4976995.44193773,25
306479.188442089,4978705.53761066,25
304956.140964908,4981128.05616223,25
301627.602780036,4988395.68852967,25
318947.059715871,4979842.24324265,25
296887.725630471,4991802.06499044,25
298862.914459287,4990870.76619584,25
300467.145500744,4990647.38112774,25
302093.252296452,4991121.01129723,25
304013.841483449,4994737.94068784,25
303663.288328247,4994747.27671426,25
300533.214660884,4992354.55940099,25
296399.753199982,4978933.66561439,25
303724.982315304,4991728.75067646,25
306292.6145784,4993085.49563878,25
294413.910698264,4985408.83606698,25
294329.042435724,4987026.56449868,25
293920.900570951,4985962.96717402,25
281464.769371266,4998763.99839229,25
284803.213956261,4998434.8143044,25
315178.815238679,4998887.97975875,25
305616.463927453,5001085.18822464,25
291369.905167897,5004329.2522422,25
291777.292626497,5004793.68411871,25
292911.833672312,5002946.15925235,25
292910.988054776,5002558.32912271,25
316739.077436557,4989626.33703434,25
294737.377586244,5008932.12555033,25
293161.567579817,5009904.18479285,25
319741.598962515,5005414.7452609,25
321058.245215261,5005487.65345262,25
320129.103077379,5001199.74492515,25
320092.017057785,5000853.33170456,25
294446.598186739,5000680.26206968,25
294703.329456294,5001483.77562823,25
295701.091983498,5001494.7244553,25
300844.836381826,5001680.22129012,25
299206.101226196,5001163.29646231,25
299312.449152409,5002770.96247981,25
300191.459070048,5004536.96568629,25
299553.915290672,5002946.18506289,25
301038.128045052,4998080.8667269,25
301608.99902125,4996444.01474639,25
311310.783422796,4978477.1669615,25
313814.795573787,4983236.59674546,25
323808.124575514,4990636.70614578,25
323636.660146873,4991049.87179876,25
327196.039483659,4982891.47305962,25
324398.485693174,4985115.85530425,25
293808.955622156,4982830.16843169,25
293688.603796117,4982219.95823517,25
291535.821282637,4981158.93041984,25
303794.143064197,4993668.53611558,25
302189.362480689,4993588.61236928,25
303264.105476582,4994762.67460048,25
322537.957234863,5004123.56453844,25
297903.776056144,4986903.98024241,25
313644.069349961,4999551.96775098,25
316843.93796287,5000040.0852328,25
313600.480716918,4998208.22640151,25
327859.576038662,5004683.92063059,25
328227.434266052,5003145.93062208,25
328973.488551227,5001395.02781694,25
329354.237288831,5001449.44004438,25
300338.651255631,4986841.18634228,25
302635.246882312,4978685.04001397,25
301269.221835107,4980379.7225042,25
300770.945442027,4983565.68169454,25
300703.255499192,4986808.48895821,25
308752.26964805,4981755.10852528,25
320362.120464896,4981424.62259317,25
317887.062804074,4983165.46504561,25
318538.179360232,4981480.2101717,25
321595.73647611,4970055.48170333,25
322692.023428105,4968413.87835437,25
321479.92012776,4971852.44809948,25
304013.078858262,4974061.30763624,25
313579.801376474,4981631.14433382,25
321540.496229797,4994371.78416872,25
288345.406168318,4985626.88505784,25
299796.987094961,4971028.55326085,25
299216.660134553,4972404.33385513,25
299907.880218398,4973930.43397532,25
308319.713381759,4986605.15688712,25
305169.454258782,4985055.05193275,25
290321.858012747,4992021.65288601,25
291471.042864409,4995175.97769463,25
291032.968376954,4996003.93784755,25
291993.085607723,5000012.10502542,25
294631.872535355,4996671.80716903,25
309837.741787587,4982662.83647445,25
290200.07851329,5000074.70631476,25
287991.160131737,5000678.33087259,25
311854.278703736,4994560.66447156,25
311979.950996599,4991368.0455456,25
313019.78121761,4994577.90579876,25
325007.554893739,4997501.270775,25
326398.628967057,4997096.28756804,25
305171.240059512,4988221.18884366,25
302696.294764394,4984995.77917319,25
302638.005687233,4983499.4809382,25
302657.937826421,4983498.75140308,25
325068.576941214,5006559.27491528,25
323468.202744258,5004938.13070028,25
321504.717779985,4972959.63427104,25
321512.830914491,4973347.62152714,25
317718.633063145,4989586.10365614,25
319729.757384397,4988829.77751351,25
325965.063533114,4983484.68077502,25
325363.659860753,4982927.11377874,25
310481.181703613,5001380.07134958,25
315334.479960461,5002724.75057094,25
310404.551329957,4989773.23250171,25
306739.011336072,4986924.03554379,25
307581.436760667,4988238.95120657,25
322644.489831962,5004161.22253646,25
291151.449175317,4980749.30720324,25
318435.135169402,4976655.21191117,25
276710.819288424,4997407.94370977,25
291860.139063555,4991961.51703492,25
294192.096079702,4993936.27676657,25
322713.055422623,4982508.92221881,25
300566.554982032,4993028.32306494,25
285666.248647109,4996990.48428403,25
316493.773747044,4991243.21467649,25
316593.583564144,4991279.79674143,25
292384.154258058,4988419.77435716,25
289560.414974977,4999697.60428775,25
287578.60449807,4998551.65002339,25
311936.954958117,4996757.84477125,25
310967.317819697,4996239.85430721,25
314513.265130761,4979055.93006105,25
297246.420932768,4977286.10544702,25
296765.3100442,4977518.84966918,25
296382.328865653,4998248.1476825,25
318057.972471738,4987565.08323591,25
287296.162607047,5000175.93189847,25
288225.121624398,5000138.26825833,25
324783.169211334,4996877.75179956,25
324748.237359752,4995927.95236596,25
303615.780589492,4988306.68394286,25
303592.780993231,4987824.58625458,25
295775.753016589,4994121.46223927,25
294865.613197142,4995055.69743207,25
323439.99282699,5003744.81016329,25
292027.950344781,4990339.58462417,25
307195.363007379,4999906.04149743,25
310390.499653727,4998713.22364071,25
311993.350578091,4998381.5941786,25
326252.749844674,5000703.41916168,25
326507.672982551,5000684.08910767,25
317002.226596693,4975090.54734885,25
304618.60920705,4977007.22309283,25
296490.138788517,5006253.92434768,25
299413.829886282,5005641.24301661,25
322822.087018574,4985443.86433307,25
322975.851832652,4995396.45733147,25
322830.953153256,4995902.55621474,25
287645.081198471,4985655.13595961,25
288348.63763736,4984008.31867847,25
300619.311826162,4994549.69429269,25
303831.505251293,4994728.83143263,25
316954.081253299,5002911.20148833,25
317847.889977848,5004179.07363836,25
296107.093746894,5003002.05871254,25
307979.866318992,4974897.47812561,25
305562.231846567,4975092.14634011,25
321494.081923759,4992737.45316739,25
297201.190192895,4989123.05790025,25
297144.304993704,4987301.87683348,25
323472.35297147,4999109.58650478,25
323437.805770461,4997504.14609131,25
323219.266595234,4997506.86695201,25
322026.545545554,4999164.46392189,25
316657.496139947,4988013.52531726,25
314887.221913416,4989119.73097048,25
313402.379847127,4989709.63870676,25
314560.202076,4991294.9589185,25
318216.953106746,4991712.6243692,25
321427.578192847,4990955.32742126,25
319798.279986929,4990606.34513611,25
297364.826029931,4993513.96218831,25
299007.800502059,4994389.96295343,25
319282.998041246,4975840.39206938,25
320971.071884372,4979010.45224861,25
318571.14543102,4979854.43940971,25
295921.855572921,4999873.43288251,25
316099.546694984,4979919.36354253,25
316155.199517176,4980131.81083088,25
272904.276589506,4995848.70990494,25
271956.623553805,4997501.76115795,25
271610.318732133,4999122.83231733,25
301011.346554636,4968281.16380984,25
294265.987708496,4972549.03306169,25
305456.32979214,4996762.95750887,25
287370.601860466,4979207.02032738,25
299660.507382575,4983601.1998753,25
319015.30425965,4997640.25078055,25
318321.249397418,5002495.86856439,25
302700.901210886,4973846.19168863,25
301822.71374581,4975495.87080591,25
300103.862947735,4977179.01811139,25
300007.113302543,4977906.37500451,25
315179.558180503,5002602.124417,25
312212.704106323,5001081.47633505,25
275601.309335417,4998961.13630973,25
274602.740866677,5000605.26298205,25
311563.562361314,4986545.89007756,25
308585.762771417,4991438.36861584,25
308567.462982873,4991416.79125506,25
308533.419107936,4991964.7348891,25
309172.470618238,4993031.92614889,25
295453.890090342,4985403.52895809,25
295832.172505724,4995838.32748367,25
297928.665001374,4980495.54883001,25
321276.292320737,4989513.36884736,25
322183.172458079,4989479.06235089,25
319503.744037808,4973421.74314348,25
318261.840047327,4972796.42200742,25
317204.366260373,4973477.00119593,25
306663.519689696,4983981.88351089,25
301781.711860187,5004496.36558661,25
303075.624223079,5004461.14163682,25
296271.49713677,5007877.46015253,25
296271.49713677,5007877.46015253,25
296271.49713677,5007877.46015253,25
303325.081188522,5002836.97729901,25
302609.543106479,5005212.0628621,25
324321.667560169,4982709.39749724,25
323006.376514994,4982988.69126168,25
321298.437909053,4973370.42448752,25
278315.13259127,4996808.68959096,25
279760.217964837,4995598.56491385,25
278315.13259127,4996808.68959096,25
312603.562899004,4984882.75995639,25
322945.017430827,4986216.69596806,25
300795.875615416,4994848.6886207,25
302636.402492655,4994787.67294638,25
314041.773771232,4975171.35873049,25
312853.309655759,4975838.63793193,25
312503.942442651,4975209.07250623,25
312254.880396648,4973602.47890138,25
312503.942442651,4975209.07250623,25
314416.897129552,4974334.89123081,25
317666.400867639,4975603.23195101,25
319449.021364295,4981737.8251041,25
319850.32168859,4983079.85022471,25
318793.822293343,4984159.51165128,25
317660.883538908,4986366.85319302,25
313779.127364837,4981271.35196169,25
322134.260955224,4992695.95823983,25
297348.586229375,4970640.62163208,25
299062.587618656,4972423.5971423,25
295614.706794506,4990247.95413273,25
290226.27884687,4990406.06807896,25
289056.161786334,4990454.16239835,25
286284.863272225,4990560.73314611,25
282871.749722243,4990723.39232268,25
282871.749722243,4990723.39232268,25
286018.631982802,4990531.35520906,25
289229.819149826,4990251.50224426,25
294278.666300657,4996328.65903716,25
293315.759198579,4996724.19866088,25
292223.973822051,4998389.0208216,25
289588.050398893,5000315.23394373,25
312908.573849606,4992957.73832553,25
300360.93823673,4987498.60217365,25
303407.403019634,4980257.00852957,25
303330.178407854,4980336.40147015,25
322660.781509566,5004950.18359035,25
326713.22582386,5006744.92405166,25
321527.433519956,4973364.25007661,25
313439.704854667,4993756.38193601,25
314605.476492041,4981735.17730169,25
308882.830391751,4975303.99147803,25
308882.830391751,4975303.99147803,25
310003.115919401,4988407.43238346,25
307863.462962398,4980160.71916266,25
306722.580497935,4981792.70333888,25
294563.571897952,5003085.726116,25
294533.447898389,5003112.80652377,25
310656.025080565,4988155.21410517,25
316103.791607742,4978143.40768812,25
316115.696915469,4978717.49758332,25
289788.693483182,5003247.3926301,25
321686.523226641,4978191.56398053,25
322549.218534545,4977450.16741475,25
317150.972222865,4992837.53579151,25
322645.048469173,4978153.15540102,25
324006.590629724,4981346.28332258,25
295832.172505724,4995838.32748367,25
322736.891861899,4983212.87365042,25
322342.879433383,4986407.70058811,25
290687.430895163,4985665.89378964,25
290524.937773157,4985539.96599854,25
290649.011193002,4984185.87497213,25
290718.12065956,4983912.52255508,25
290613.695796701,4983216.70100411,25
298597.909690995,4982901.81358986,25
299935.461748145,4973945.26858159,25
298373.686357676,4974003.39343885,25
290973.180831599,4988758.29116613,25
319965.804896117,4996014.12181526,25
319639.308149373,4986664.91494744,25
319365.914590517,4987940.77656453,25
308906.404592907,5002516.76546235,25
311705.437772315,5002687.29947022,25
291278.92764315,4977499.77466831,25
292056.629477527,4978736.0186411,25
294038.156503048,4988643.30404054,25
286258.771567137,4998099.50187687,25
326028.352763655,4985023.27720114,25
327613.226672323,4984501.68081379,25
290502.641815601,4980157.9951802,25
297296.986198143,4982139.80040167,25
297125.211208841,4978496.0655503,25
306657.361864072,4993079.28520188,25
290755.033059942,5003212.51279396,25
291356.502152114,5003191.25361418,25
291356.502152114,5003191.25361418,25
291356.502152114,5003191.25361418,25
291356.502152114,5003191.25361418,25
323223.427252009,4996700.92696106,25
302609.543106479,5005212.0628621,25
320680.913086688,4991294.29731777,25
319825.844213554,4991432.77995971,25
321087.270601148,4992724.6019345,25
318707.886077409,4994409.31686797,25
318229.769102498,4992805.28450717,25
318239.792620878,4992412.47173485,25
290864.282141815,4990811.03804974,25
291284.046670984,4990365.01188355,25
311705.437772315,5002687.29947022,25
311705.437772315,5002687.29947022,25
311705.437772315,5002687.29947022,25
310524.451691998,5002514.2313312,25
300782.570708942,5000172.41462014,25
300669.062728363,4999713.45530108,25
300765.400226549,4999619.91564349,25
290562.466563991,4981907.58102788,25
297604.798002599,4985296.1719284,25
298597.479823887,4982890.26436303,25
286239.459088629,4996962.56344394,25
304809.517359855,4976995.44193773,25
305258.404428119,4976993.71208738,25
304986.421057707,4981239.97944618,25
304956.140964908,4981128.05616223,25
304598.372672189,4980227.77470911,25
301627.582686914,4988395.68916977,25
302045.988455294,4989671.08554913,25
320558.153033505,4979672.71837251,25
323053.082585586,4994282.24699555,25
323146.6179936,4994079.21699303,25
323146.6179936,4994079.21699303,25
323146.6179936,4994079.21699303,25
323223.427252009,4996700.92696106,25
323223.427252009,4996700.92696106,25
323223.427252009,4996700.92696106,25
323223.427252009,4996700.92696106,25
323223.427252009,4996700.92696106,25
323223.427252009,4996700.92696106,25
323223.427252009,4996700.92696106,25
323223.427252009,4996700.92696106,25
323223.427252009,4996700.92696106,25
313106.503544754,4984377.62993329,25
297279.343381071,4991590.95169464,25
299807.985097484,4990088.32930499,25
300467.145500744,4990647.38112774,25
303206.04829362,4991552.01671608,25
300533.214660884,4992354.55940099,25
311261.179410474,4986526.27405672,25
309972.624468678,4987368.55127535,25
305299.735569851,4991971.91523998,25
306292.638199408,4993085.49524126,25
306657.335991936,4993079.28563154,25
306911.258843267,4991850.21889562,25
295453.890090342,4985403.52895809,25
294413.910698264,4985408.83606698,25
293943.481354026,4986574.6248666,25
283233.935313879,4999789.32239067,25
282160.315611627,5000351.6963811,25
281507.130359351,4999795.99194046,25
281585.066584413,5000375.71945939,25
283902.497989976,4998655.83524677,25
315178.815238679,4998887.97975875,25
315244.883513773,5000568.06945318,25
305776.302846194,5001199.37461676,25
305616.463927453,5001085.18822464,25
307259.656099848,5001758.26297435,25
291777.292626497,5004793.68411871,25
292910.988054776,5002558.32912271,25
324881.759271987,5000179.03389099,25
322440.395415997,4989445.97501087,25
321382.578955099,4989685.479209,25
319365.934586386,4987940.776143,25
319639.308149373,4986664.91494744,25
320389.518636203,4987919.01211992,25
319226.811231756,4973898.92079852,25
315784.310831406,4978311.24204088,25
301781.711860187,5004496.36558661,25
301314.514050127,5002894.4213333,25
320129.103077379,5001199.74492515,25
318529.757749982,5001627.57116757,25
320110.526975607,5000667.05272081,25
321298.437909053,4973370.42448752,25
321298.437909053,4973370.42448752,25
321298.408593968,4973370.42534816,25
321298.408593968,4973370.42534816,25
321298.437909053,4973370.42448752,25
300844.836381826,5001680.22129012,25
299921.207705201,4999931.64147355,25
299107.073160878,5001397.39322206,25
300191.459070048,5004536.96568629,25
299553.915290672,5002946.18506289,25
299553.915290672,5002946.18506289,25
299553.915290672,5002946.18506289,25
301038.10804674,4998080.86742254,25
323808.124575514,4990636.70614578,25
323636.660146873,4991049.87179876,25
324398.485693174,4985115.85530425,25
324377.669546799,4984458.87041483,25
293785.59491223,4982230.46898028,25
292154.075915282,4981526.48757945,25
297619.615872132,4975654.19040723,25
313316.792370611,4999427.9103029,25
328765.584896935,5001477.14635672,25
328973.488551227,5001395.02781694,25
329354.237288831,5001449.44004438,25
300338.651255631,4986841.18634228,25
301680.861668251,4979367.73381559,25
301269.221835107,4980379.7225042,25
301401.594258718,4981991.20149986,25
300295.126277614,4985203.70083148,25
307648.229492832,4983380.03781303,25
318769.338617669,4981475.08351432,25
321056.244597536,4981406.7146698,25
318422.267342193,4983117.14392802,25
317887.062804074,4983165.46504561,25
317998.246778476,4986348.81969225,25
319508.984361194,4983193.60873844,25
319465.211363713,4982157.17409198,25
295936.515180509,5003026.65132072,25
294578.882544826,5004464.54936746,25
321489.053581932,4971679.04890662,25
304744.935966352,4974590.68351507,25
303840.031690434,4973811.54755073,25
304579.4850828,4975397.57661145,25
304889.791752706,4974915.22152195,25
322134.280948811,4992695.95773341,25
288345.406168318,4985626.88505784,25
299809.377202358,4970767.27002929,25
299709.489967943,4971583.03087382,25
299907.880218398,4973930.43397532,25
310282.177022715,4986549.68706407,25
308350.436284048,4986969.2229455,25
308229.152083058,4982674.33077801,25
305169.454258782,4985055.05193275,25
305745.037327144,4985037.17842164,25
307165.481373337,4983644.5141861,25
292476.448488062,4990726.45220836,25
291093.835342314,4993570.35312317,25
291032.968376954,4996003.93784755,25
309403.301828945,4981741.15300666,25
310837.42891132,4981662.50668954,25
309837.741787587,4982662.83647445,25
309837.741787587,4982662.83647445,25
289834.217153878,5000088.64276253,25
311686.375919854,4994605.5300461,25
312908.59433083,4992957.73828755,25
313439.704854667,4993756.38193601,25
311883.405073922,4995390.95997952,25
310321.440413386,4996745.17539101,25
309426.836686432,4997887.18012805,25
324881.759271987,5000179.03389099,25
325007.554893739,4997501.270775,25
305788.25006759,4988282.14868682,25
305171.240059512,4988221.18884366,25
299694.157798386,4988460.65232524,25
300360.93823673,4987498.60217365,25
303115.641455979,4985097.7569088,25
323468.202744258,5004938.13070028,25
323468.202744258,5004938.13070028,25
323468.202744258,5004938.13070028,25
323468.202744258,5004938.13070028,25
323468.202744258,5004938.13070028,25
323468.202744258,5004938.13070028,25
323468.202744258,5004938.13070028,25
323468.202744258,5004938.13070028,25
323468.202744258,5004938.13070028,25
321527.433519956,4973364.25007661,25
321527.433519956,4973364.25007661,25
321527.433519956,4973364.25007661,25
321527.413517433,4973364.2506338,25
321527.413517433,4973364.2506338,25
321527.433519956,4973364.25007661,25
321527.433519956,4973364.25007661,25
321489.898808661,4972332.3967684,25
310321.440413386,4996745.17539101,25
319729.757384397,4988829.77751351,25
304579.50895658,4975397.57602518,25
295053.323426507,4996662.63433761,25
310481.181703613,5001380.07134958,25
308886.446356676,5002010.01046414,25
315179.558180503,5002602.124417,25
315179.558180503,5002602.124417,25
315179.558180503,5002602.124417,25
310656.04507367,4988155.21357773,25
310003.115919401,4988407.43238346,25
308384.855410676,4988236.23819492,25
305788.270129436,4988282.14829692,25
291151.429013619,4980749.30775262,25
289788.693483182,5003247.3926301,25
289788.693483182,5003247.3926301,25
289788.693483182,5003247.3926301,25
290755.033059942,5003212.51279396,25
290755.033059942,5003212.51279396,25
290755.033059942,5003212.51279396,25
322645.664529062,4980469.52218014,25
321837.054477996,4979777.77438679,25
324006.590629724,4981346.28332258,25
317763.932894483,4979561.16194981,25
316642.10259134,4993122.61193849,25
276811.443711476,4997320.9283214,25
278272.445680019,4995712.14453049,25
278350.501723282,4995647.89182446,25
292565.573913571,4993387.57201711,25
292686.31826652,4993516.97567115,25
322713.055422623,4982508.92221881,25
322713.055422623,4982508.92221881,25
322713.055422623,4982508.92221881,25
322713.055422623,4982508.92221881,25
322713.055422623,4982508.92221881,25
300566.554982032,4993028.32306494,25
299397.515854734,4993283.43687947,25
317823.944849854,4981263.59886848,25
313991.469888861,4981116.10581799,25
321294.040164786,4987696.53372088,25
322081.642815457,4987047.45108319,25
316579.567409316,4990935.52133434,25
293154.360443442,4987062.25341268,25
292163.397943063,4988717.03478256,25
287578.60449807,4998551.65002339,25
287890.51014368,4998570.09293097,25
294022.411603185,4988213.95450592,25
318365.928797865,4996848.90072435,25
313855.014840755,4996177.65986072,25
313184.769415965,4996196.09628694,25
313528.058927923,4996095.34147224,25
315104.27724442,4996166.64911129,25
314513.265130761,4979055.93006105,25
297135.89948583,4978906.72074501,25
297246.441326192,4977286.10465074,25
296382.308765247,4998248.14842946,25
295858.225464568,4996738.78195039,25
287953.889295683,4999811.87441169,25
324783.169211334,4996877.75179956,25
324748.237359752,4995927.95236596,25
303615.760592916,4988306.68431751,25
301988.724493976,4987978.19761518,25
319825.844213554,4991432.77995971,25
321087.290595771,4992724.60143268,25
273072.612647996,5002292.45304717,25
275193.043841849,4999348.56576143,25
295775.753016589,4994121.46223927,25
296219.930136517,4993396.34519063,25
323439.99282699,5003744.81016329,25
323439.99282699,5003744.81016329,25
323439.99282699,5003744.81016329,25
323439.99282699,5003744.81016329,25
323439.99282699,5003744.81016329,25
323439.99282699,5003744.81016329,25
323439.99282699,5003744.81016329,25
323439.99282699,5003744.81016329,25
323439.99282699,5003744.81016329,25
294107.636287759,4991053.06508482,25
307552.695400054,4999547.64482185,25
308776.373820059,4998833.61110481,25
310390.499653727,4998713.22364071,25
326533.272957386,5001279.23185148,25
317204.389575738,4973477.00060654,25
317204.389575738,4973477.00060654,25
317204.366260373,4973477.00119593,25
317204.366260373,4973477.00119593,25
317204.366260373,4973477.00119593,25
317666.400867639,4975603.23195101,25
317002.226596693,4975090.54734885,25
322851.301855198,4986203.55755922,25
322822.087018574,4985443.86433307,25
322822.087018574,4985443.86433307,25
322822.087018574,4985443.86433307,25
322822.087018574,4985443.86433307,25
322822.087018574,4985443.86433307,25
324377.669546799,4984458.87041483,25
287645.081198471,4985655.13595961,25
287476.734994121,4985882.21060637,25
300619.311826162,4994549.69429269,25
316972.559788853,5003791.74556585,25
296107.093746894,5003002.05871254,25
307979.866318992,4974897.47812561,25
305562.231846567,4975092.14634011,25
323437.805770461,4997504.14609131,25
323219.246597872,4997506.86728289,25
316460.760470182,4988038.954337,25
314970.045780303,4991666.21669485,25
313668.028481795,4988087.79932466,25
309426.85668059,4997887.17964469,25
318171.605447857,4990384.42317608,25
319798.279986929,4990606.34513611,25
297085.784438089,4993367.48195328,25
286239.459088629,4996962.56344394,25
295887.530968857,4997793.9141726,25
316146.087501666,4979881.67897979,25
317763.932894483,4979561.16194981,25
317823.944849854,4981263.59886848,25
271976.199088442,4997970.11568257,25
271610.318732133,4999122.83231733,25
270323.546989762,5000677.76058755,25
294265.585798572,4972026.4214349,25
288466.113838871,4977573.86176452,25
287263.166055482,4980691.53332843,25
318321.249397418,5002495.86856439,25
318321.249397418,5002495.86856439,25
318321.249397418,5002495.86856439,25
302700.901210886,4973846.19168863,25
302307.377819882,4974361.64090486,25
300103.883150183,4977179.0173164,25
290864.282141815,4990811.03804974,25
312084.75585332,5000994.14898706,25
307887.131801926,4991464.6246382,25
308510.640476791,4991350.81036345,25
307982.42380556,4999221.737769,25
308127.028686048,4979917.12452799,25
303325.081188522,5002836.97729901,25
303325.081188522,5002836.97729901,25
303325.081188522,5002836.97729901,25
278159.106703509,4997272.64530533,25
296719.872376406,4988570.02535511,25
314041.773771232,4975171.35873049,25
312254.880396648,4973602.47890138,25
312254.880396648,4973602.47890138,25
312254.880396648,4973602.47890138,25
312254.902731031,4973602.47829972,25
312254.902731031,4973602.47829972,25
314416.897129552,4974334.89123081,25
294563.571897952,5003085.726116,25
294563.571897952,5003085.726116,25
294563.571897952,5003085.726116,25
313779.127364837,4981271.35196169,25
286018.631982802,4990531.35520906,25
292223.973822051,4998389.0208216,25
292702.46815581,4997504.05203028,25
309805.681781409,4981686.26225795,25
324920.993660921,5001212.25711114,25
303115.641455979,4985097.7569088,25
307863.462962398,4980160.71916266,25
306594.299254911,4981903.1139622,25
317729.062906429,4978620.44291783,25
322549.218534545,4977450.16741475,25
322549.218534545,4977450.16741475,25
322549.218534545,4977450.16741475,25
322549.218534545,4977450.16741475,25
322549.218534545,4977450.16741475,25
321686.523226641,4978191.56398053,25
317150.99221162,4992837.53506229,25
278272.445680019,4995712.14453049,25
322566.375262087,4978174.92555626,25
322645.664529062,4980469.52218014,25
322645.664529062,4980469.52218014,25
322645.664529062,4980469.52218014,25
322645.664529062,4980469.52218014,25
322645.664529062,4980469.52218014,25
322736.891861899,4983212.87365042,25
322736.891861899,4983212.87365042,25
322736.891861899,4983212.87365042,25
322736.891861899,4983212.87365042,25
322736.891861899,4983212.87365042,25
290649.011193002,4984185.87497213,25
299935.461748145,4973945.26858159,25
291278.947835348,4977499.77402983,25
294038.156503048,4988643.30404054,25
324920.993660921,5001212.25711114,25
323146.6179936,4994079.21699303,25
323146.6179936,4994079.21699303,25
323146.6179936,4994079.21699303,25
323146.6179936,4994079.21699303,25
323146.6179936,4994079.21699303,25
323146.6179936,4994079.21699303,25
323146.6179936,4994079.21699303,25
327621.742196911,4983700.44323916,25
297928.665001374,4980495.54883001,25
318266.209804028,4993209.32759336,25
310524.451691998,5002514.2313312,25
300782.570708942,5000172.41462014,25
297604.798002599,4985296.1719284,25
304598.372672189,4980227.77470911,25
319652.721335903,4979829.85293018,25
313668.004402434,4988087.80005089,25
314591.65116025,4986444.52941902,25
313106.503544754,4984377.62993329,25
305299.735569851,4991971.91523998,25
295418.764307324,4984151.82403701,25
295418.764307324,4984151.82403701,25
281464.769371266,4998763.99839229,25
281650.318333774,5000408.51691758,25
283902.497989976,4998655.83524677,25
315244.883513773,5000568.06945318,25
319503.744037808,4973421.74314348,25
319503.744037808,4973421.74314348,25
319503.744037808,4973421.74314348,25
319503.72274625,4973421.7436242,25
319503.72274625,4973421.7436242,25
304292.876752737,4977013.67177807,25
301314.514050127,5002894.4213333,25
301314.514050127,5002894.4213333,25
301314.514050127,5002894.4213333,25
320110.526975607,5000667.05272081,25
298373.686357676,4974003.39343885,25
303245.223939617,4978081.43536774,25
300295.126277614,4985203.70083148,25
300296.211764133,4985240.39785962,25
300530.668154455,4986098.55852399,25
318697.338650697,4984726.41592827,25
295936.515180509,5003026.65132072,25
295936.515180509,5003026.65132072,25
295936.515180509,5003026.65132072,25
321460.623703761,4970629.5883978,25
321476.364349161,4971593.59976413,25
313600.837517403,4980292.98035592,25
313594.508021682,4980958.03831845,25
299796.987094961,4971028.55326085,25
309972.624468678,4987368.55127535,25
309972.624468678,4987368.55127535,25
305745.037327144,4985037.17842164,25
323235.034048693,4997068.24990423,25
292686.31826652,4993516.97567115,25
290969.351241812,4993501.79633523,25
311388.441776262,4980889.3491784,25
299694.137774671,4988460.65288718,25
303445.501049439,4983494.41814051,25
278350.501723282,4995647.89182446,25
292525.784511181,4992281.15499534,25
292549.635418435,4992937.76562592,25
322566.375262087,4978174.92555626,25
322566.375262087,4978174.92555626,25
322566.375262087,4978174.92555626,25
322566.375262087,4978174.92555626,25
322566.375262087,4978174.92555626,25
322645.02847406,4978153.15597098,25
299397.535841678,4993283.43615624,25
322081.642815457,4987047.45108319,25
292163.397943063,4988717.03478256,25
313528.058927923,4996095.34147224,25
316899.103995502,4996087.53779815,25
313641.783789869,4980881.09006871,25
313548.132449307,4980021.55454425,25
295568.309659992,4998275.68098602,25
295858.225464568,4996738.78195039,25
273682.981660281,5001998.0543982,25
275601.309335417,4998961.13630973,25
296219.950127069,4993396.34453599,25
327637.460396464,5002135.5533106,25
322851.301855198,4986203.55755922,25
322851.301855198,4986203.55755922,25
322851.301855198,4986203.55755922,25
322851.301855198,4986203.55755922,25
322851.301855198,4986203.55755922,25
296719.852385567,4988570.02602303,25
323235.034048693,4997068.24990423,25
323235.034048693,4997068.24990423,25
323235.034048693,4997068.24990423,25
323235.034048693,4997068.24990423,25
323235.034048693,4997068.24990423,25
323235.034048693,4997068.24990423,25
323235.034048693,4997068.24990423,25
323235.034048693,4997068.24990423,25
323235.034048693,4997068.24990423,25
316657.51768547,4988013.52439056,25
313888.532627,4984850.49503131,25
297085.808915129,4993367.48111664,25
319377.25132242,4979848.18356747,25
288466.133857713,4977573.86144578,25
301822.691767119,4975495.87176831,25
308526.329661613,4991368.29350815,25
277204.208830072,4998926.58844552,25
277204.208830072,4998926.58844552,25
309805.681781409,4981686.26225795,25
309805.681781409,4981686.26225795,25
317729.062906429,4978620.44291783,25
320440.50655674,4979808.7765502,25
320030.142324229,4979822.13115861,25
281650.318333774,5000408.51691758,25
300785.885708881,4986309.28211169,25
300875.164334224,4986384.66196752,25
318793.822293343,4984159.51165128,25
313600.837517403,4980292.98035592,25
313641.783789869,4980881.09006871,25
290969.351241812,4993501.79633523,25
291093.835342314,4993570.35312317,25
305050.024092273,4983679.64451499,25
305050.024092273,4983679.64451499,25
313548.132449307,4980021.55454425,25
295568.309659992,4998275.68098602,25
295887.530968857,4997793.9141726,25
300592.235732566,4986153.97160133,25
300621.251980419,4986178.72648771,25
300896.912516956,4986597.05646463,25
300944.418945775,4986490.52791501,25
300944.263615449,4986496.24255144,25
270330.48325255,5000560.24002429,50
302582.598053946,4974046.05538513,50
314784.702084955,4981666.98451044,50
319713.492285044,5005672.66346042,50
322550.921804273,5004161.15259873,50
329375.908751743,5001504.12105962,50
318780.543381994,4984199.10926369,50
299386.119663655,4972221.90580121,50
304710.371658841,4975289.94858896,50
313965.437160929,4981153.69843174,50
322324.328881818,4986437.27808446,50
313613.079979,4980925.99575606,50
327645.358723877,5002181.25293236,50
272022.587077287,4998008.68057405,50
270603.433771271,5000245.01378239,50
304013.274901616,4974061.3678579,25
304889.812703098,4974915.61971588,25
313548.186029813,4980023.05230928,25
313641.330886356,4980881.76971265,25
313593.883474797,4980959.13716426,25
314970.200350648,4991666.22167619,25
316571.91421227,4990937.32341988,25
317718.623021395,4989583.7110139,25
320388.234701252,4987921.58655095,25
282869.922230803,4990723.53305828,25
310479.76500754,5001379.80159662,25
307980.649604271,4974897.46310341,25
308882.915636755,4975306.67205626,25
290865.190815159,4990810.80871637,25
321087.238453521,4992723.3909076,25
304577.23139216,4975401.24216262,25
302635.256415494,4978684.92414318,25
307258.326741767,5001758.30330426,25
301676.479413688,4979370.17158243,25
307192.390511345,4999907.75155894,25
303244.948167787,4978081.51405872,25
297276.28541363,4991591.35382326,25
312951.931236994,4979540.44916336,25
284476.868719573,4990158.67588913,25
314591.815504932,4986449.83787239,25
313814.610418948,4983232.25989019,25
313405.573921984,4989715.10666785,25
311308.71957258,4978477.15706786,25
303840.096367473,4973811.73567613,25
313601.310486765,4980293.28490712,25
310054.902781349,4976897.18837562,25
323234.1284671,4997068.25692796,25
303326.496151668,4980337.80458129,25
308775.362558436,4998833.7590962,25
312082.403999021,5000994.15898194,25
278265.184556283,4995715.12579225,25
278343.240260507,4995656.343718,25
300464.945459384,4990646.17038933,25
307553.674706466,4999543.81826933,25
297135.855767374,4978910.93560655,25
302637.950735921,4983499.86761087,25
303724.60142649,4991728.77275608,25
305170.148372716,4985057.20987917,25
306661.74870689,4983982.07053111,25
298861.827805446,4990871.50348732,25
305743.267413729,4985039.40416805,25
281650.930188374,5000408.51242922,25
313777.700988566,4981271.4327452,25
300295.118880851,4985203.78898694,25
303324.592327349,5002838.68612873,25
296887.595509371,4991802.3072002,25
282160.325603085,5000353.71298762,25
297294.742981942,4982149.85243138,25
297085.486557597,4993367.0731197,25
303207.137966363,4991555.08500313,25
289056.069299143,4990454.81616179,25
312854.269008376,4975838.6479298,25
284794.950280502,4998434.73545099,25
290225.476262117,4990402.81399221,25
301992.777153425,4987976.93057094,25
319823.476107464,4991432.58420827,25
319727.928140739,4988829.86706255,25
292028.101790898,4990341.50814656,25
312212.694100074,5001084.45695918,25
305776.990406438,5001201.06648378,25
308886.507915108,5002010.00370644,25
302847.535862774,4981900.77239787,25
310319.68199967,4996745.18539157,25
292525.80739102,4992281.16958995,25
318587.350959968,4979865.31981495,25
314560.281120484,4991295.9581156,25
316591.255048892,4991279.89563102,25
305613.882446702,5001085.12156953,25
304765.511690302,4975130.1184922,25
299062.652670125,4972425.25967152,25
318215.613325779,4991712.66414774,25
289229.457802195,4990251.61026282,25
286285.592038948,4990562.47972829,25
291860.771241367,4991963.45167091,25
316493.830403888,4991245.98705928,25
313888.956132909,4984851.59782662,25
313667.199036613,4988089.10010789,25
294189.031876566,4993936.16421075,25
292686.325022076,4993517.6469796,25
296219.937457827,4993396.22036509,25
291283.924995046,4990365.36210843,25
287644.515984464,4990951.21024168,25
303444.481481062,4983494.46225822,25
288975.318810168,4982795.19032853,25
293154.393881662,4987064.555395,25
283231.942897122,4999789.43759314,25
287888.623569008,4998570.16611139,25
316146.766972856,4979881.5450758,25
321293.070406667,4987696.56598921,25
275193.391235314,4999348.45524149,25
316099.359250789,4979921.47473445,25
316154.624931229,4980131.79211913,25
283902.382389941,4998654.88211155,25
305298.48354755,4991971.85651531,25
309426.840849069,4997886.93678693,25
287578.325944112,4998549.48774911,25
328925.806877338,5000270.60242494,25
323467.251214288,5004938.10631733,25
325065.820010805,5006559.24203842,25
324880.550265742,5000178.76140759,25
326713.978005016,5006744.93405392,25
323472.814358377,4999113.06576677,25
323437.822774611,4997504.44542662,25
319685.02640944,5005642.28815637,25
305557.88211571,4975092.28679577,25
275606.519280517,4998955.66325439,25
271613.915903435,4999118.39494364,25
281464.778660482,4998764.4461763,25
286016.383984994,4990531.36520169,25
294736.654851509,5008932.42101015,25
290817.351995221,5009196.68521712,25
296490.929837628,5006252.69989669,25
302607.667401316,5005213.69205453,25
291557.494103389,5009734.35217383,25
299411.107749879,5005640.83178031,25
303075.722205226,5004460.77501137,25
293162.880277824,5009904.25174287,25
300191.479123006,5004537.27983632,25
313990.336546826,4981117.55820828,25
271975.279248506,4997969.41089086,25
310388.339994392,4998713.23363656,25
322343.263361185,4986407.10802522,25
305048.116689519,4983679.60311028,25
319739.887428232,5005412.06858771,25
301269.211858027,4980379.29135802,25
297928.708433502,4980496.09160433,25
303409.749108039,4980253.68622159,25
295775.466372988,4994121.53618157,25
281585.303737169,5000376.90165375,25
295857.536930743,4996738.81356182,25
303591.481000075,4987824.9740916,25
292163.105710358,4988718.84833188,25
276711.669570676,4997407.29374248,25
322081.669026073,4987048.21418745,25
306656.24175372,4993080.68076112,25
279760.323891906,4995598.26916404,25
317822.204488561,4981264.03020688,25
314040.705533393,4975176.08755345,25
312504.56116934,4975210.26474447,25
306293.738290971,4993087.19965824,25
297246.650157708,4977284.76066637,25
314417.259966378,4974334.89026925,25
315333.868971576,5002724.745106,25
312254.380600342,4973601.51821185,25
294632.056791776,4996668.63602036,25
292385.382286441,4988419.2368372,25
311903.744721987,4973306.51229368,25
310967.219616443,4996242.20788172,25
311991.931001486,4998381.60417792,25
311924.942212755,4996762.14779778,25
313182.647643577,4996203.45239122,25
315179.969918154,5002605.53865582,25
313527.471521615,4996095.34396122,25
296269.788703087,5007878.49173161,25
304292.630901708,4977014.13324511,25
300706.244361817,4986805.90799143,25
300769.864673988,4983570.37055062,25
301401.591735344,4981989.84071795,25
322658.361009618,5004950.19359726,25
311278.182670432,4971982.67494983,25
322830.87481957,4995904.04924328,25
297619.5770802,4975649.69099822,25
313579.809610902,4981632.16615186,25
321058.485952965,5005487.6583231,25
292549.898734928,4992937.72118677,25
304618.56500184,4977006.90422645,25
299553.818156934,5002941.83047523,25
302092.891606154,4991121.00070302,25
299192.919661067,5001192.4164197,25
299315.017573985,5002771.17008696,25
315103.800336324,4996166.66987167,25
321539.644084071,4994371.80251849,25
313855.294778113,4996179.39448052,25
294865.562650622,4995054.07605324,25
316971.434734437,5003791.62327476,25
317847.288429266,5004178.70052174,25
