root,chain
1,[1]
2,"[385, 2]"
3,"[177, 3]"
4,[4]
5,"[337, 402, 5]"
6,[6]
7,[7]
8,[8]
9,[9]
10,[10]
11,[11]
12,[12]
13,[13]
14,[14]
15,"[192, 15]"
16,[16]
17,[17]
18,[18]
19,[19]
20,"[203, 202, 20]"
21,[21]
22,[22]
23,[23]
24,[24]
25,[25]
26,"[221, 26]"
27,[27]
28,[28]
29,[29]
30,[30]
31,"[225, 311, 331, 351, 31]"
32,[32]
33,[33]
34,[34]
35,[35]
36,[36]
37,[37]
38,[38]
39,[39]
40,[40]
41,[41]
42,"[313, 422, 42]"
43,[43]
44,[44]
45,"[423, 45]"
46,[46]
47,[47]
48,[48]
49,[49]
50,[50]
51,[51]
52,[52]
53,[53]
54,[54]
55,[55]
56,[56]
57,[57]
58,[58]
59,[59]
60,[60]
61,[61]
62,[62]
63,"[431, 63]"
64,[64]
65,"[318, 65]"
66,"[340, 66]"
67,[67]
68,[68]
69,[69]
70,[70]
71,[71]
72,[72]
73,[73]
74,[74]
75,[75]
76,[76]
77,[77]
78,"[321, 78]"
79,[79]
80,[80]
81,[81]
82,[82]
83,[83]
84,[84]
85,[85]
86,[86]
87,[87]
88,[88]
89,[89]
90,[90]
91,[91]
92,[92]
93,[93]
94,[94]
95,[95]
96,[96]
97,[97]
98,"[450, 449, 98]"
99,[99]
100,[100]
101,[101]
102,[102]
103,"[288, 103]"
104,[104]
105,[105]
106,[106]
107,[107]
108,[108]
109,[109]
110,[110]
111,[111]
112,[112]
113,[113]
114,[114]
115,[115]
116,[116]
117,"[117, 118]"
118,"[117, 118]"
119,[119]
120,[120]
121,"[189, 121]"
122,[122]
123,[123]
124,[124]
125,[125]
126,[126]
127,[127]
128,[128]
129,[129]
130,[130]
131,[131]
132,[132]
133,[133]
134,[134]
135,[135]
136,[136]
137,[137]
138,[138]
139,[139]
140,[140]
141,"[425, 141]"
142,[142]
143,[143]
144,[144]
145,"[397, 145]"
146,[146]
147,[147]
148,[148]
149,[149]
150,[150]
151,[151]
152,[152]
153,[153]
154,[154]
155,[155]
156,[156]
157,[157]
158,[158]
159,[159]
160,[160]
161,"[435, 436, 437, 161]"
162,[162]
163,[163]
164,"[283, 164]"
165,[165]
166,[166]
167,"[447, 167]"
168,[168]
169,[169]
170,[170]
171,"[175, 171]"
172,[172]
173,[173]
174,[174]
175,"[175, 171]"
176,"[176, 292]"
177,"[177, 3]"
178,"[178, 291]"
179,[179]
180,"[301, 180]"
181,[181]
182,[182]
183,[183]
184,[184]
185,[185]
186,[186]
187,[187]
188,"[188, 410, 405, 404]"
189,"[189, 121]"
190,[190]
191,[191]
192,"[192, 15]"
193,[193]
194,[194]
195,"[406, 195]"
196,[196]
197,[197]
198,"[411, 198]"
199,[199]
200,"[201, 200]"
201,"[201, 200]"
202,"[203, 202, 20]"
203,"[203, 202, 20]"
204,[204]
205,"[208, 205]"
206,"[412, 206]"
207,[207]
208,"[208, 205]"
209,[209]
210,[210]
211,"[212, 211]"
212,"[212, 211]"
213,"[269, 323, 322, 267, 213]"
214,[214]
215,"[414, 215]"
216,[216]
217,[217]
218,[218]
219,[219]
220,[220]
221,"[221, 26]"
222,[222]
223,[223]
224,"[224, 310]"
225,"[225, 311, 331, 351, 31]"
226,[226]
227,[227]
228,"[228, 415, 229]"
229,"[228, 415, 229]"
230,[230]
231,[231]
232,[232]
233,"[314, 233]"
234,[234]
235,[235]
236,[236]
237,[237]
238,[238]
239,[239]
240,[240]
241,[241]
242,[242]
243,[243]
244,"[244, 245]"
245,"[244, 245]"
246,[246]
247,[247]
248,[248]
249,[249]
250,[250]
251,[251]
252,[252]
253,[253]
254,[254]
255,[255]
256,[256]
257,[257]
258,[258]
259,[259]
260,[260]
261,[261]
262,[262]
263,[263]
264,[264]
265,[265]
266,"[266, 333]"
267,"[269, 323, 322, 267, 213]"
268,[268]
269,"[269, 323, 322, 267, 213]"
270,"[271, 440, 270]"
271,"[271, 440, 270]"
272,[272]
273,[273]
274,[274]
275,[275]
276,"[277, 276]"
277,"[277, 276]"
278,[278]
279,"[451, 444, 443, 279]"
280,"[448, 458, 459, 446, 454, 455, 456, 460, 445, 280]"
281,[281]
282,[282]
283,"[283, 164]"
284,[284]
285,"[286, 285]"
286,"[286, 285]"
287,"[289, 287]"
288,"[288, 103]"
289,"[289, 287]"
290,[290]
291,"[178, 291]"
292,"[176, 292]"
293,"[293, 387]"
294,[294]
295,[295]
296,[296]
297,[297]
298,[298]
299,"[300, 299, 358]"
300,"[300, 299, 358]"
301,"[301, 180]"
302,"[403, 302]"
303,[303]
304,[304]
305,"[344, 305]"
306,[306]
307,[307]
308,[308]
309,"[309, 330]"
310,"[224, 310]"
311,"[225, 311, 331, 351, 31]"
312,[312]
313,"[313, 422, 42]"
314,"[314, 233]"
315,"[315, 367]"
316,[316]
317,[317]
318,"[318, 65]"
319,[319]
320,[320]
321,"[321, 78]"
322,"[269, 323, 322, 267, 213]"
323,"[269, 323, 322, 267, 213]"
324,[324]
325,[325]
326,"[332, 326]"
327,[327]
328,[328]
329,[329]
330,"[309, 330]"
331,"[225, 311, 331, 351, 31]"
332,"[332, 326]"
333,"[266, 333]"
334,"[378, 334]"
335,[335]
336,[336]
337,"[337, 402, 5]"
338,[338]
339,[339]
340,"[340, 66]"
341,[341]
342,[342]
343,[343]
344,"[344, 305]"
345,[345]
346,[346]
347,[347]
348,[348]
349,"[349, 390]"
350,[350]
351,"[225, 311, 331, 351, 31]"
352,[352]
353,[353]
354,[354]
355,[355]
356,[356]
357,[357]
358,"[300, 299, 358]"
359,[359]
360,[360]
361,[361]
362,[362]
363,[363]
364,[364]
365,[365]
366,[366]
367,"[315, 367]"
368,[368]
369,[369]
370,[370]
371,[371]
372,[372]
373,[373]
374,[374]
375,[375]
376,[376]
377,[377]
378,"[378, 334]"
379,[379]
380,[380]
381,[381]
382,[382]
383,[383]
384,[384]
385,"[385, 2]"
386,[386]
387,"[293, 387]"
388,[388]
389,[389]
390,"[349, 390]"
391,[391]
392,[392]
393,[393]
394,[394]
395,"[424, 395]"
396,"[430, 428, 396]"
397,"[397, 145]"
398,[398]
399,[399]
400,[400]
401,[401]
402,"[337, 402, 5]"
403,"[403, 302]"
404,"[188, 410, 405, 404]"
405,"[188, 410, 405, 404]"
406,"[406, 195]"
407,[407]
408,"[408, 409]"
409,"[408, 409]"
410,"[188, 410, 405, 404]"
411,"[411, 198]"
412,"[412, 206]"
413,[413]
414,"[414, 215]"
415,"[228, 415, 229]"
416,[416]
417,"[417, 418]"
418,"[417, 418]"
419,[419]
420,[420]
421,[421]
422,"[313, 422, 42]"
423,"[423, 45]"
424,"[424, 395]"
425,"[425, 141]"
426,[426]
427,[427]
428,"[430, 428, 396]"
429,[429]
430,"[430, 428, 396]"
431,"[431, 63]"
432,"[434, 433, 432]"
433,"[434, 433, 432]"
434,"[434, 433, 432]"
435,"[435, 436, 437, 161]"
436,"[435, 436, 437, 161]"
437,"[435, 436, 437, 161]"
438,[438]
439,[439]
440,"[271, 440, 270]"
441,"[442, 441]"
442,"[442, 441]"
443,"[451, 444, 443, 279]"
444,"[451, 444, 443, 279]"
445,"[448, 458, 459, 446, 454, 455, 456, 460, 445, 280]"
446,"[448, 458, 459, 446, 454, 455, 456, 460, 445, 280]"
447,"[447, 167]"
448,"[448, 458, 459, 446, 454, 455, 456, 460, 445, 280]"
449,"[450, 449, 98]"
450,"[450, 449, 98]"
451,"[451, 444, 443, 279]"
452,[452]
453,"[457, 453]"
454,"[448, 458, 459, 446, 454, 455, 456, 460, 445, 280]"
455,"[448, 458, 459, 446, 454, 455, 456, 460, 445, 280]"
456,"[448, 458, 459, 446, 454, 455, 456, 460, 445, 280]"
457,"[457, 453]"
458,"[448, 458, 459, 446, 454, 455, 456, 460, 445, 280]"
459,"[448, 458, 459, 446, 454, 455, 456, 460, 445, 280]"
460,"[448, 458, 459, 446, 454, 455, 456, 460, 445, 280]"
461,[461]
