cat,a_cat,b_cat,to_x,to_y
1,105,1,272904.276589506,4995848.70990494
2,1652,1,271976.199088442,4997970.11568257
3,232,1,301342.229090254,4968727.75899115
4,303,1,294265.585798572,4972026.4214349
5,1852,1,305456.32979214,4996762.95750887
6,1756,1,287238.729976025,4980709.17641432
7,118,1,319015.324254852,4997640.25019343
8,232,1,301543.244789504,4975736.44608734
9,198,1,300007.113302543,4977906.37500451
10,45,1,308545.103935454,4992283.78271107
11,30,1,309172.445230301,4993031.9267409
12,1489,1,297018.754150474,5007644.31132814
13,1319,1,324321.667560169,4982709.39749724
14,810,1,279760.217964837,4995598.56491385
15,1833,1,276823.954622381,5000554.25375744
16,59,1,302231.482514905,4994816.25272083
17,2407,1,311278.165575783,4971981.97292816
18,927,1,311904.997232875,4973307.38694897
19,1868,1,297263.018311238,4970890.09588983
20,231,1,299062.607595066,4972423.59609882
21,5,1,295614.706794506,4990247.95413273
22,148,1,284477.858894772,4990158.41803198
23,130,1,287649.438435081,4990951.18275858
24,53,1,307216.050461893,4991489.14392468
25,245,1,303407.403019634,4980257.00852957
26,181,1,302847.545101997,4981901.1718042
27,999,1,314805.488494659,4981633.78762778
28,1935,1,308882.830391751,4975303.99147803
29,1179,1,308127.028686048,4979917.12452799
30,214,1,305681.501786604,4983422.1680134
31,46,1,308517.436813284,4989829.77665022
32,1841,1,315835.790627004,4978712.14324022
33,207,1,320969.479616088,4978963.23581672
34,132,1,289732.950104228,5003236.31841169
35,62,1,316621.432606639,4992334.33789583
36,273,1,290687.430895163,4985665.89378964
37,323,1,290524.937773157,4985539.96599854
38,273,1,290613.695796701,4983216.70100411
39,1569,1,289877.002670949,4982416.12092339
40,286,1,288974.622530761,4982795.25496873
41,14,1,290973.180831599,4988758.29116613
42,1468,1,319965.804896117,4996014.12181526
43,705,1,290817.269964854,5009196.46126903
44,656,1,291556.734312255,5009734.44860508
45,329,1,290596.714793728,4977163.41430598
46,1775,1,292056.629477527,4978736.0186411
47,261,1,292502.799036209,4979070.90005501
48,325,1,292716.94577557,4975828.86016841
49,111,1,286258.771567137,4998099.50187687
50,767,1,324377.766198359,5000716.62443229
51,228,1,312952.735021054,4979540.47607249
52,1318,1,325161.497759901,4984555.80129378
53,1318,1,325718.064503711,4984541.43259866
54,1243,1,327621.742196911,4983700.44323916
55,273,1,290502.641815601,4980157.9951802
56,180,1,298514.316605166,4980438.18127948
57,206,1,299680.718263328,4978815.33550944
58,38,1,296502.718443862,4999859.73090873
59,60,1,297542.526433778,4999328.51247912
60,53,1,303699.568459436,4991523.49877586
61,159,1,291341.317669503,5003176.4210223
62,810,1,318229.789097824,4992805.28407054
63,214,1,297991.510282859,4983661.85272013
64,237,1,310054.859677612,4976896.21272266
65,59,1,302401.782989258,5000310.77063686
66,422,1,300765.400226549,4999619.91564349
67,273,1,290562.466563991,4981907.58102788
68,284,1,289760.620934185,4982400.14111958
69,247,1,297374.146063821,4986924.03582735
70,181,1,298581.549614766,4982096.95615074
71,196,1,304809.517359855,4976995.44193773
72,230,1,306479.188442089,4978705.53761066
73,1852,1,304956.140964908,4981128.05616223
74,1854,1,301627.602780036,4988395.68852967
75,256,1,318947.059715871,4979842.24324265
76,53,1,296887.725630471,4991802.06499044
77,20,1,298862.914459287,4990870.76619584
78,422,1,300467.145500744,4990647.38112774
79,59,1,302093.252296452,4991121.01129723
80,40,1,304013.841483449,4994737.94068784
81,40,1,303663.288328247,4994747.27671426
82,422,1,300533.214660884,4992354.55940099
83,206,1,296399.753199982,4978933.66561439
84,58,1,303724.982315304,4991728.75067646
85,30,1,306292.6145784,4993085.49563878
86,323,1,294413.910698264,4985408.83606698
87,313,1,294329.042435724,4987026.56449868
88,293,1,293920.900570951,4985962.96717402
89,118,1,281464.769371266,4998763.99839229
90,68,1,284803.213956261,4998434.8143044
91,1198,1,315178.815238679,4998887.97975875
92,475,1,305616.463927453,5001085.18822464
93,656,1,291369.905167897,5004329.2522422
94,1111,1,291777.292626497,5004793.68411871
95,1699,1,292911.833672312,5002946.15925235
96,712,1,292910.988054776,5002558.32912271
97,46,1,316739.077436557,4989626.33703434
98,631,1,294737.377586244,5008932.12555033
99,706,1,293161.567579817,5009904.18479285
100,1177,1,319741.598962515,5005414.7452609
101,472,1,321058.245215261,5005487.65345262
102,32,1,320129.103077379,5001199.74492515
103,64,1,320092.017057785,5000853.33170456
104,91,1,294446.598186739,5000680.26206968
105,86,1,294703.329456294,5001483.77562823
106,86,1,295701.091983498,5001494.7244553
107,422,1,300844.836381826,5001680.22129012
108,20,1,299206.101226196,5001163.29646231
109,20,1,299312.449152409,5002770.96247981
110,460,1,300191.459070048,5004536.96568629
111,444,1,299553.915290672,5002946.18506289
112,118,1,301038.128045052,4998080.8667269
113,48,1,301608.99902125,4996444.01474639
114,243,1,311310.783422796,4978477.1669615
115,214,1,313814.795573787,4983236.59674546
116,2778,1,323808.124575514,4990636.70614578
117,4377,1,323636.660146873,4991049.87179876
118,1124,1,327196.039483659,4982891.47305962
119,1319,1,324398.485693174,4985115.85530425
120,293,1,293808.955622156,4982830.16843169
121,284,1,293688.603796117,4982219.95823517
122,566,1,291535.821282637,4981158.93041984
123,58,1,303794.143064197,4993668.53611558
124,59,1,302189.362480689,4993588.61236928
125,40,1,303264.105476582,4994762.67460048
126,1177,1,322537.957234863,5004123.56453844
127,247,1,297903.776056144,4986903.98024241
128,19,1,313644.069349961,4999551.96775098
129,25,1,316843.93796287,5000040.0852328
130,19,1,313600.480716918,4998208.22640151
131,578,1,327859.576038662,5004683.92063059
132,681,1,328227.434266052,5003145.93062208
133,1422,1,328973.488551227,5001395.02781694
134,1001,1,329354.237288831,5001449.44004438
135,198,1,300338.651255631,4986841.18634228
136,206,1,302635.246882312,4978685.04001397
137,245,1,301269.221835107,4980379.7225042
138,214,1,300770.945442027,4983565.68169454
139,247,1,300703.255499192,4986808.48895821
140,392,1,308752.26964805,4981755.10852528
141,227,1,320362.120464896,4981424.62259317
142,226,1,317887.062804074,4983165.46504561
143,227,1,318538.179360232,4981480.2101717
144,2002,1,321595.73647611,4970055.48170333
145,3141,1,322692.023428105,4968413.87835437
146,900,1,321479.92012776,4971852.44809948
147,1710,1,304013.078858262,4974061.30763624
148,392,1,313579.801376474,4981631.14433382
149,23,1,321540.496229797,4994371.78416872
150,323,1,288345.406168318,4985626.88505784
151,422,1,299796.987094961,4971028.55326085
152,1236,1,299216.660134553,4972404.33385513
153,198,1,299907.880218398,4973930.43397532
154,247,1,308319.713381759,4986605.15688712
155,1002,1,305169.454258782,4985055.05193275
156,88,1,290321.858012747,4992021.65288601
157,105,1,291471.042864409,4995175.97769463
158,1485,1,291032.968376954,4996003.93784755
159,137,1,291993.085607723,5000012.10502542
160,122,1,294631.872535355,4996671.80716903
161,1216,1,309837.741787587,4982662.83647445
162,137,1,290200.07851329,5000074.70631476
163,130,1,287991.160131737,5000678.33087259
164,54,1,311854.278703736,4994560.66447156
165,53,1,311979.950996599,4991368.0455456
166,40,1,313019.78121761,4994577.90579876
167,1135,1,325007.554893739,4997501.270775
168,1220,1,326398.628967057,4997096.28756804
169,1852,1,305171.240059512,4988221.18884366
170,1884,1,302696.294764394,4984995.77917319
171,214,1,302638.005687233,4983499.4809382
172,214,1,302657.937826421,4983498.75140308
173,836,1,325068.576941214,5006559.27491528
174,4291,1,323468.202744258,5004938.13070028
175,900,1,321504.717779985,4972959.63427104
176,900,1,321512.830914491,4973347.62152714
177,46,1,317718.633063145,4989586.10365614
178,32,1,319729.757384397,4988829.77751351
179,1901,1,325965.063533114,4983484.68077502
180,1124,1,325363.659860753,4982927.11377874
181,56,1,310481.181703613,5001380.07134958
182,474,1,315334.479960461,5002724.75057094
183,46,1,310404.551329957,4989773.23250171
184,230,1,306739.011336072,4986924.03554379
185,11,1,307581.436760667,4988238.95120657
186,415,1,322644.489831962,5004161.22253646
187,324,1,291151.449175317,4980749.30720324
188,237,1,318435.135169402,4976655.21191117
189,101,1,276710.819288424,4997407.94370977
190,88,1,291860.139063555,4991961.51703492
191,91,1,294192.096079702,4993936.27676657
192,251,1,322713.055422623,4982508.92221881
193,422,1,300566.554982032,4993028.32306494
194,122,1,285666.248647109,4996990.48428403
195,53,1,316493.773747044,4991243.21467649
196,62,1,316593.583564144,4991279.79674143
197,285,1,292384.154258058,4988419.77435716
198,132,1,289560.414974977,4999697.60428775
199,118,1,287578.60449807,4998551.65002339
200,54,1,311936.954958117,4996757.84477125
201,48,1,310967.317819697,4996239.85430721
202,195,1,314513.265130761,4979055.93006105
203,237,1,297246.420932768,4977286.10544702
204,236,1,296765.3100442,4977518.84966918
205,118,1,296382.328865653,4998248.1476825
206,226,1,318057.972471738,4987565.08323591
207,137,1,287296.162607047,5000175.93189847
208,137,1,288225.121624398,5000138.26825833
209,2778,1,324783.169211334,4996877.75179956
210,2778,1,324748.237359752,4995927.95236596
211,1854,1,303615.780589492,4988306.68394286
212,249,1,303592.780993231,4987824.58625458
213,5,1,295775.753016589,4994121.46223927
214,105,1,294865.613197142,4995055.69743207
215,1604,1,323439.99282699,5003744.81016329
216,87,1,292027.950344781,4990339.58462417
217,47,1,307195.363007379,4999906.04149743
218,56,1,310390.499653727,4998713.22364071
219,54,1,311993.350578091,4998381.5941786
220,767,1,326252.749844674,5000703.41916168
221,615,1,326507.672982551,5000684.08910767
222,1493,1,317002.226596693,4975090.54734885
223,237,1,304618.60920705,4977007.22309283
224,461,1,296490.138788517,5006253.92434768
225,425,1,299413.829886282,5005641.24301661
226,1121,1,322822.087018574,4985443.86433307
227,1594,1,322975.851832652,4995396.45733147
228,35,1,322830.953153256,4995902.55621474
229,323,1,287645.081198471,4985655.13595961
230,291,1,288348.63763736,4984008.31867847
231,422,1,300619.311826162,4994549.69429269
232,58,1,303831.505251293,4994728.83143263
233,520,1,316954.081253299,5002911.20148833
234,473,1,317847.889977848,5004179.07363836
235,1420,1,296107.093746894,5003002.05871254
236,1179,1,307979.866318992,4974897.47812561
237,1932,1,305562.231846567,4975092.14634011
238,23,1,321494.081923759,4992737.45316739
239,60,1,297201.190192895,4989123.05790025
240,236,1,297144.304993704,4987301.87683348
241,120,1,323472.35297147,4999109.58650478
242,1135,1,323437.805770461,4997504.14609131
243,118,1,323219.266595234,4997506.86695201
244,42,1,322026.545545554,4999164.46392189
245,11,1,316657.496139947,4988013.52531726
246,49,1,314887.221913416,4989119.73097048
247,46,1,313402.379847127,4989709.63870676
248,53,1,314560.202076,4991294.9589185
249,63,1,318216.953106746,4991712.6243692
250,23,1,321427.578192847,4990955.32742126
251,1468,1,319798.279986929,4990606.34513611
252,60,1,297364.826029931,4993513.96218831
253,20,1,299007.800502059,4994389.96295343
254,252,1,319282.998041246,4975840.39206938
255,207,1,320971.071884372,4979010.45224861
256,256,1,318571.14543102,4979854.43940971
257,137,1,295921.855572921,4999873.43288251
258,256,1,316099.546694984,4979919.36354253
259,241,1,316155.199517176,4980131.81083088
260,1266,1,272904.276589506,4995848.70990494
261,110,1,271956.623553805,4997501.76115795
262,72,1,271610.318732133,4999122.83231733
263,188,1,301011.346554636,4968281.16380984
264,1428,1,294265.987708496,4972549.03306169
265,57,1,305456.32979214,4996762.95750887
266,261,1,287370.601860466,4979207.02032738
267,214,1,299660.507382575,4983601.1998753
268,55,1,319015.30425965,4997640.25078055
269,143,1,318321.249397418,5002495.86856439
270,428,1,302700.901210886,4973846.19168863
271,192,1,301822.71374581,4975495.87080591
272,237,1,300103.862947735,4977179.01811139
273,422,1,300007.113302543,4977906.37500451
274,218,1,315179.558180503,5002602.124417
275,64,1,312212.704106323,5001081.47633505
276,118,1,275601.309335417,4998961.13630973
277,95,1,274602.740866677,5000605.26298205
278,185,1,311563.562361314,4986545.89007756
279,53,1,308585.762771417,4991438.36861584
280,1858,1,308567.462982873,4991416.79125506
281,45,1,308533.419107936,4991964.7348891
282,810,1,309172.470618238,4993031.92614889
283,1420,1,295453.890090342,4985403.52895809
284,5,1,295832.172505724,4995838.32748367
285,245,1,297928.665001374,4980495.54883001
286,46,1,321276.292320737,4989513.36884736
287,46,1,322183.172458079,4989479.06235089
288,211,1,319503.744037808,4973421.74314348
289,2812,1,318261.840047327,4972796.42200742
290,169,1,317204.366260373,4973477.00119593
291,230,1,306663.519689696,4983981.88351089
292,2706,1,301781.711860187,5004496.36558661
293,460,1,303075.624223079,5004461.14163682
294,617,1,296271.49713677,5007877.46015253
295,1680,1,296271.49713677,5007877.46015253
296,663,1,296271.49713677,5007877.46015253
297,444,1,303325.081188522,5002836.97729901
298,2706,1,302609.543106479,5005212.0628621
299,3152,1,324321.667560169,4982709.39749724
300,1124,1,323006.376514994,4982988.69126168
301,153,1,321298.437909053,4973370.42448752
302,84,1,278315.13259127,4996808.68959096
303,105,1,279760.217964837,4995598.56491385
304,1207,1,278315.13259127,4996808.68959096
305,165,1,312603.562899004,4984882.75995639
306,1208,1,322945.017430827,4986216.69596806
307,40,1,300795.875615416,4994848.6886207
308,40,1,302636.402492655,4994787.67294638
309,193,1,314041.773771232,4975171.35873049
310,228,1,312853.309655759,4975838.63793193
311,193,1,312503.942442651,4975209.07250623
312,179,1,312254.880396648,4973602.47890138
313,1493,1,312503.942442651,4975209.07250623
314,932,1,314416.897129552,4974334.89123081
315,226,1,317666.400867639,4975603.23195101
316,252,1,319449.021364295,4981737.8251041
317,168,1,319850.32168859,4983079.85022471
318,999,1,318793.822293343,4984159.51165128
319,247,1,317660.883538908,4986366.85319302
320,10,1,313779.127364837,4981271.35196169
321,30,1,322134.260955224,4992695.95823983
322,177,1,297348.586229375,4970640.62163208
323,1428,1,299062.587618656,4972423.5971423
324,1420,1,295614.706794506,4990247.95413273
325,87,1,290226.27884687,4990406.06807896
326,87,1,289056.161786334,4990454.16239835
327,87,1,286284.863272225,4990560.73314611
328,1831,1,282871.749722243,4990723.39232268
329,94,1,282871.749722243,4990723.39232268
330,111,1,286018.631982802,4990531.35520906
331,132,1,289229.819149826,4990251.50224426
332,91,1,294278.666300657,4996328.65903716
333,122,1,293315.759198579,4996724.19866088
334,118,1,292223.973822051,4998389.0208216
335,132,1,289588.050398893,5000315.23394373
336,30,1,312908.573849606,4992957.73832553
337,422,1,300360.93823673,4987498.60217365
338,1841,1,303407.403019634,4980257.00852957
339,249,1,303330.178407854,4980336.40147015
340,415,1,322660.781509566,5004950.18359035
341,615,1,326713.22582386,5006744.92405166
342,504,1,321527.433519956,4973364.25007661
343,1840,1,313439.704854667,4993756.38193601
344,253,1,314605.476492041,4981735.17730169
345,1493,1,308882.830391751,4975303.99147803
346,193,1,308882.830391751,4975303.99147803
347,56,1,310003.115919401,4988407.43238346
348,1841,1,307863.462962398,4980160.71916266
349,392,1,306722.580497935,4981792.70333888
350,402,1,294563.571897952,5003085.726116
351,631,1,294533.447898389,5003112.80652377
352,11,1,310656.025080565,4988155.21410517
353,241,1,316103.791607742,4978143.40768812
354,241,1,316115.696915469,4978717.49758332
355,678,1,289788.693483182,5003247.3926301
356,1841,1,321686.523226641,4978191.56398053
357,281,1,322549.218534545,4977450.16741475
358,30,1,317150.972222865,4992837.53579151
359,3887,1,322645.048469173,4978153.15540102
360,1982,1,324006.590629724,4981346.28332258
361,1420,1,295832.172505724,4995838.32748367
362,1053,1,322736.891861899,4983212.87365042
363,999,1,322342.879433383,4986407.70058811
364,1485,1,290687.430895163,4985665.89378964
365,1002,1,290524.937773157,4985539.96599854
366,273,1,290649.011193002,4984185.87497213
367,291,1,290718.12065956,4983912.52255508
368,1485,1,290613.695796701,4983216.70100411
369,180,1,298597.909690995,4982901.81358986
370,428,1,299935.461748145,4973945.26858159
371,428,1,298373.686357676,4974003.39343885
372,1854,1,290973.180831599,4988758.29116613
373,32,1,319965.804896117,4996014.12181526
374,1468,1,319639.308149373,4986664.91494744
375,11,1,319365.914590517,4987940.77656453
376,45,1,308906.404592907,5002516.76546235
377,50,1,311705.437772315,5002687.29947022
378,283,1,291278.92764315,4977499.77466831
379,285,1,292056.629477527,4978736.0186411
380,14,1,294038.156503048,4988643.30404054
381,1067,1,286258.771567137,4998099.50187687
382,1901,1,326028.352763655,4985023.27720114
383,1318,1,327613.226672323,4984501.68081379
384,1485,1,290502.641815601,4980157.9951802
385,181,1,297296.986198143,4982139.80040167
386,1907,1,297125.211208841,4978496.0655503
387,810,1,306657.361864072,4993079.28520188
388,158,1,290755.033059942,5003212.51279396
389,402,1,291356.502152114,5003191.25361418
390,158,1,291356.502152114,5003191.25361418
391,301,1,291356.502152114,5003191.25361418
392,678,1,291356.502152114,5003191.25361418
393,332,1,323223.427252009,4996700.92696106
394,440,1,302609.543106479,5005212.0628621
395,1048,1,320680.913086688,4991294.29731777
396,32,1,319825.844213554,4991432.77995971
397,30,1,321087.270601148,4992724.6019345
398,40,1,318707.886077409,4994409.31686797
399,30,1,318229.769102498,4992805.28450717
400,63,1,318239.792620878,4992412.47173485
401,159,1,290864.282141815,4990811.03804974
402,87,1,291284.046670984,4990365.01188355
403,486,1,311705.437772315,5002687.29947022
404,218,1,311705.437772315,5002687.29947022
405,197,1,311705.437772315,5002687.29947022
406,1216,1,310524.451691998,5002514.2313312
407,422,1,300782.570708942,5000172.41462014
408,38,1,300669.062728363,4999713.45530108
409,21,1,300765.400226549,4999619.91564349
410,1485,1,290562.466563991,4981907.58102788
411,1002,1,297604.798002599,4985296.1719284
412,180,1,298597.479823887,4982890.26436303
413,111,1,286239.459088629,4996962.56344394
414,1799,1,304809.517359855,4976995.44193773
415,237,1,305258.404428119,4976993.71208738
416,1795,1,304986.421057707,4981239.97944618
417,246,1,304956.140964908,4981128.05616223
418,1841,1,304598.372672189,4980227.77470911
419,11,1,301627.582686914,4988395.68916977
420,59,1,302045.988455294,4989671.08554913
421,532,1,320558.153033505,4979672.71837251
422,1197,1,323053.082585586,4994282.24699555
423,1831,1,323146.6179936,4994079.21699303
424,1207,1,323146.6179936,4994079.21699303
425,41,1,323146.6179936,4994079.21699303
426,326,1,323223.427252009,4996700.92696106
427,280,1,323223.427252009,4996700.92696106
428,1373,1,323223.427252009,4996700.92696106
429,3082,1,323223.427252009,4996700.92696106
430,464,1,323223.427252009,4996700.92696106
431,1050,1,323223.427252009,4996700.92696106
432,1831,1,323223.427252009,4996700.92696106
433,1207,1,323223.427252009,4996700.92696106
434,41,1,323223.427252009,4996700.92696106
435,173,1,313106.503544754,4984377.62993329
436,60,1,297279.343381071,4991590.95169464
437,1027,1,299807.985097484,4990088.32930499
438,21,1,300467.145500744,4990647.38112774
439,53,1,303206.04829362,4991552.01671608
440,21,1,300533.214660884,4992354.55940099
441,247,1,311261.179410474,4986526.27405672
442,1216,1,309972.624468678,4987368.55127535
443,1852,1,305299.735569851,4991971.91523998
444,810,1,306292.638199408,4993085.49524126
445,30,1,306657.335991936,4993079.28563154
446,47,1,306911.258843267,4991850.21889562
447,7,1,295453.890090342,4985403.52895809
448,1002,1,294413.910698264,4985408.83606698
449,293,1,293943.481354026,4986574.6248666
450,94,1,283233.935313879,4999789.32239067
451,137,1,282160.315611627,5000351.6963811
452,1601,1,281507.130359351,4999795.99194046
453,401,1,281585.066584413,5000375.71945939
454,72,1,283902.497989976,4998655.83524677
455,49,1,315178.815238679,4998887.97975875
456,49,1,315244.883513773,5000568.06945318
457,33,1,305776.302846194,5001199.37461676
458,24,1,305616.463927453,5001085.18822464
459,47,1,307259.656099848,5001758.26297435
460,632,1,291777.292626497,5004793.68411871
461,99,1,292910.988054776,5002558.32912271
462,836,1,324881.759271987,5000179.03389099
463,1908,1,322440.395415997,4989445.97501087
464,23,1,321382.578955099,4989685.479209
465,1854,1,319365.934586386,4987940.776143
466,252,1,319639.308149373,4986664.91494744
467,11,1,320389.518636203,4987919.01211992
468,252,1,319226.811231756,4973898.92079852
469,194,1,315784.310831406,4978311.24204088
470,460,1,301781.711860187,5004496.36558661
471,444,1,301314.514050127,5002894.4213333
472,1468,1,320129.103077379,5001199.74492515
473,63,1,318529.757749982,5001627.57116757
474,32,1,320110.526975607,5000667.05272081
475,211,1,321298.437909053,4973370.42448752
476,255,1,321298.437909053,4973370.42448752
477,152,1,321298.408593968,4973370.42534816
478,212,1,321298.408593968,4973370.42534816
479,177,1,321298.437909053,4973370.42448752
480,21,1,300844.836381826,5001680.22129012
481,424,1,299921.207705201,4999931.64147355
482,31,1,299107.073160878,5001397.39322206
483,2208,1,300191.459070048,5004536.96568629
484,272,1,299553.915290672,5002946.18506289
485,186,1,299553.915290672,5002946.18506289
486,67,1,299553.915290672,5002946.18506289
487,55,1,301038.10804674,4998080.86742254
488,1160,1,323808.124575514,4990636.70614578
489,1125,1,323636.660146873,4991049.87179876
490,3152,1,324398.485693174,4985115.85530425
491,1319,1,324377.669546799,4984458.87041483
492,293,1,293785.59491223,4982230.46898028
493,285,1,292154.075915282,4981526.48757945
494,192,1,297619.615872132,4975654.19040723
495,42,1,313316.792370611,4999427.9103029
496,2572,1,328765.584896935,5001477.14635672
497,584,1,328973.488551227,5001395.02781694
498,3704,1,329354.237288831,5001449.44004438
499,422,1,300338.651255631,4986841.18634228
500,232,1,301680.861668251,4979367.73381559
501,1841,1,301269.221835107,4980379.7225042
502,181,1,301401.594258718,4981991.20149986
503,1002,1,300295.126277614,4985203.70083148
504,214,1,307648.229492832,4983380.03781303
505,227,1,318769.338617669,4981475.08351432
506,207,1,321056.244597536,4981406.7146698
507,168,1,318422.267342193,4983117.14392802
508,882,1,317887.062804074,4983165.46504561
509,226,1,317998.246778476,4986348.81969225
510,252,1,319508.984361194,4983193.60873844
511,252,1,319465.211363713,4982157.17409198
512,678,1,295936.515180509,5003026.65132072
513,631,1,294578.882544826,5004464.54936746
514,2407,1,321489.053581932,4971679.04890662
515,244,1,304744.935966352,4974590.68351507
516,187,1,303840.031690434,4973811.54755073
517,1461,1,304579.4850828,4975397.57661145
518,1710,1,304889.791752706,4974915.22152195
519,810,1,322134.280948811,4992695.95773341
520,1002,1,288345.406168318,4985626.88505784
521,234,1,299809.377202358,4970767.27002929
522,176,1,299709.489967943,4971583.03087382
523,422,1,299907.880218398,4973930.43397532
524,247,1,310282.177022715,4986549.68706407
525,216,1,308350.436284048,4986969.2229455
526,242,1,308229.152083058,4982674.33077801
527,174,1,305169.454258782,4985055.05193275
528,1002,1,305745.037327144,4985037.17842164
529,1218,1,307165.481373337,4983644.5141861
530,99,1,292476.448488062,4990726.45220836
531,97,1,291093.835342314,4993570.35312317
532,159,1,291032.968376954,4996003.93784755
533,392,1,309403.301828945,4981741.15300666
534,1573,1,310837.42891132,4981662.50668954
535,56,1,309837.741787587,4982662.83647445
536,215,1,309837.741787587,4982662.83647445
537,137,1,289834.217153878,5000088.64276253
538,40,1,311686.375919854,4994605.5300461
539,810,1,312908.59433083,4992957.73828755
540,19,1,313439.704854667,4993756.38193601
541,54,1,311883.405073922,4995390.95997952
542,1216,1,310321.440413386,4996745.17539101
543,55,1,309426.836686432,4997887.18012805
544,2778,1,324881.759271987,5000179.03389099
545,1750,1,325007.554893739,4997501.270775
546,11,1,305788.25006759,4988282.14868682
547,246,1,305171.240059512,4988221.18884366
548,1854,1,299694.157798386,4988460.65232524
549,198,1,300360.93823673,4987498.60217365
550,174,1,303115.641455979,4985097.7569088
551,544,1,323468.202744258,5004938.13070028
552,1122,1,323468.202744258,5004938.13070028
553,823,1,323468.202744258,5004938.13070028
554,2578,1,323468.202744258,5004938.13070028
555,637,1,323468.202744258,5004938.13070028
556,323,1,323468.202744258,5004938.13070028
557,389,1,323468.202744258,5004938.13070028
558,3084,1,323468.202744258,5004938.13070028
559,1832,1,323468.202744258,5004938.13070028
560,542,1,321527.433519956,4973364.25007661
561,211,1,321527.433519956,4973364.25007661
562,255,1,321527.433519956,4973364.25007661
563,152,1,321527.413517433,4973364.2506338
564,212,1,321527.413517433,4973364.2506338
565,153,1,321527.433519956,4973364.25007661
566,177,1,321527.433519956,4973364.25007661
567,900,1,321489.898808661,4972332.3967684
568,56,1,310321.440413386,4996745.17539101
569,1468,1,319729.757384397,4988829.77751351
570,192,1,304579.50895658,4975397.57602518
571,122,1,295053.323426507,4996662.63433761
572,1216,1,310481.181703613,5001380.07134958
573,45,1,308886.446356676,5002010.01046414
574,486,1,315179.558180503,5002602.124417
575,50,1,315179.558180503,5002602.124417
576,197,1,315179.558180503,5002602.124417
577,1854,1,310656.04507367,4988155.21357773
578,1216,1,310003.115919401,4988407.43238346
579,45,1,308384.855410676,4988236.23819492
580,1854,1,305788.270129436,4988282.14829692
581,1841,1,291151.429013619,4980749.30775262
582,402,1,289788.693483182,5003247.3926301
583,158,1,289788.693483182,5003247.3926301
584,301,1,289788.693483182,5003247.3926301
585,402,1,290755.033059942,5003212.51279396
586,678,1,290755.033059942,5003212.51279396
587,301,1,290755.033059942,5003212.51279396
588,1053,1,322645.664529062,4980469.52218014
589,256,1,321837.054477996,4979777.77438679
590,1183,1,324006.590629724,4981346.28332258
591,882,1,317763.932894483,4979561.16194981
592,62,1,316642.10259134,4993122.61193849
593,138,1,276811.443711476,4997320.9283214
594,1207,1,278272.445680019,4995712.14453049
595,810,1,278350.501723282,4995647.89182446
596,99,1,292565.573913571,4993387.57201711
597,810,1,292686.31826652,4993516.97567115
598,3081,1,322713.055422623,4982508.92221881
599,1206,1,322713.055422623,4982508.92221881
600,1121,1,322713.055422623,4982508.92221881
601,281,1,322713.055422623,4982508.92221881
602,1053,1,322713.055422623,4982508.92221881
603,21,1,300566.554982032,4993028.32306494
604,30,1,299397.515854734,4993283.43687947
605,226,1,317823.944849854,4981263.59886848
606,999,1,313991.469888861,4981116.10581799
607,207,1,321294.040164786,4987696.53372088
608,1854,1,322081.642815457,4987047.45108319
609,62,1,316579.567409316,4990935.52133434
610,313,1,293154.360443442,4987062.25341268
611,14,1,292163.397943063,4988717.03478256
612,72,1,287578.60449807,4998551.65002339
613,130,1,287890.51014368,4998570.09293097
614,448,1,294022.411603185,4988213.95450592
615,63,1,318365.928797865,4996848.90072435
616,48,1,313855.014840755,4996177.65986072
617,48,1,313184.769415965,4996196.09628694
618,19,1,313528.058927923,4996095.34147224
619,49,1,315104.27724442,4996166.64911129
620,932,1,314513.265130761,4979055.93006105
621,206,1,297135.89948583,4978906.72074501
622,458,1,297246.441326192,4977286.10465074
623,55,1,296382.308765247,4998248.14842946
624,1420,1,295858.225464568,4996738.78195039
625,130,1,287953.889295683,4999811.87441169
626,1321,1,324783.169211334,4996877.75179956
627,1321,1,324748.237359752,4995927.95236596
628,11,1,303615.760592916,4988306.68431751
629,232,1,301988.724493976,4987978.19761518
630,1468,1,319825.844213554,4991432.77995971
631,810,1,321087.290595771,4992724.60143268
632,134,1,273072.612647996,5002292.45304717
633,98,1,275193.043841849,4999348.56576143
634,1420,1,295775.753016589,4994121.46223927
635,30,1,296219.930136517,4993396.34519063
636,1122,1,323439.99282699,5003744.81016329
637,544,1,323439.99282699,5003744.81016329
638,2578,1,323439.99282699,5003744.81016329
639,323,1,323439.99282699,5003744.81016329
640,595,1,323439.99282699,5003744.81016329
641,303,1,323439.99282699,5003744.81016329
642,637,1,323439.99282699,5003744.81016329
643,4291,1,323439.99282699,5003744.81016329
644,2697,1,323439.99282699,5003744.81016329
645,91,1,294107.636287759,4991053.06508482
646,42,1,307552.695400054,4999547.64482185
647,45,1,308776.373820059,4998833.61110481
648,1216,1,310390.499653727,4998713.22364071
649,615,1,326533.272957386,5001279.23185148
650,177,1,317204.389575738,4973477.00060654
651,255,1,317204.389575738,4973477.00060654
652,179,1,317204.366260373,4973477.00119593
653,143,1,317204.366260373,4973477.00119593
654,254,1,317204.366260373,4973477.00119593
655,882,1,317666.400867639,4975603.23195101
656,193,1,317002.226596693,4975090.54734885
657,1206,1,322851.301855198,4986203.55755922
658,251,1,322822.087018574,4985443.86433307
659,3081,1,322822.087018574,4985443.86433307
660,1053,1,322822.087018574,4985443.86433307
661,281,1,322822.087018574,4985443.86433307
662,1206,1,322822.087018574,4985443.86433307
663,3152,1,324377.669546799,4984458.87041483
664,1002,1,287645.081198471,4985655.13595961
665,314,1,287476.734994121,4985882.21060637
666,21,1,300619.311826162,4994549.69429269
667,520,1,316972.559788853,5003791.74556585
668,5,1,296107.093746894,5003002.05871254
669,242,1,307979.866318992,4974897.47812561
670,1086,1,305562.231846567,4975092.14634011
671,1750,1,323437.805770461,4997504.14609131
672,55,1,323219.246597872,4997506.86728289
673,62,1,316460.760470182,4988038.954337
674,49,1,314970.045780303,4991666.21669485
675,1854,1,313668.028481795,4988087.79932466
676,118,1,309426.85668059,4997887.17964469
677,63,1,318171.605447857,4990384.42317608
678,32,1,319798.279986929,4990606.34513611
679,30,1,297085.784438089,4993367.48195328
680,1067,1,286239.459088629,4996962.56344394
681,1420,1,295887.530968857,4997793.9141726
682,241,1,316146.087501666,4979881.67897979
683,226,1,317763.932894483,4979561.16194981
684,882,1,317823.944849854,4981263.59886848
685,1656,1,271976.199088442,4997970.11568257
686,118,1,271610.318732133,4999122.83231733
687,127,1,270323.546989762,5000677.76058755
688,1624,1,294265.585798572,4972026.4214349
689,283,1,288466.113838871,4977573.86176452
690,314,1,287263.166055482,4980691.53332843
691,258,1,318321.249397418,5002495.86856439
692,36,1,318321.249397418,5002495.86856439
693,545,1,318321.249397418,5002495.86856439
694,187,1,302700.901210886,4973846.19168863
695,239,1,302307.377819882,4974361.64090486
696,458,1,300103.883150183,4977179.0173164
697,1485,1,290864.282141815,4990811.03804974
698,54,1,312084.75585332,5000994.14898706
699,53,1,307887.131801926,4991464.6246382
700,45,1,308510.640476791,4991350.81036345
701,1057,1,307982.42380556,4999221.737769
702,242,1,308127.028686048,4979917.12452799
703,272,1,303325.081188522,5002836.97729901
704,186,1,303325.081188522,5002836.97729901
705,67,1,303325.081188522,5002836.97729901
706,138,1,278159.106703509,4997272.64530533
707,1854,1,296719.872376406,4988570.02535511
708,1493,1,314041.773771232,4975171.35873049
709,254,1,312254.880396648,4973602.47890138
710,257,1,312254.880396648,4973602.47890138
711,178,1,312254.880396648,4973602.47890138
712,255,1,312254.902731031,4973602.47829972
713,177,1,312254.902731031,4973602.47829972
714,195,1,314416.897129552,4974334.89123081
715,678,1,294563.571897952,5003085.726116
716,158,1,294563.571897952,5003085.726116
717,301,1,294563.571897952,5003085.726116
718,172,1,313779.127364837,4981271.35196169
719,1067,1,286018.631982802,4990531.35520906
720,72,1,292223.973822051,4998389.0208216
721,99,1,292702.46815581,4997504.05203028
722,215,1,309805.681781409,4981686.26225795
723,2778,1,324920.993660921,5001212.25711114
724,1002,1,303115.641455979,4985097.7569088
725,245,1,307863.462962398,4980160.71916266
726,230,1,306594.299254911,4981903.1139622
727,882,1,317729.062906429,4978620.44291783
728,1053,1,322549.218534545,4977450.16741475
729,1206,1,322549.218534545,4977450.16741475
730,251,1,322549.218534545,4977450.16741475
731,1121,1,322549.218534545,4977450.16741475
732,3081,1,322549.218534545,4977450.16741475
733,219,1,321686.523226641,4978191.56398053
734,810,1,317150.99221162,4992837.53506229
735,84,1,278272.445680019,4995712.14453049
736,3081,1,322566.375262087,4978174.92555626
737,1206,1,322645.664529062,4980469.52218014
738,1121,1,322645.664529062,4980469.52218014
739,3081,1,322645.664529062,4980469.52218014
740,281,1,322645.664529062,4980469.52218014
741,251,1,322645.664529062,4980469.52218014
742,281,1,322736.891861899,4983212.87365042
743,1121,1,322736.891861899,4983212.87365042
744,3081,1,322736.891861899,4983212.87365042
745,1206,1,322736.891861899,4983212.87365042
746,251,1,322736.891861899,4983212.87365042
747,1485,1,290649.011193002,4984185.87497213
748,187,1,299935.461748145,4973945.26858159
749,458,1,291278.947835348,4977499.77402983
750,1854,1,294038.156503048,4988643.30404054
751,836,1,324920.993660921,5001212.25711114
752,1373,1,323146.6179936,4994079.21699303
753,1050,1,323146.6179936,4994079.21699303
754,464,1,323146.6179936,4994079.21699303
755,280,1,323146.6179936,4994079.21699303
756,3082,1,323146.6179936,4994079.21699303
757,332,1,323146.6179936,4994079.21699303
758,326,1,323146.6179936,4994079.21699303
759,1501,1,327621.742196911,4983700.44323916
760,1841,1,297928.665001374,4980495.54883001
761,63,1,318266.209804028,4993209.32759336
762,56,1,310524.451691998,5002514.2313312
763,21,1,300782.570708942,5000172.41462014
764,174,1,297604.798002599,4985296.1719284
765,245,1,304598.372672189,4980227.77470911
766,256,1,319652.721335903,4979829.85293018
767,11,1,313668.004402434,4988087.80005089
768,247,1,314591.65116025,4986444.52941902
769,1840,1,313106.503544754,4984377.62993329
770,57,1,305299.735569851,4991971.91523998
771,7,1,295418.764307324,4984151.82403701
772,1420,1,295418.764307324,4984151.82403701
773,72,1,281464.769371266,4998763.99839229
774,613,1,281650.318333774,5000408.51691758
775,118,1,283902.497989976,4998655.83524677
776,1198,1,315244.883513773,5000568.06945318
777,177,1,319503.744037808,4973421.74314348
778,255,1,319503.744037808,4973421.74314348
779,153,1,319503.744037808,4973421.74314348
780,212,1,319503.72274625,4973421.7436242
781,152,1,319503.72274625,4973421.7436242
782,237,1,304292.876752737,4977013.67177807
783,272,1,301314.514050127,5002894.4213333
784,186,1,301314.514050127,5002894.4213333
785,67,1,301314.514050127,5002894.4213333
786,1468,1,320110.526975607,5000667.05272081
787,187,1,298373.686357676,4974003.39343885
788,249,1,303245.223939617,4978081.43536774
789,174,1,300295.126277614,4985203.70083148
790,1447,1,300296.211764133,4985240.39785962
791,1447,1,300530.668154455,4986098.55852399
792,165,1,318697.338650697,4984726.41592827
793,158,1,295936.515180509,5003026.65132072
794,301,1,295936.515180509,5003026.65132072
795,402,1,295936.515180509,5003026.65132072
796,900,1,321460.623703761,4970629.5883978
797,900,1,321476.364349161,4971593.59976413
798,1840,1,313600.837517403,4980292.98035592
799,10,1,313594.508021682,4980958.03831845
800,198,1,299796.987094961,4971028.55326085
801,56,1,309972.624468678,4987368.55127535
802,215,1,309972.624468678,4987368.55127535
803,174,1,305745.037327144,4985037.17842164
804,1207,1,323235.034048693,4997068.24990423
805,97,1,292686.31826652,4993516.97567115
806,159,1,290969.351241812,4993501.79633523
807,243,1,311388.441776262,4980889.3491784
808,11,1,299694.137774671,4988460.65288718
809,249,1,303445.501049439,4983494.41814051
810,105,1,278350.501723282,4995647.89182446
811,99,1,292525.784511181,4992281.15499534
812,99,1,292549.635418435,4992937.76562592
813,251,1,322566.375262087,4978174.92555626
814,1121,1,322566.375262087,4978174.92555626
815,1206,1,322566.375262087,4978174.92555626
816,1053,1,322566.375262087,4978174.92555626
817,281,1,322566.375262087,4978174.92555626
818,1347,1,322645.02847406,4978153.15597098
819,810,1,299397.535841678,4993283.43615624
820,182,1,322081.642815457,4987047.45108319
821,1854,1,292163.397943063,4988717.03478256
822,1840,1,313528.058927923,4996095.34147224
823,35,1,316899.103995502,4996087.53779815
824,999,1,313641.783789869,4980881.09006871
825,1841,1,313548.132449307,4980021.55454425
826,118,1,295568.309659992,4998275.68098602
827,5,1,295858.225464568,4996738.78195039
828,78,1,273682.981660281,5001998.0543982
829,72,1,275601.309335417,4998961.13630973
830,810,1,296219.950127069,4993396.34453599
831,3704,1,327637.460396464,5002135.5533106
832,1121,1,322851.301855198,4986203.55755922
833,1053,1,322851.301855198,4986203.55755922
834,3081,1,322851.301855198,4986203.55755922
835,281,1,322851.301855198,4986203.55755922
836,251,1,322851.301855198,4986203.55755922
837,11,1,296719.852385567,4988570.02602303
838,326,1,323235.034048693,4997068.24990423
839,464,1,323235.034048693,4997068.24990423
840,332,1,323235.034048693,4997068.24990423
841,280,1,323235.034048693,4997068.24990423
842,3082,1,323235.034048693,4997068.24990423
843,1050,1,323235.034048693,4997068.24990423
844,1831,1,323235.034048693,4997068.24990423
845,1373,1,323235.034048693,4997068.24990423
846,41,1,323235.034048693,4997068.24990423
847,1854,1,316657.51768547,4988013.52439056
848,165,1,313888.532627,4984850.49503131
849,810,1,297085.808915129,4993367.48111664
850,252,1,319377.25132242,4979848.18356747
851,458,1,288466.133857713,4977573.86144578
852,1461,1,301822.691767119,4975495.87176831
853,1858,1,308526.329661613,4991368.29350815
854,118,1,277204.208830072,4998926.58844552
855,72,1,277204.208830072,4998926.58844552
856,1216,1,309805.681781409,4981686.26225795
857,56,1,309805.681781409,4981686.26225795
858,226,1,317729.062906429,4978620.44291783
859,256,1,320440.50655674,4979808.7765502
860,256,1,320030.142324229,4979822.13115861
861,73,1,281650.318333774,5000408.51691758
862,1447,1,300785.885708881,4986309.28211169
863,1447,1,300875.164334224,4986384.66196752
864,1914,1,318793.822293343,4984159.51165128
865,6,1,313600.837517403,4980292.98035592
866,164,1,313641.783789869,4980881.09006871
867,1485,1,290969.351241812,4993501.79633523
868,810,1,291093.835342314,4993570.35312317
869,246,1,305050.024092273,4983679.64451499
870,1852,1,305050.024092273,4983679.64451499
871,245,1,313548.132449307,4980021.55454425
872,72,1,295568.309659992,4998275.68098602
873,5,1,295887.530968857,4997793.9141726
874,1447,1,300592.235732566,4986153.97160133
875,1447,1,300621.251980419,4986178.72648771
876,1447,1,300896.912516956,4986597.05646463
877,1447,1,300944.418945775,4986490.52791501
878,1447,1,300944.263615449,4986496.24255144
