root,chain
1,"[504, 1]"
2,[2]
3,[3]
4,[4]
5,[5]
6,[6]
7,[7]
8,[8]
9,[9]
10,[10]
11,[11]
12,[12]
13,[13]
14,[14]
15,[15]
16,[16]
17,[17]
18,[18]
19,[19]
20,[20]
21,[21]
22,"[22, 155]"
23,[23]
24,[24]
25,[25]
26,"[443, 26]"
27,[27]
28,[28]
29,[29]
30,[30]
31,[31]
32,[32]
33,[33]
34,[34]
35,[35]
36,[36]
37,[37]
38,[38]
39,[39]
40,[40]
41,[41]
42,[42]
43,[43]
44,[44]
45,[45]
46,[46]
47,[47]
48,[48]
49,[49]
50,[50]
51,"[54, 363, 51]"
52,[52]
53,[53]
54,"[54, 363, 51]"
55,[55]
56,"[457, 56]"
57,[57]
58,[58]
59,[59]
60,[60]
61,[61]
62,[62]
63,[63]
64,[64]
65,[65]
66,[66]
67,[67]
68,[68]
69,[69]
70,[70]
71,[71]
72,[72]
73,[73]
74,[74]
75,[75]
76,[76]
77,[77]
78,[78]
79,[79]
80,[80]
81,[81]
82,[82]
83,[83]
84,[84]
85,[85]
86,[86]
87,[87]
88,[88]
89,[89]
90,[90]
91,[91]
92,[92]
93,[93]
94,[94]
95,"[341, 95]"
96,[96]
97,[97]
98,[98]
99,[99]
100,[100]
101,[101]
102,[102]
103,[103]
104,[104]
105,[105]
106,[106]
107,[107]
108,[108]
109,[109]
110,[110]
111,[111]
112,[112]
113,[113]
114,[114]
115,[115]
116,[116]
117,[117]
118,[118]
119,[119]
120,"[120, 122, 124]"
121,[121]
122,"[120, 122, 124]"
123,"[306, 123]"
124,"[120, 122, 124]"
125,"[125, 127, 425, 426, 131, 133]"
126,"[307, 126]"
127,"[125, 127, 425, 426, 131, 133]"
128,[128]
129,[129]
130,[130]
131,"[125, 127, 425, 426, 131, 133]"
132,[132]
133,"[125, 127, 425, 426, 131, 133]"
134,[134]
135,"[135, 136, 427, 137, 371, 431, 356]"
136,"[135, 136, 427, 137, 371, 431, 356]"
137,"[135, 136, 427, 137, 371, 431, 356]"
138,"[138, 139, 428]"
139,"[138, 139, 428]"
140,[140]
141,"[429, 430, 141, 144, 146, 147]"
142,"[142, 372, 143]"
143,"[142, 372, 143]"
144,"[429, 430, 141, 144, 146, 147]"
145,[145]
146,"[429, 430, 141, 144, 146, 147]"
147,"[429, 430, 141, 144, 146, 147]"
148,"[148, 435]"
149,[149]
150,[150]
151,"[458, 151]"
152,[152]
153,[153]
154,[154]
155,"[22, 155]"
156,[156]
157,[157]
158,[158]
159,[159]
160,[160]
161,[161]
162,[162]
163,"[309, 163]"
164,[164]
165,[165]
166,[166]
167,[167]
168,[168]
169,"[169, 357, 170]"
170,"[169, 357, 170]"
171,"[444, 171]"
172,[172]
173,[173]
174,[174]
175,[175]
176,[176]
177,[177]
178,[178]
179,"[368, 179, 205, 459]"
180,[180]
181,[181]
182,[182]
183,[183]
184,"[313, 184]"
185,[185]
186,[186]
187,[187]
188,[188]
189,[189]
190,[190]
191,[191]
192,[192]
193,[193]
194,[194]
195,[195]
196,[196]
197,"[452, 197]"
198,"[198, 317, 320]"
199,"[450, 451, 361, 314, 199, 354, 210]"
200,[200]
201,[201]
202,[202]
203,"[318, 203]"
204,[204]
205,"[368, 179, 205, 459]"
206,[206]
207,[207]
208,[208]
209,[209]
210,"[450, 451, 361, 314, 199, 354, 210]"
211,[211]
212,"[505, 212]"
213,[213]
214,[214]
215,[215]
216,[216]
217,[217]
218,[218]
219,"[220, 224, 219]"
220,"[220, 224, 219]"
221,[221]
222,[222]
223,"[322, 323, 223]"
224,"[220, 224, 219]"
225,[225]
226,[226]
227,[227]
228,[228]
229,"[237, 229]"
230,[230]
231,[231]
232,"[232, 234]"
233,[233]
234,"[232, 234]"
235,[235]
236,[236]
237,"[237, 229]"
238,"[238, 469]"
239,[239]
240,[240]
241,[241]
242,"[470, 471, 243, 242, 324]"
243,"[470, 471, 243, 242, 324]"
244,[244]
245,[245]
246,"[326, 246]"
247,[247]
248,[248]
249,[249]
250,[250]
251,[251]
252,[252]
253,[253]
254,[254]
255,"[256, 255]"
256,"[256, 255]"
257,[257]
258,[258]
259,[259]
260,[260]
261,"[331, 261]"
262,[262]
263,"[264, 263]"
264,"[264, 263]"
265,[265]
266,[266]
267,[267]
268,"[485, 328, 268]"
269,"[269, 480]"
270,[270]
271,"[502, 271]"
272,[272]
273,[273]
274,[274]
275,[275]
276,[276]
277,[277]
278,[278]
279,"[462, 279]"
280,[280]
281,"[509, 510, 332, 281, 346, 347, 501, 507, 508, 482]"
282,[282]
283,"[283, 333]"
284,[284]
285,[285]
286,[286]
287,"[287, 335]"
288,"[338, 288]"
289,[289]
290,"[290, 340, 295]"
291,[291]
292,[292]
293,[293]
294,[294]
295,"[290, 340, 295]"
296,[296]
297,[297]
298,[298]
299,"[511, 299]"
300,"[493, 300, 484, 461]"
301,"[301, 344]"
302,"[353, 302]"
303,[303]
304,[304]
305,[305]
306,"[306, 123]"
307,"[307, 126]"
308,"[441, 308]"
309,"[309, 163]"
310,[310]
311,"[362, 311, 315, 453, 316]"
312,[312]
313,"[313, 184]"
314,"[450, 451, 361, 314, 199, 354, 210]"
315,"[362, 311, 315, 453, 316]"
316,"[362, 311, 315, 453, 316]"
317,"[198, 317, 320]"
318,"[318, 203]"
319,"[456, 319]"
320,"[198, 317, 320]"
321,[321]
322,"[322, 323, 223]"
323,"[322, 323, 223]"
324,"[470, 471, 243, 242, 324]"
325,"[473, 325]"
326,"[326, 246]"
327,[327]
328,"[485, 328, 268]"
329,[329]
330,"[330, 498, 366, 497]"
331,"[331, 261]"
332,"[509, 510, 332, 281, 346, 347, 501, 507, 508, 482]"
333,"[283, 333]"
334,[334]
335,"[287, 335]"
336,"[336, 337]"
337,"[336, 337]"
338,"[338, 288]"
339,[339]
340,"[290, 340, 295]"
341,"[341, 95]"
342,"[350, 506, 342]"
343,"[475, 477, 343]"
344,"[301, 344]"
345,[345]
346,"[509, 510, 332, 281, 346, 347, 501, 507, 508, 482]"
347,"[509, 510, 332, 281, 346, 347, 501, 507, 508, 482]"
348,[348]
349,"[349, 464]"
350,"[350, 506, 342]"
351,[351]
352,"[352, 369]"
353,"[353, 302]"
354,"[450, 451, 361, 314, 199, 354, 210]"
355,[355]
356,"[135, 136, 427, 137, 371, 431, 356]"
357,"[169, 357, 170]"
358,[358]
359,"[359, 360]"
360,"[359, 360]"
361,"[450, 451, 361, 314, 199, 354, 210]"
362,"[362, 311, 315, 453, 316]"
363,"[54, 363, 51]"
364,[364]
365,"[483, 365]"
366,"[330, 498, 366, 497]"
367,[367]
368,"[368, 179, 205, 459]"
369,"[352, 369]"
370,[370]
371,"[135, 136, 427, 137, 371, 431, 356]"
372,"[142, 372, 143]"
373,[373]
374,[374]
375,[375]
376,[376]
377,[377]
378,[378]
379,[379]
380,[380]
381,[381]
382,[382]
383,[383]
384,[384]
385,[385]
386,[386]
387,[387]
388,[388]
389,[389]
390,[390]
391,[391]
392,[392]
393,[393]
394,[394]
395,[395]
396,[396]
397,[397]
398,[398]
399,[399]
400,[400]
401,[401]
402,[402]
403,[403]
404,[404]
405,[405]
406,[406]
407,[407]
408,[408]
409,[409]
410,[410]
411,[411]
412,[412]
413,[413]
414,[414]
415,[415]
416,[416]
417,[417]
418,[418]
419,[419]
420,[420]
421,[421]
422,[422]
423,"[503, 423]"
424,[424]
425,"[125, 127, 425, 426, 131, 133]"
426,"[125, 127, 425, 426, 131, 133]"
427,"[135, 136, 427, 137, 371, 431, 356]"
428,"[138, 139, 428]"
429,"[429, 430, 141, 144, 146, 147]"
430,"[429, 430, 141, 144, 146, 147]"
431,"[135, 136, 427, 137, 371, 431, 356]"
432,"[432, 433]"
433,"[432, 433]"
434,[434]
435,"[148, 435]"
436,"[437, 436]"
437,"[437, 436]"
438,"[438, 439, 440]"
439,"[438, 439, 440]"
440,"[438, 439, 440]"
441,"[441, 308]"
442,[442]
443,"[443, 26]"
444,"[444, 171]"
445,[445]
446,[446]
447,[447]
448,"[448, 449]"
449,"[448, 449]"
450,"[450, 451, 361, 314, 199, 354, 210]"
451,"[450, 451, 361, 314, 199, 354, 210]"
452,"[452, 197]"
453,"[362, 311, 315, 453, 316]"
454,"[454, 455]"
455,"[454, 455]"
456,"[456, 319]"
457,"[457, 56]"
458,"[458, 151]"
459,"[368, 179, 205, 459]"
460,[460]
461,"[493, 300, 484, 461]"
462,"[462, 279]"
463,[463]
464,"[349, 464]"
465,[465]
466,[466]
467,"[494, 467]"
468,[468]
469,"[238, 469]"
470,"[470, 471, 243, 242, 324]"
471,"[470, 471, 243, 242, 324]"
472,"[490, 472]"
473,"[473, 325]"
474,[474]
475,"[475, 477, 343]"
476,[476]
477,"[475, 477, 343]"
478,[478]
479,[479]
480,"[269, 480]"
481,[481]
482,"[509, 510, 332, 281, 346, 347, 501, 507, 508, 482]"
483,"[483, 365]"
484,"[493, 300, 484, 461]"
485,"[485, 328, 268]"
486,[486]
487,[487]
488,[488]
489,[489]
490,"[490, 472]"
491,[491]
492,[492]
493,"[493, 300, 484, 461]"
494,"[494, 467]"
495,"[495, 496]"
496,"[495, 496]"
497,"[330, 498, 366, 497]"
498,"[330, 498, 366, 497]"
499,[499]
500,[500]
501,"[509, 510, 332, 281, 346, 347, 501, 507, 508, 482]"
502,"[502, 271]"
503,"[503, 423]"
504,"[504, 1]"
505,"[505, 212]"
506,"[350, 506, 342]"
507,"[509, 510, 332, 281, 346, 347, 501, 507, 508, 482]"
508,"[509, 510, 332, 281, 346, 347, 501, 507, 508, 482]"
509,"[509, 510, 332, 281, 346, 347, 501, 507, 508, 482]"
510,"[509, 510, 332, 281, 346, 347, 501, 507, 508, 482]"
511,"[511, 299]"
