cat,a_cat,b_cat,to_x,to_y
1,1097,1,292079.118690072,4970821.6439171
2,108,1,245705.922614424,4985681.61881841
3,1196,1,250788.999556971,4972757.6215668
4,1131,1,281508.365443516,4973947.09745123
5,901,1,257208.427319756,4971140.81147434
6,1008,1,258139.644359989,4980385.91478364
7,157,1,256727.717362925,4982019.21690562
8,2148,1,257495.959712713,5001424.75778865
9,538,1,245583.282319505,5003375.5203361
10,1809,1,266185.122749705,4977884.72746271
11,1608,1,242075.337146685,4974583.7135039
12,1132,1,291483.64381219,4971119.65349142
13,724,1,234642.703897539,4989404.62596559
14,1178,1,238856.313117881,5003694.54018925
15,85,1,238335.817813821,5005465.8568585
16,403,1,237043.397671681,5008241.73041854
17,1926,1,250519.05972865,4987961.02659329
18,157,1,257434.748187495,4999456.6480935
19,1164,1,252488.695577529,4970934.43355998
20,2035,1,245562.790418552,5009932.51445028
21,592,1,271546.363520432,4966953.95804706
22,597,1,258598.862172557,4964108.35202831
23,241,1,250926.8706999,4999972.87299105
24,121,1,235831.588304626,4991472.62469829
25,1332,1,263515.368031813,4988474.68077448
26,198,1,276569.898944691,4972271.28702054
27,1987,1,275817.8473,4973308.02244283
28,1639,1,282994.948781327,4970571.92325641
29,1132,1,286132.007144757,4971329.55288055
30,1008,1,268743.973098671,4979936.57711741
31,2244,1,245829.054993188,4996938.51894541
32,2040,1,239140.354893236,4985979.17816045
33,34,1,248573.522966218,4967869.17972136
34,157,1,257275.675302718,4994876.83210777
35,252,1,278959.714300396,4966640.36291415
36,1367,1,277826.083881965,4965173.11051831
37,1447,1,264537.666459946,4968811.57452501
38,1447,1,264014.316948173,4968826.9571882
39,1023,1,270096.263230362,4970242.43784932
40,1071,1,263624.978909615,4959144.90583787
41,223,1,265478.258069803,4962329.23953798
42,223,1,261004.994328004,4962429.56370948
43,1008,1,268042.718309643,4979972.65030451
44,434,1,269842.804029282,4978279.74972285
45,1808,1,271103.709331866,4979373.29811414
46,2088,1,260274.067709285,4988731.27212777
47,1182,1,242016.193024002,5005203.26570083
48,1362,1,244422.547152111,4973203.27361571
49,619,1,246594.813535536,4971204.61892607
50,1729,1,263779.867592441,4984961.69437443
51,724,1,257597.581070281,4988492.9249151
52,157,1,257085.411117191,4990216.747
53,1028,1,279988.364420165,4978737.88383272
54,1320,1,279091.497704353,4976933.9127
55,435,1,279038.368002848,4976341.67726558
56,979,1,246222.03631683,5000820.1493653
57,1084,1,255434.313604046,4990316.98901083
58,32,1,242589.719728598,4968272.69962671
59,223,1,241062.047298138,4963326.31543193
60,1551,1,274186.107129564,4975279.42364126
61,241,1,255246.229708332,4999773.66376249
62,116,1,234192.029102037,4990718.01175574
63,1690,1,287778.652355682,4971406.15586061
64,361,1,273242.24204337,4967889.53309832
65,1009,1,266112.143757715,4975741.06855272
66,1008,1,275212.562004732,4979738.63133559
67,398,1,247445.655697358,4969804.80397532
68,360,1,272371.366463255,4970160.23108848
69,300,1,265219.029639978,4969001.18934275
70,1447,1,266601.269558661,4968790.83072534
71,1230,1,270002.753842236,4968328.63434939
72,448,1,271329.667282116,4970198.14596414
73,1346,1,268167.196451781,4963871.92600096
74,1346,1,258710.06440868,4964137.80100485
75,655,1,266962.678479318,4974386.07996448
76,1557,1,269319.563317586,4975096.77261673
77,1703,1,275083.196090064,4966880.69789104
78,435,1,276145.716883741,4976463.54016976
79,450,1,277505.032630824,4978027.0065265
80,1029,1,275834.610611075,4976487.01370278
81,157,1,257188.624219063,4993715.78690227
82,1993,1,260120.828452116,4984876.22496717
83,1994,1,284513.572396275,4968145.07057545
84,1367,1,279453.756794526,4965111.27106966
85,592,1,271764.490854177,4966944.55895033
86,1265,1,271466.333241677,4965199.76703388
87,354,1,266820.571431788,4969578.23434169
88,905,1,259457.196235521,4965763.09433732
89,1023,1,259329.911618026,4970617.04391359
90,293,1,258787.573133016,4969828.8100502
91,353,1,271377.846789038,4971822.76516083
92,954,1,271786.003000428,4971833.29506081
93,87,1,243190.80964415,5007877.12040882
94,2149,1,258639.893706029,4995613.14517728
95,538,1,244259.870313784,5003425.50568703
96,270,1,251291.292286494,4987111.75927951
97,1687,1,252718.986644492,4987040.29984852
98,157,1,257116.542974392,4991257.7193529
99,1994,1,287023.110444152,4968051.42829998
100,1403,1,286149.121511575,4971064.13035937
101,87,1,243074.659593166,5002670.34051356
102,1987,1,277861.450007061,4973212.38979017
103,1046,1,256293.357052812,4991525.0567131
104,1533,1,238405.145044259,4992541.8029495
105,721,1,237835.066260222,4990952.41810234
106,1008,1,273574.569732648,4979773.76964539
107,198,1,276368.757971086,4967575.78928328
108,592,1,274340.616686934,4966894.91614304
109,1142,1,276282.857319563,4966082.81877548
110,1142,1,276279.642641814,4966022.83739487
111,1227,1,268596.793474891,4973317.53927065
112,127,1,267771.994800982,4977465.41943511
113,1987,1,285899.6945,4972958.5174522
114,236,1,289440.440416003,4972226.63632673
115,1987,1,288760.768348207,4972861.13355279
116,1168,1,256448.49035803,4965871.94163554
117,1551,1,274464.405009576,4981326.85999847
118,1578,1,254406.260735531,4991854.62669085
119,1684,1,255224.936901978,4990171.36594122
120,424,1,234374.386480773,4987802.23579144
121,237,1,253877.540680611,4992445.98473692
122,204,1,236754.140106446,4982844.18536627
123,468,1,278074.044227052,4969365.98528696
124,1011,1,274951.438748129,4970338.3625772
125,360,1,273351.12935839,4970136.61765819
126,1807,1,273082.466247917,4965321.85358192
127,1742,1,268387.139985447,4968552.1746712
128,1742,1,268347.555800962,4967660.11004222
129,2277,1,268330.268114371,4967713.49787922
130,1233,1,273478.546983042,4973960.76945824
131,129,1,272393.271361638,4981450.30050044
132,1008,1,272343.261422725,4979793.88466881
133,1013,1,266931.327564823,4976737.14083042
134,2207,1,252080.163849253,4986654.22872019
135,129,1,267960.333131898,4981621.16075316
136,1169,1,263278.211480043,4975359.51652895
137,299,1,262594.602415266,4973723.71199765
138,105,1,247941.347232118,4995268.40847787
139,2167,1,247540.825449022,4995523.98335
140,460,1,265195.968964497,4991308.65298413
141,3,1,248066.532922581,4971127.16592814
142,3,1,247516.403592159,4971154.84178255
143,812,1,252945.61073211,4998259.55118732
144,237,1,254088.767083394,4997507.79939172
145,1037,1,261317.740599076,4989952.92221531
146,409,1,243894.987939412,4983592.20345432
147,830,1,265723.831575804,4991785.24619942
148,1281,1,235218.473473885,4992607.69292488
149,538,1,249127.256809576,5003237.77782211
150,1896,1,246434.612028731,5001732.48242091
151,87,1,243029.773175592,5001661.8318826
152,157,1,256888.822268337,4985163.62695777
153,1132,1,283767.844057676,4971380.19704754
154,203,1,284714.375809029,4972756.97825811
155,2224,1,279522.352116162,4965898.78789604
156,1703,1,282091.516111623,4966535.08891729
157,1708,1,275248.885977154,4970097.9412172
158,1367,1,275451.459261693,4965260.56978505
159,1742,1,268416.883220458,4969046.9056668
160,1315,1,264842.257636342,4959918.51669522
161,1726,1,264819.69786146,4959109.67972333
162,1315,1,264804.85208932,4959089.93563504
163,1805,1,268184.689363038,4963691.98086362
164,718,1,268155.751147182,4962606.4372837
165,1805,1,268127.322658336,4962245.9330162
166,1744,1,260191.338909119,4963192.72619089
167,949,1,269914.295688327,4966540.3950169
168,1554,1,269351.283172387,4975887.47135225
169,435,1,267937.820775233,4976713.74277173
170,1554,1,269351.629760398,4975344.88576133
171,1008,1,270740.827110702,4979864.41309079
172,129,1,265804.648204623,4981744.90305236
173,1008,1,264973.641468352,4980118.32801874
174,1829,1,259965.13869992,4990024.22420629
175,1571,1,259418.180870283,4990242.31423132
176,398,1,241603.694131143,5006053.24425332
177,398,1,241642.242854926,5007558.88709889
178,245,1,254615.079978082,4998211.95618477
179,2087,1,262991.142324182,4993157.03544937
180,2087,1,262760.515132085,4993163.73109054
181,2087,1,262075.519458942,4993200.91187579
182,1332,1,263583.877499135,4992262.01151413
183,733,1,235861.229605822,4992180.57532264
184,765,1,257680.455283603,4990102.06411423
185,157,1,257001.863722986,4988537.91319134
186,1096,1,255207.220987004,5003038.84483233
187,1132,1,278935.6814,4971515.13612803
188,468,1,278168.638636509,4971564.55239477
189,943,1,275012.744596428,4971552.4927664
190,1987,1,277018.629430172,4973250.24235014
191,1805,1,268225.825004684,4964679.04835574
192,1700,1,263724.603606125,4965639.67152274
193,241,1,248703.934644079,5000038.33147659
194,812,1,248441.565089339,4998429.66823816
195,246,1,246863.116898368,4998499.49769696
196,198,1,276457.013644774,4969553.36304402
197,1994,1,283375.531659586,4968135.62466302
198,2087,1,253686.211004862,4993520.14145175
199,463,1,256016.600709612,4991794.69129017
200,724,1,232593.119417435,4989495.80758105
201,1780,1,246450.189642144,5006564.24138206
202,86,1,244739.139248912,5006578.92280233
203,1084,1,255807.562859665,4999552.2297602
204,1281,1,233062.009202918,4992709.438476
205,725,1,251202.477254613,4990387.22695029
206,1006,1,274370.785722128,4979347.90465059
207,621,1,248100.615179719,4969509.35337818
208,398,1,247476.504528389,4970466.35018202
209,1346,1,264489.547654752,4963983.23217828
210,438,1,267834.6313964,4975148.51889587
211,1227,1,268205.280611007,4973559.52535806
212,847,1,250959.951381432,5000340.1276751
213,838,1,250762.69645449,5001587.12310619
214,1662,1,251846.07917735,5002001.1883589
215,2167,1,247990.95175523,5006920.9275209
216,1096,1,254875.280936343,5003060.08030834
217,1403,1,286008.644429227,4967280.43708084
218,1640,1,282869.270896979,4967872.89028744
219,1703,1,279599.089915737,4966654.75184276
220,1993,1,275654.406117593,4970006.5243411
221,359,1,273304.002787106,4969337.51115748
222,1403,1,286192.977937368,4972484.63972799
223,1950,1,258737.529075145,4969024.35843045
224,434,1,272632.66294729,4978189.3622243
225,752,1,270964.505819336,4971470.88403737
226,87,1,243159.972535756,5007204.55422545
227,435,1,275633.895211057,4976478.61221955
228,435,1,273900.625949175,4976523.19030726
229,725,1,251664.108737695,4990365.05709586
230,567,1,252635.066812924,4991946.38304856
231,2167,1,247532.543112116,4994728.79075071
232,353,1,269719.048534113,4971874.38065704
233,1554,1,270149.12116126,4971267.50661994
234,127,1,267740.153433954,4976698.42836292
235,1806,1,271637.576832938,4982764.92796214
236,1994,1,275727.311948201,4968400.12397453
237,1700,1,257444.976894019,4965831.69323867
238,425,1,235214.731018836,4986147.32320244
239,436,1,271228.204256447,4975000.12859084
240,129,1,270892.187812904,4981505.84974827
241,2167,1,247796.122005455,5001567.6551929
242,468,1,277955.462161662,4965913.11713824
243,300,1,265124.92764224,4966216.07856412
244,601,1,261559.463354574,4963516.74805562
245,2269,1,278283.460645951,4974768.28124928
246,839,1,250265.210641533,5002506.20043426
247,1896,1,248964.648625109,5001630.92589175
248,1856,1,261835.653670695,4963974.28496069
249,237,1,253819.66460578,4990930.71583271
250,1572,1,261751.224376944,4985196.20804456
251,766,1,261751.224376944,4985196.20804456
252,1383,1,247253.915123226,4984866.90905876
253,1290,1,245705.922614424,4985681.61881841
254,1976,1,249195.9211752,4973394.51793642
255,920,1,250788.999556971,4972757.6215668
256,1472,1,249195.9211752,4973394.51793642
257,157,1,257331.543160101,4996795.28698907
258,225,1,256522.314341315,4996575.2012738
259,1164,1,257599.898657595,4970685.82745176
260,179,1,258323.720790969,4980344.97322666
261,1084,1,255130.40928071,4982422.23510955
262,157,1,257495.959712713,5001424.75778865
263,812,1,256770.394557322,4998167.92899174
264,1386,1,256770.394557322,4998167.92899174
265,1611,1,242831.722127798,4973852.0709323
266,1534,1,244068.371359228,4990136.46040355
267,409,1,244068.371359228,4990136.46040355
268,2071,1,238856.313117881,5003694.54018925
269,1084,1,255854.520352735,5000749.39111723
270,803,1,252372.955478099,4971104.15266354
271,1023,1,252488.695577529,4970934.43355998
272,2050,1,245709.774817125,4988914.84308
273,1670,1,247797.590718198,4989000.88122589
274,568,1,246932.213460467,4988995.15932397
275,724,1,245691.713873711,4988899.48320885
276,735,1,263459.065272217,4964659.71519272
277,847,1,250856.700288325,4997721.8460861
278,842,1,252477.259576372,4997618.7874898
279,1572,1,261166.498128355,4984327.51174682
280,1231,1,271564.835383574,4966971.75639728
281,2114,1,266564.313725257,4963447.31218996
282,1858,1,258598.862172557,4964108.35202831
283,1736,1,257026.604037035,4965847.48132989
284,592,1,263957.795761307,4967221.55964728
285,587,1,260362.118853619,4968269.0273491
286,494,1,246090.322150433,4974539.60892472
287,199,1,246090.322150433,4974539.60892472
288,1608,1,245905.64208455,4974448.82604633
289,733,1,235831.588304626,4991472.62469829
290,129,1,276666.455141424,4981326.87297529
291,165,1,262611.322291084,4988599.63308665
292,1331,1,261897.477943637,4988788.22490139
293,1547,1,269588.982404647,4982072.9866013
294,845,1,249330.44879725,4999999.72619259
295,468,1,278505.959606835,4974571.3227339
296,1640,1,282994.948781327,4970571.92325641
297,203,1,284615.917666021,4970412.29375779
298,1700,1,266032.371195738,4965556.55273926
299,1736,1,266032.371195738,4965556.55273926
300,905,1,266032.371195738,4965556.55273926
301,903,1,266032.371195738,4965556.55273926
302,435,1,272900.409993754,4976555.79296198
303,129,1,268931.036794393,4981576.83524099
304,2050,1,245974.340034919,4995351.13807301
305,725,1,250616.606143049,4990414.79112916
306,237,1,254107.262425254,4997965.76916035
307,1282,1,239140.354893236,4985979.17816045
308,108,1,239143.660854738,4985983.10647964
309,1365,1,248573.522966218,4967869.17972136
310,1976,1,248971.533143836,4967836.2850766
311,1327,1,257836.534781048,4994865.20194726
312,979,1,246253.793761231,5001510.41753476
313,1703,1,278749.519304455,4966624.60352986
314,1726,1,263624.978909615,4959144.90583787
315,1744,1,260109.819637209,4961351.02990213
316,585,1,258726.531228326,4967715.33645511
317,585,1,258747.584789335,4968425.79293652
318,293,1,258726.531228326,4967715.33645511
319,293,1,258747.584789335,4968425.79293652
320,1730,1,264607.35392565,4977293.29697002
321,127,1,267940.724144977,4979946.21848495
322,127,1,267950.915562532,4981637.80408911
323,457,1,264697.004142767,4979237.89253399
324,1567,1,264697.004142767,4979237.89253399
325,1964,1,242016.193024002,5005203.26570083
326,693,1,241978.725190726,5006023.38809453
327,87,1,243172.016717303,5004946.39288424
328,1774,1,243960.392282138,5005945.44766115
329,1366,1,244422.547152111,4973203.27361571
330,245,1,254126.895236804,4998423.38216898
331,237,1,254126.894263157,4998423.36217574
332,1546,1,264691.051676877,4983343.68052237
333,343,1,264691.051676877,4983343.68052237
334,121,1,235945.350500161,4994020.75125933
335,1416,1,276648.152015867,4974823.20953233
336,1104,1,269617.937205682,4989617.07976483
337,1032,1,265232.708949868,4993859.59284336
338,526,1,266804.391608339,4991763.24601026
339,1547,1,269960.53261435,4989024.66357624
340,237,1,254363.832290655,5003869.15587541
341,239,1,254363.832290655,5003869.15587541
342,1965,1,246222.03631683,5000820.1493653
343,2231,1,244616.326759515,5000860.88910944
344,1085,1,255434.313604046,4990316.98901083
345,5,1,241803.850843517,4966517.79968777
346,724,1,234076.163460302,4989429.33966179
347,424,1,235020.969259489,4987774.23694631
348,1006,1,274186.107129564,4975279.42364126
349,1409,1,255246.249842684,4999773.66279589
350,1255,1,288793.23727894,4971475.80898311
351,359,1,273242.24204337,4967889.53309832
352,1013,1,274833.503889128,4968087.44676614
353,435,1,265224.233498531,4976818.25977195
354,447,1,272371.366463255,4970160.23108848
355,1584,1,263375.521584311,4962744.58594789
356,223,1,262620.442249333,4962378.7439153
357,735,1,263375.521584311,4962744.58594789
358,189,1,263153.564445435,4960765.49483438
359,1023,1,267919.308993966,4970323.36368926
360,949,1,270002.753842236,4968328.63434939
361,1447,1,270834.334740292,4968599.15174466
362,447,1,271329.667282116,4970198.14596414
363,1736,1,264876.63191787,4965596.25241177
364,355,1,268645.571699828,4974589.34557131
365,438,1,269319.563317586,4975096.77261673
366,1823,1,277501.739280747,4978023.63893468
367,1114,1,250790.217635135,5004772.52231358
368,766,1,261166.498128355,4984327.51174682
369,2088,1,260120.828452116,4984876.22496717
370,203,1,284513.808458425,4968145.29512185
371,554,1,284326.897633077,4968129.57830463
372,359,1,273192.698800478,4966901.43195581
373,1490,1,271764.470873017,4966944.55981915
374,1742,1,268492.025442787,4970313.12472122
375,2275,1,266820.571431788,4969578.23434169
376,1542,1,266564.313725257,4963447.31218996
377,1563,1,267895.601365136,4963703.95606839
378,189,1,264863.17964277,4960723.67413519
379,597,1,258631.293197111,4965150.40494342
380,1744,1,260246.073293931,4965162.42359019
381,1736,1,259457.196235521,4965763.09433732
382,1700,1,259457.196235521,4965763.09433732
383,903,1,259457.196235521,4965763.09433732
384,1164,1,259329.911618026,4970617.04391359
385,585,1,258787.573133016,4969828.8100502
386,353,1,271792.187292455,4971807.8774261
387,920,1,250689.574003476,4969619.47482229
388,1196,1,250689.574003476,4969619.47482229
389,26,1,249765.394788222,4969429.03529298
390,2249,1,249017.763495362,4968831.19941852
391,225,1,258245.283629393,4996462.95352942
392,758,1,276302.257057231,4980077.24117281
393,1699,1,278292.328350429,4974580.872866
394,842,1,286834.811529277,4969681.61531624
395,434,1,266526.406062199,4978418.9444856
396,1007,1,266526.406062199,4978418.9444856
397,432,1,272770.78568228,4983069.51116221
398,2074,1,242062.47901608,5003237.46405312
399,1133,1,278209.520867437,4973358.33606333
400,1004,1,272770.78568228,4983069.51116221
401,1011,1,272770.78568228,4983069.51116221
402,1305,1,272643.008640782,4976954.89536019
403,494,1,245990.18418182,4972334.61762338
404,198,1,245031.920338355,4972856.96005657
405,1302,1,265716.627476808,4981857.17490183
406,1567,1,264819.151207719,4981735.04495323
407,1490,1,274340.596650978,4966894.9158224
408,366,1,289440.440416003,4972226.63632673
409,1690,1,287852.500734299,4973676.61720139
410,1155,1,256448.49035803,4965871.94163554
411,1700,1,256448.470373664,4965871.94247639
412,1736,1,256448.470373664,4965871.94247639
413,1144,1,250132.282942876,4993583.97919096
414,764,1,258733.474537149,4990760.91735636
415,1006,1,274464.405009576,4981326.85999847
416,943,1,274951.438748129,4970338.3625772
417,943,1,274899.229249816,4969319.15243061
418,1011,1,274899.229249816,4969319.15243061
419,447,1,273351.12935839,4970136.61765819
420,1286,1,273082.466247917,4965321.85358192
421,1315,1,264890.688849285,4960952.71817
422,354,1,266659.503790107,4965726.48848784
423,2007,1,273478.546983042,4973960.76945824
424,697,1,246179.660628705,5008287.473759
425,401,1,246179.639597162,5008287.47460129
426,981,1,246449.486343081,5008041.08590388
427,2258,1,264522.589836316,4976902.64186312
428,1832,1,247941.36723453,4995268.40785973
429,846,1,249330.44879725,4999999.72619259
430,104,1,245974.340034919,4995351.13807301
431,271,1,250196.566249239,4990715.59271156
432,829,1,265374.295058571,4991338.11996626
433,1567,1,265195.968964497,4991308.65298413
434,1896,1,244412.016913937,5001810.27440321
435,1896,1,241230.137675661,5001929.52856837
436,398,1,241451.030870697,5002341.60221861
437,1023,1,248066.553949784,4971127.16483613
438,1023,1,247516.42357021,4971154.84084576
439,1386,1,252945.61073211,4998259.55118732
440,103,1,242297.51247749,4984112.41032756
441,504,1,242101.615083039,4984255.09648465
442,97,1,240743.194831834,4986059.12209982
443,2169,1,246434.612028731,5001732.48242091
444,1084,1,255264.290250982,4985321.44152078
445,571,1,254446.731508014,4985363.94466055
446,1707,1,283692.458904387,4971363.15869673
447,2224,1,279664.491797541,4968748.99600454
448,1131,1,281273.074164888,4966082.28685556
449,1447,1,269705.888634324,4968650.1455286
450,1071,1,264819.69786146,4959109.67972333
451,2428,1,264852.681898661,4959852.10418954
452,223,1,268120.19138132,4962238.80173919
453,592,1,270471.953404641,4966990.05520169
454,434,1,264904.940390556,4978492.73336855
455,2088,1,260326.22180131,4989916.09598868
456,724,1,258733.474537149,4990760.91735636
457,3,1,246845.376202106,4971177.05814201
458,29,1,245031.899369529,4972856.96104493
459,38,1,245990.18418182,4972334.61762338
460,1023,1,246845.396194048,4971177.05757334
461,1386,1,254615.079978082,4998211.95618477
462,812,1,254615.079978082,4998211.95618477
463,461,1,262991.142324182,4993157.03544937
464,156,1,264864.049386596,4991437.17210244
465,121,1,235861.229605822,4992180.57532264
466,98,1,236969.363850316,4994276.52812063
467,468,1,278208.639542532,4972525.2069
468,198,1,276524.421707253,4971098.7645472
469,452,1,276991.298013808,4974811.63661211
470,905,1,263724.603606125,4965639.67152274
471,1736,1,263724.603606125,4965639.67152274
472,903,1,263724.603606125,4965639.67152274
473,1117,1,248441.565089339,4998429.66823816
474,2269,1,276648.132019534,4974823.21103545
475,2080,1,276648.132019534,4974823.21103545
476,452,1,276648.132019534,4974823.21103545
477,1515,1,276648.152015867,4974823.20953233
478,550,1,276648.132019534,4974823.21103545
479,812,1,246863.096918957,4998499.49861068
480,241,1,246653.376835577,5000108.24469397
481,1640,1,282962.919865127,4969741.9208708
482,1639,1,282962.919865127,4969741.9208708
483,1569,1,253686.191051737,4993520.14289086
484,115,1,232531.17617451,4989536.69694184
485,724,1,233332.614046331,4989462.72528379
486,979,1,246486.753758621,5007232.50426892
487,1907,1,255807.562859665,4999552.2297602
488,1011,1,274833.503889128,4968087.44676614
489,943,1,274833.503889128,4968087.44676614
490,950,1,274833.503889128,4968087.44676614
491,1551,1,274370.785722128,4979347.90465059
492,26,1,248100.635264012,4969509.35237927
493,905,1,264876.63191787,4965596.25241177
494,903,1,264876.63191787,4965596.25241177
495,300,1,265124.552925994,4966200.57011763
496,354,1,266872.761675041,4970524.85922116
497,1164,1,267919.308993966,4970323.36368926
498,1557,1,267834.6313964,4975148.51889587
499,1557,1,268672.148825123,4975113.08572165
500,241,1,251564.749964309,4999951.07627647
501,1384,1,250762.675138687,5001587.12238873
502,1872,1,250790.486637881,5004772.25556366
503,2168,1,248572.892852639,5006582.15666609
504,203,1,284489.406421601,4967665.74839071
505,540,1,286008.644429227,4967280.43708084
506,1639,1,282869.270896979,4967872.89028744
507,2224,1,279615.965947742,4967430.32236364
508,2224,1,279585.497508051,4966640.86504719
509,842,1,275654.406117593,4970006.5243411
510,361,1,273192.698800478,4966901.43195581
511,735,1,263476.48093732,4965186.38663891
512,585,1,258773.946219596,4969271.1657
513,1305,1,272695.472006332,4977941.96375436
514,1551,1,274243.232082301,4976529.12435056
515,847,1,250743.438850814,4994031.69967556
516,436,1,272840.135249325,4974935.47618665
517,954,1,272628.667776264,4973416.53741886
518,952,1,272672.366290819,4973882.16602515
519,1736,1,257444.976894019,4965831.69323867
520,905,1,257444.976894019,4965831.69323867
521,903,1,257444.976894019,4965831.69323867
522,1858,1,258631.293197111,4965150.40494342
523,1700,1,257026.604037035,4965847.48132989
524,309,1,257030.996575795,4965675.07126702
525,108,1,235214.731018836,4986147.32320244
526,122,1,235214.731018836,4986147.32320244
527,1805,1,268257.157963285,4965435.5676
528,1808,1,270960.185711836,4975376.81566781
529,429,1,269588.982404647,4982072.9866013
530,1965,1,246253.793761231,5001510.41753476
531,2231,1,244651.728913642,5001780.8745486
532,2063,1,265009.845208722,4977674.03496063
533,2080,1,278283.460645951,4974768.28124928
534,550,1,278283.460645951,4974768.28124928
535,1515,1,278283.480625584,4974768.28022641
536,452,1,278283.460645951,4974768.28124928
537,1416,1,278283.480625584,4974768.28022641
538,539,1,250265.210641533,5002506.20043426
539,2169,1,248964.648625109,5001630.92589175
540,1584,1,263459.065272217,4964659.71519272
541,1346,1,263347.601575213,4963991.53489928
542,1950,1,259575.478342614,4968989.89141439
543,301,1,263957.775761803,4967221.55995816
544,315,1,244412.016913937,5001810.27440321
545,1023,1,257599.898657595,4970685.82745176
546,1479,1,258146.078550828,4980379.59560004
547,1085,1,255130.40928071,4982422.23510955
548,2174,1,255854.520352735,5000749.39111723
549,1864,1,252372.955478099,4971104.15266354
550,1937,1,247396.85784041,4989027.00578313
551,1131,1,281323.368259632,4967869.12337954
552,1264,1,269851.626504379,4965024.42669218
553,457,1,263549.532500173,4967247.55330952
554,1003,1,266354.868248148,4982226.85710827
555,1808,1,270986.301423997,4976118.4737058
556,2177,1,246089.73734504,4996325.32872066
557,104,1,246023.42012939,4996432.6253123
558,2249,1,248971.533143836,4967836.2850766
559,2251,1,248573.522966218,4967869.17972136
560,457,1,264607.35392565,4977293.29697002
561,1549,1,266968.157897926,4981985.96694055
562,1774,1,241978.705168755,5006023.38897671
563,693,1,243960.412307208,5005945.44861854
564,1964,1,243250.803857259,5005139.76123841
565,733,1,235945.350500161,4994020.75125933
566,2157,1,268402.488821491,4990888.77489906
567,2087,1,265889.568977409,4993009.20245758
568,460,1,265294.822539871,4993704.89418445
569,462,1,265294.822539871,4993704.89418445
570,461,1,265889.568977409,4993009.20245758
571,822,1,267831.880661812,4991299.22915833
572,1361,1,241839.33796682,4964926.66915427
573,195,1,242462.511706472,4968113.04101159
574,315,1,242645.519761848,5001877.15859106
575,315,1,241230.137675661,5001929.52856837
576,223,1,263799.513317544,4962367.35652354
577,2322,1,263153.564445435,4960765.49483438
578,735,1,263309.358369079,4961374.16205344
579,981,1,246486.753758621,5007232.50426892
580,242,1,250790.217635135,5004772.52231358
581,980,1,269851.626504379,4965024.42669218
582,1164,1,268483.661424503,4970307.03448239
583,2322,1,264863.17964277,4960723.67413519
584,1236,1,272648.592638335,4973693.64084595
585,1085,1,255264.290250982,4985321.44152078
586,459,1,258462.856274327,4984305.8001567
587,457,1,264819.151207719,4981735.04495323
588,621,1,249765.373812036,4969429.03611102
589,1976,1,249017.763495362,4968831.19941852
590,2078,1,275953.462708627,4980090.95808238
591,1993,1,286834.811529277,4969681.61531624
592,435,1,271237.191372126,4976623.95646336
593,2087,1,249654.201742503,4993759.989922
594,2008,1,273338.706997065,4970353.32322984
595,948,1,273338.706997065,4970353.32322984
596,661,1,269068.514702291,4965445.41552464
597,34,1,242462.531738974,4968113.04031481
598,5,1,241803.850843517,4966517.79968777
599,1363,1,241803.850843517,4966517.79968777
600,1962,1,241803.850843517,4966517.79968777
601,1854,1,241803.850843517,4966517.79968777
602,1360,1,241803.850843517,4966517.79968777
603,783,1,241839.33796682,4964926.66915427
604,979,1,246449.486343081,5008041.08590388
605,1181,1,241917.972734442,5002105.59604358
606,203,1,240919.333861763,4985897.26715196
607,108,1,240919.310405341,4985897.26905841
608,762,1,258462.856274327,4984305.8001567
609,1994,1,280254.40694163,4968228.50085043
610,734,1,269068.514702291,4965445.41552464
611,1746,1,270471.953404641,4966990.05520169
612,1987,1,278201.02651866,4973195.84649671
613,1132,1,277955.278962543,4971547.11239436
614,1011,1,275012.744596428,4971552.4927664
615,2269,1,276991.298013808,4974811.63661211
616,1515,1,276991.31828009,4974811.63596326
617,550,1,276991.298013808,4974811.63661211
618,2080,1,276991.298013808,4974811.63661211
619,1416,1,276991.31828009,4974811.63596326
620,1700,1,264876.63191787,4965596.25241177
621,300,1,265278.658010821,4971228.18015131
622,1023,1,268483.661424503,4970307.03448239
623,438,1,268672.148825123,4975113.08572165
624,538,1,252055.952406737,5003168.06779409
625,1584,1,263476.48093732,4965186.38663891
626,1856,1,261865.68715225,4965166.06447708
627,293,1,258773.946219596,4969271.1657
628,1006,1,274243.232082301,4976529.12435056
629,2087,1,251343.777632393,4993631.79326895
630,2087,1,250380.573479905,4993709.47224636
631,845,1,249166.161079738,4994232.20489818
632,1234,1,272840.135249325,4974935.47618665
633,1465,1,263389.437059475,4964068.3624748
634,1445,1,261943.709653499,4967740.38656674
635,1696,1,263549.532500173,4967247.55330952
636,1465,1,246023.42012939,4996432.6253123
637,128,1,267335.518530499,4981703.26700053
638,1872,1,243250.782861605,5005139.76243197
639,1584,1,263309.358369079,4961374.16205344
640,1924,1,249654.201742503,4993759.989922
641,1896,1,242645.519761848,5001877.15859106
642,836,1,250790.516563407,5004772.25405484
643,1924,1,251343.777632393,4993631.79326895
644,1924,1,250380.573479905,4993709.47224636
645,846,1,249166.161079738,4994232.20489818
