292077.239888278,4970820.36268822,25
261749.61662908,4985197.07221837,25
247254.67633485,4984870.3886258,25
250786.490509667,4972758.48761341,25
249192.431910479,4973394.66538318,25
256522.360858542,4996576.8020786,25
281491.784394159,4973951.2390723,25
257599.822121766,4970687.71285745,25
258141.562855279,4980384.01094891,25
257497.605512952,5001424.69674078,25
256770.352004755,4998166.07299023,25
245583.339035122,5003376.48292824,25
266175.585002289,4977929.71719039,25
244068.964943228,4990136.43294823,25
291483.643092242,4971119.89529543,25
234642.773690077,4989405.95971882,25
238855.376333287,5003698.00937859,25
238340.766659216,5005458.86537598,25
237052.9527697,5008226.96669252,25
255854.11739271,5000749.6884687,25
252371.849244947,4971104.51192356,25
245562.872889222,5009933.50238122,25
246932.476361436,4988995.19407004,25
245712.008545824,4988916.73302377,25
250857.072238512,4997721.84572464,25
258603.991252931,4964107.94095738,25
246089.259434057,4974539.45056882,25
250926.070006748,4999957.37403381,25
235829.470151319,4991473.08559205,25
276380.378136524,4967575.2062579,25
263513.290690468,4988474.71840984,25
262615.259860327,4988599.39707955,25
276563.240369114,4972274.26827673,25
275817.8473,4973303.26250778,25
282989.755572883,4970572.1108198,25
286131.940803511,4971328.27352697,25
266032.444892612,4965558.61940596,25
268931.352773355,4981582.30220861,25
246020.802128047,4996433.88865797,25
239142.460256994,4985981.6601758,25
248974.087974775,4967836.19998438,25
257276.627851185,4994876.81478558,25
278749.623032917,4966626.92101291,25
277826.193639434,4965175.10076533,25
264538.201761162,4968813.69562992,25
264014.313271693,4968826.7265543,25
270096.367048967,4970246.26268747,25
263624.939252891,4959143.92301869,25
265478.293758881,4962330.60727715,25
261006.181875688,4962435.83325494,25
258723.748121698,4967715.40338548,25
258745.201413057,4968425.8698113,25
267937.087270288,4979946.45691823,25
269842.932837104,4978283.61975581,25
271099.395693551,4979373.56986168,25
264696.09249906,4979237.51636559,25
260270.875382614,4988731.41484898,25
243960.313907695,5005941.78567332,25
244421.81818131,4973203.27742412,25
254125.175918229,4998423.43574932,25
264690.419953334,4983346.68848958,25
263780.071536801,4984962.99164432,25
257597.53340814,4988491.90812166,25
257084.361133425,4990216.747,25
279988.71496909,4978742.17813274,25
279049.781148879,4976742.63906914,25
279038.436396224,4976346.90603204,25
265889.386845349,4993012.34322916,25
266797.934589526,4991763.56509789,25
269617.303322367,4989622.9984782,25
254360.225446681,5003869.45062544,25
244614.693323399,5000861.18617301,25
255434.728955116,4990316.72525696,25
241062.100374264,4963328.51861676,25
274184.490860768,4975279.73728457,25
255244.97043478,4999787.36197703,25
234196.21802714,4990718.3390201,25
287777.962408096,4971406.16548137,25
273241.435821897,4967889.54704001,25
265223.320716049,4976825.13541302,25
275212.55506789,4979739.5519891,25
247445.292137099,4969804.757457,25
272371.542815863,4970164.9705364,25
263374.71588226,4962744.59922423,25
263308.310573953,4961374.26184671,25
265207.092259296,4969001.21648588,25
266601.244595699,4968790.23499631,25
269998.688453762,4968328.82432952,25
271329.718118289,4970199.59961287,25
268167.191428613,4963873.51611451,25
258710.22283728,4964143.69784527,25
266958.841444395,4974384.0350957,25
269319.577440674,4975097.44062843,25
275082.579025252,4966868.1891513,25
276145.653585977,4976461.89462031,25
277481.700786137,4978009.14387059,25
275835.80250539,4976486.97798856,25
257188.55163919,4993715.80287299,25
261165.994199547,4984329.25977318,25
260120.544531444,4984876.41030321,25
284509.482880364,4968141.18055721,25
279453.888489799,4965113.3387448,25
271764.518462114,4966945.70812212,25
269843.019415194,4965024.57014911,25
266811.694222348,4969578.54612376,25
267892.842202191,4963703.96345182,25
259457.916532718,4965768.61677622,25
259329.967349387,4970618.36032944,25
258784.565139553,4969828.96429635,25
271377.956620707,4971826.99968322,25
271784.185788961,4971833.3690007,25
250692.432819531,4969619.40490673,25
243189.775418042,5007877.1765825,25
258245.008973735,4996467.24842384,25
257836.629091377,4994869.41335776,25
244259.963962517,5003427.63154666,25
251291.712524284,4987117.05964775,25
252719.136814115,4987044.05800276,25
278503.005961741,4974572.62783456,25
257117.073762791,4991257.68779025,25
287023.16586606,4968056.63259369,25
286834.78521335,4969681.45205565,25
266526.53918832,4978426.99154655,25
243073.498748767,5002670.41050887,25
277861.316384007,4973208.24751097,25
272770.998097714,4983071.32269402,25
271237.780358941,4976626.52857625,25
256293.717838388,4991524.93381915,25
238405.176154782,4992541.87858802,25
237838.07889116,4990944.73202429,25
273574.687297068,4979777.12417663,25
274340.660092521,4966896.29358701,25
268593.085447013,4973317.71441258,25
285899.6945,4972959.77047361,25
289442.413004352,4972226.51868346,25
287852.579532174,4973676.60919518,25
256449.237287027,4965885.65748932,25
274464.573845217,4981326.83806913,25
254406.388340084,4991857.25976305,25
255224.636964918,4990171.86268425,25
234374.367567551,4987802.01317675,25
253876.513179864,4992446.03832205,25
236753.668003488,4982846.46077607,25
278073.921231207,4969365.99315799,25
274951.752715398,4970338.35665327,25
274901.947314275,4969319.101032,25
273351.246583902,4970140.26621578,25
273080.737898633,4965321.90219157,25
268385.098174098,4968552.20069822,25
268344.49079377,4967660.05750837,25
264863.243241076,4960725.65209848,25
273475.663565147,4973960.83226674,25
272395.630290328,4981455.12062131,25
272343.382314598,4979796.66077478,25
252077.859826329,4986654.44244561,25
246179.349945858,5008288.54228855,25
267960.691917274,4981633.27963217,25
264607.227489498,4977293.28763669,25
263278.217305771,4975359.5919488,25
262595.262259657,4973734.72264601,25
247941.378423897,4995265.3699324,25
249331.700371232,4999999.69220692,25
245973.446969325,4995351.1271221,25
247541.151312644,4995523.96855752,25
250616.631472568,4990413.61105364,25
265194.382925497,4991308.85388607,25
248067.285310433,4971129.05119409,25
247516.512758092,4971156.72380712,25
252945.333005373,4998261.51759865,25
254087.624794896,4997507.4757832,25
261317.674161645,4989953.76156821,25
243893.188467855,4983592.76346707,25
240746.01127687,4986057.75765742,25
265724.017069562,4991788.03733493,25
235218.409229613,4992608.69391522,25
249127.283419518,5003239.4288461,25
246434.494246555,5001734.02392207,25
243029.020897599,5001661.85852627,25
256887.653799742,4985164.67130639,25
255264.608016672,4985321.37621619,25
283767.903572752,4971382.74189828,25
284712.474324483,4972757.00968294,25
281320.820327971,4967869.28835489,25
281278.422406867,4966082.17989784,25
282091.91177249,4966538.66047873,25
275451.482663711,4965261.38664754,25
264819.653077874,4959109.14693365,25
264807.084367837,4959089.86406016,25
264825.736421172,4959918.94369259,25
268183.266993171,4963692.1725299,25
268155.920369781,4962611.65457757,25
260181.934624287,4963193.36380083,25
269348.069001286,4975887.71444763,25
267937.774619969,4976713.2481043,25
269349.302208399,4975344.0447135,25
270740.92969123,4979866.19829226,25
265805.68545199,4981749.15377571,25
264973.650533303,4980118.31860858,25
260324.042713824,4989917.97932061,25
259414.953298341,4990242.3908649,25
258731.714302862,4990761.12448577,25
241599.434756414,5006053.42624604,25
241978.74886749,5006021.23157719,25
241638.65798692,5007559.047506,25
245031.337838555,4972859.13598616,25
245989.816454579,4972334.7988169,25
246845.414051154,4971177.65021963,25
254615.083231404,4998211.72127364,25
262991.550779598,4993160.32141699,25
262075.541458758,4993203.77951789,25
262759.287011317,4993168.08737835,25
263580.973565025,4992261.93590937,25
235861.616930189,4992180.55698612,25
257680.490819876,4990102.74498987,25
256995.351054046,4988537.01375635,25
236969.58224538,4994277.51748324,25
255207.171568462,5003041.74685002,25
278935.6614,4971505.90671841,25
278205.543570686,4972525.2069,25
278166.506466479,4971564.33917588,25
275010.800623816,4971553.11130358,25
276990.836611166,4974815.07544668,25
268223.393102231,4964679.11622456,25
263724.604286831,4965639.68679313,25
248703.299100926,5000023.88991034,25
248441.559661303,4998429.6104746,25
276648.140474541,4974826.6190776,25
246653.375357467,5000108.22138091,25
276461.428216436,4969554.44311832,25
282956.957469386,4969742.10846474,25
283376.533756016,4968133.19067336,25
253686.360574192,4993523.14591919,25
256017.213658802,4991797.22702201,25
232592.980931888,4989497.00209162,25
233332.85201164,4989463.96512115,25
246450.023996372,5006562.92795868,25
244736.430801252,5006579.36588166,25
255806.662774591,4999552.22020457,25
233054.498122201,4992716.95622972,25
250625.452304561,4990397.29697261,25
274837.296050857,4968087.19265392,25
274371.253594811,4979347.90490014,25
248100.637221807,4969509.31651073,25
247475.60147108,4970466.38002762,25
264489.559491384,4963985.83923283,25
264876.619485198,4965598.30564679,25
268486.2189002,4970308.92144211,25
267834.44370622,4975148.07727191,25
268205.273478787,4973558.25381073,25
251564.192668225,4999934.37639729,25
250763.370269222,5001589.14904397,25
251841.587552572,5002000.47229519,25
250787.549799521,5004775.16780678,25
249468.39608883,5005939.89494513,25
254875.281695698,5003059.7725525,25
284486.275111017,4967665.84511072,25
282866.201306732,4967873.15490525,25
279587.872104993,4966641.31976113,25
279616.982801676,4967430.22367138,25
275654.501687359,4969999.12775513,25
273303.599918668,4969337.51382549,25
273194.761927244,4966901.37690597,25
286191.564469314,4972484.6797323,25
258737.53707974,4969024.61131925,25
270962.866047326,4971470.91429021,25
243162.138401255,5007204.49654361,25
275633.88148931,4976478.85948606,25
274241.436163534,4976529.16442371,25
251664.085906063,4990364.53712649,25
252635.376234131,4991948.55450546,25
249160.504278548,4994232.27042844,25
247542.303084509,4994728.37494585,25
269719.186893756,4971882.35786164,25
270146.379884295,4971268.06134258,25
267736.402387978,4976698.52765162,25
271634.429224068,4982766.78709064,25
275727.325028618,4968400.9882723,25
272628.630948713,4973415.08950501,25
257445.587712622,4965846.81341424,25
258635.399159268,4965150.2883338,25
257036.882602489,4965674.86535422,25
235214.226822476,4986148.8888857,25
266657.318518894,4965726.63035337,25
270955.740731906,4975378.94962756,25
269585.260410563,4982073.32252553,25
270892.340031317,4981509.46120129,25
247797.500554298,5001567.92679629,25
246253.239279554,5001510.41299123,25
277955.625154684,4965913.09491193,25
265125.259326474,4966215.97491144,25
261559.545585231,4963518.76773418,25
265010.248166627,4977672.45922583,25
278283.507166189,4974769.99917788,25
250264.299045508,5002506.24791233,25
248964.846695676,5001634.66989777,25
261835.322051718,4963974.29726423,25
260369.501954972,4968268.86391036,25
261944.254900103,4967740.36187808,25
253817.169014333,4990931.19994988,25
244412.057504852,5001811.67246914,25
245707.92398996,4985686.63951059,25
257335.060246935,4996795.07295852,25
257208.161056238,4971140.82706489,25
255129.66421857,4982422.25835895,25
258321.977748237,4980344.38284253,25
258139.165921722,4980386.38259017,25
256726.795329419,4982020.28298597,25
242829.939397544,4973852.48821133,25
242075.517011099,4974587.51453182,25
257436.19226118,4999455.97248484,25
252487.686616171,4970936.32229214,25
247798.338104629,4989000.75642062,25
245708.183986055,4988913.5416873,25
263347.599932335,4963991.74556743,25
252481.140315379,4997618.65898492,25
271546.390379554,4966955.71106872,25
271564.10253372,4966971.78712802,25
245905.647881893,4974453.20679269,25
275952.50818816,4980090.99562046,25
261897.068001888,4988788.19230629,25
284615.534659491,4970412.31503681,25
272900.461500877,4976559.83885701,25
268744.140794544,4979938.32628708,25
245829.455713544,4996947.70592257,25
246089.966820964,4996324.79930323,25
254106.198321113,4997965.78457317,25
239143.492695407,4985982.90823644,25
248573.539472036,4967870.27559548,25
279118.889169353,4966656.38903695,25
260104.272593002,4961351.40642844,25
268042.747482595,4979974.6056487,25
267337.552912361,4981702.47593507,25
266353.801691094,4982227.73772414,25
242016.307734612,5005207.52907565,25
243252.279108785,5005143.55362213,25
279087.970653543,4976933.8927,25
265232.302133936,4993862.52011932,25
267828.767666204,4991305.80433103,25
269958.426905812,4989025.2228743,25
246221.570042897,5000820.16133437,25
242588.28641078,4968272.76376985,25
235020.93804005,4987773.38232096,25
234076.042007198,4989431.10754353,25
266111.621039461,4975741.25729529,25
262621.015210734,4962383.27106468,25
263153.604225146,4960766.86415874,25
263799.512086377,4962369.37486301,25
266762.677372768,4968805.04317239,25
266769.223210634,4968908.42144543,25
270834.410632119,4968600.93864357,25
268641.035277575,4974589.67713239,25
246483.856774296,5007232.33266537,25
277494.022166622,4978015.77645907,25
284512.315879909,4968143.90295836,25
271465.432928322,4965199.79344435,25
266565.263235077,4963447.27306415,25
260241.572244289,4965162.50665103,25
272693.371053218,4977942.30776247,25
271792.431875169,4971812.25531355,25
265714.834737572,4981857.85773287,25
249018.869568603,4968831.23978896,25
249765.765568383,4969430.05850779,25
258640.105505919,4995617.048169,25
276665.933711254,4981323.3106761,25
278287.204176382,4974580.88122939,25
286148.902513648,4971064.15388133,25
267755.12939885,4977465.25404179,25
242060.066770076,5003241.93399578,25
270978.709779062,4976118.69094244,25
272640.769855947,4976954.93499188,25
264818.63518733,4981735.02129451,25
288760.783298951,4972860.95788384,25
273338.148260196,4970353.36621042,25
269912.864060594,4966540.41528193,25
264892.71657534,4960952.69239014,25
241803.872985158,4966517.74900649,25
241795.107437424,4964125.3427502,25
246447.300122694,5008041.51796294,25
264522.723840599,4976905.21511033,25
250213.142893057,4990714.13284323,25
242099.793364711,4984258.90897749,25
242295.542744945,4984113.45439041,25
240918.277717386,4985899.28200544,25
258466.022558493,4984305.3819206,25
254444.01463023,4985372.69568948,25
280254.615964075,4968232.85280939,25
279536.1111974,4965897.6965433,25
269705.947008165,4968651.74101163,25
268412.691104465,4969047.046242,25
268125.245735133,4962243.856093,25
268124.543845313,4962243.18248745,25
269072.103348584,4965457.37811001,25
259962.157159119,4990026.48328014,25
264863.125822735,4991440.2465291,25
235945.584994345,4994020.76298838,25
278200.961243238,4973194.14208118,25
276522.811634903,4971098.92632213,25
277018.466850479,4973245.2720374,25
246863.145692755,4998500.06049125,25
232531.277090651,4989536.66910491,25
251201.275744713,4990384.40206627,25
265124.771022144,4966200.57962292,25
265274.52742466,4971228.26110385,25
266873.372343551,4970524.84971301,25
268489.87812069,4970311.58589429,25
268672.165171647,4975113.83136662,25
250967.695067357,5000340.24953756,25
252055.996367041,5003169.74342589,25
247994.32451866,5006920.11113285,25
285999.588009996,4967280.74768658,25
279599.150804481,4966655.89417735,25
261855.542899481,4965166.37637154,25
258769.883207256,4969271.1657,25
272632.790841401,4978192.46854294,25
273900.535893416,4976522.87944554,25
251342.079820335,4993636.0253004,25
250380.798854221,4993713.31009992,25
249653.983976618,4993762.52536405,25
272840.204467215,4974937.08499772,25
257027.176663951,4965862.07928604,25
268254.236696604,4965435.5676,25
271228.273033485,4975002.00220322,25
244651.662084426,5001780.87789363,25
264904.784921875,4978491.25399722,25
263457.825009115,4964659.67561488,25
259575.630519784,4968995.23815997,25
263549.638458026,4967247.55312535,25
258013.068138409,4980512.98258093,25
266966.749207303,4981986.96399963,25
267932.902743155,4981639.14662886,25
243168.173257994,5004946.18515393,25
265292.816663517,4993705.07569352,25
268397.965988998,4990889.38754541,25
241839.192163775,4964931.88368599,25
242645.494793051,5001880.91333618,25
270472.142901699,4966993.69554382,25
242462.507064101,4968113.18619559,25
241447.46377482,5002341.7224904,25
279669.370357809,4968748.80363111,25
277954.93490764,4971538.05058613,25
267919.419644478,4970329.85887679,25
248571.901175095,5006586.93703782,25
263475.539761943,4965186.38335737,25
260656.444272114,4965713.70504667,25
250741.597403162,4994031.18318019,25
250129.283835268,4993584.17743069,25
263957.703854109,4967218.43457695,25
241914.930386017,5002105.64447958,25
241230.175219741,5001930.39429801,25
292079.118690072,4970821.6439171,25
245705.922614424,4985681.61881841,25
250788.999556971,4972757.6215668,25
281508.365443516,4973947.09745123,25
257208.427319756,4971140.81147434,25
258139.644359989,4980385.91478364,25
256727.717362925,4982019.21690562,25
257495.959712713,5001424.75778865,25
245583.282319505,5003375.5203361,25
266185.122749705,4977884.72746271,25
242075.337146685,4974583.7135039,25
291483.64381219,4971119.65349142,25
234642.703897539,4989404.62596559,25
238856.313117881,5003694.54018925,25
238335.817813821,5005465.8568585,25
237043.397671681,5008241.73041854,25
250519.05972865,4987961.02659329,25
257434.748187495,4999456.6480935,25
252488.695577529,4970934.43355998,25
245562.790418552,5009932.51445028,25
271546.363520432,4966953.95804706,25
258598.862172557,4964108.35202831,25
250926.8706999,4999972.87299105,25
235831.588304626,4991472.62469829,25
263515.368031813,4988474.68077448,25
276569.898944691,4972271.28702054,25
275817.8473,4973308.02244283,25
282994.948781327,4970571.92325641,25
286132.007144757,4971329.55288055,25
268743.973098671,4979936.57711741,25
245829.054993188,4996938.51894541,25
239140.354893236,4985979.17816045,25
248573.522966218,4967869.17972136,25
257275.675302718,4994876.83210777,25
278959.714300396,4966640.36291415,25
277826.083881965,4965173.11051831,25
264537.666459946,4968811.57452501,25
264014.316948173,4968826.9571882,25
270096.263230362,4970242.43784932,25
263624.978909615,4959144.90583787,25
265478.258069803,4962329.23953798,25
261004.994328004,4962429.56370948,25
268042.718309643,4979972.65030451,25
269842.804029282,4978279.74972285,25
271103.709331866,4979373.29811414,25
260274.067709285,4988731.27212777,25
242016.193024002,5005203.26570083,25
244422.547152111,4973203.27361571,25
246594.813535536,4971204.61892607,25
263779.867592441,4984961.69437443,25
257597.581070281,4988492.9249151,25
257085.411117191,4990216.747,25
279988.364420165,4978737.88383272,25
279091.497704353,4976933.9127,25
279038.368002848,4976341.67726558,25
246222.03631683,5000820.1493653,25
255434.313604046,4990316.98901083,25
242589.719728598,4968272.69962671,25
241062.047298138,4963326.31543193,25
274186.107129564,4975279.42364126,25
255246.229708332,4999773.66376249,25
234192.029102037,4990718.01175574,25
287778.652355682,4971406.15586061,25
273242.24204337,4967889.53309832,25
266112.143757715,4975741.06855272,25
275212.562004732,4979738.63133559,25
247445.655697358,4969804.80397532,25
272371.366463255,4970160.23108848,25
265219.029639978,4969001.18934275,25
266601.269558661,4968790.83072534,25
270002.753842236,4968328.63434939,25
271329.667282116,4970198.14596414,25
268167.196451781,4963871.92600096,25
258710.06440868,4964137.80100485,25
266962.678479318,4974386.07996448,25
269319.563317586,4975096.77261673,25
275083.196090064,4966880.69789104,25
276145.716883741,4976463.54016976,25
277505.032630824,4978027.0065265,25
275834.610611075,4976487.01370278,25
257188.624219063,4993715.78690227,25
260120.828452116,4984876.22496717,25
284513.572396275,4968145.07057545,25
279453.756794526,4965111.27106966,25
271764.490854177,4966944.55895033,25
271466.333241677,4965199.76703388,25
266820.571431788,4969578.23434169,25
259457.196235521,4965763.09433732,25
259329.911618026,4970617.04391359,25
258787.573133016,4969828.8100502,25
271377.846789038,4971822.76516083,25
271786.003000428,4971833.29506081,25
243190.80964415,5007877.12040882,25
258639.893706029,4995613.14517728,25
244259.870313784,5003425.50568703,25
251291.292286494,4987111.75927951,25
252718.986644492,4987040.29984852,25
257116.542974392,4991257.7193529,25
287023.110444152,4968051.42829998,25
286149.121511575,4971064.13035937,25
243074.659593166,5002670.34051356,25
277861.450007061,4973212.38979017,25
256293.357052812,4991525.0567131,25
238405.145044259,4992541.8029495,25
237835.066260222,4990952.41810234,25
273574.569732648,4979773.76964539,25
276368.757971086,4967575.78928328,25
274340.616686934,4966894.91614304,25
276282.857319563,4966082.81877548,25
276279.642641814,4966022.83739487,25
268596.793474891,4973317.53927065,25
267771.994800982,4977465.41943511,25
285899.6945,4972958.5174522,25
289440.440416003,4972226.63632673,25
288760.768348207,4972861.13355279,25
256448.49035803,4965871.94163554,25
274464.405009576,4981326.85999847,25
254406.260735531,4991854.62669085,25
255224.936901978,4990171.36594122,25
234374.386480773,4987802.23579144,25
253877.540680611,4992445.98473692,25
236754.140106446,4982844.18536627,25
278074.044227052,4969365.98528696,25
274951.438748129,4970338.3625772,25
273351.12935839,4970136.61765819,25
273082.466247917,4965321.85358192,25
268387.139985447,4968552.1746712,25
268347.555800962,4967660.11004222,25
268330.268114371,4967713.49787922,25
273478.546983042,4973960.76945824,25
272393.271361638,4981450.30050044,25
272343.261422725,4979793.88466881,25
266931.327564823,4976737.14083042,25
252080.163849253,4986654.22872019,25
267960.333131898,4981621.16075316,25
263278.211480043,4975359.51652895,25
262594.602415266,4973723.71199765,25
247941.347232118,4995268.40847787,25
247540.825449022,4995523.98335,25
265195.968964497,4991308.65298413,25
248066.532922581,4971127.16592814,25
247516.403592159,4971154.84178255,25
252945.61073211,4998259.55118732,25
254088.767083394,4997507.79939172,25
261317.740599076,4989952.92221531,25
243894.987939412,4983592.20345432,25
265723.831575804,4991785.24619942,25
235218.473473885,4992607.69292488,25
249127.256809576,5003237.77782211,25
246434.612028731,5001732.48242091,25
243029.773175592,5001661.8318826,25
256888.822268337,4985163.62695777,25
283767.844057676,4971380.19704754,25
284714.375809029,4972756.97825811,25
279522.352116162,4965898.78789604,25
282091.516111623,4966535.08891729,25
275248.885977154,4970097.9412172,25
275451.459261693,4965260.56978505,25
268416.883220458,4969046.9056668,25
264842.257636342,4959918.51669522,25
264819.69786146,4959109.67972333,25
264804.85208932,4959089.93563504,25
268184.689363038,4963691.98086362,25
268155.751147182,4962606.4372837,25
268127.322658336,4962245.9330162,25
260191.338909119,4963192.72619089,25
269914.295688327,4966540.3950169,25
269351.283172387,4975887.47135225,25
267937.820775233,4976713.74277173,25
269351.629760398,4975344.88576133,25
270740.827110702,4979864.41309079,25
265804.648204623,4981744.90305236,25
264973.641468352,4980118.32801874,25
259965.13869992,4990024.22420629,25
259418.180870283,4990242.31423132,25
241603.694131143,5006053.24425332,25
241642.242854926,5007558.88709889,25
254615.079978082,4998211.95618477,25
262991.142324182,4993157.03544937,25
262760.515132085,4993163.73109054,25
262075.519458942,4993200.91187579,25
263583.877499135,4992262.01151413,25
235861.229605822,4992180.57532264,25
257680.455283603,4990102.06411423,25
257001.863722986,4988537.91319134,25
255207.220987004,5003038.84483233,25
278935.6814,4971515.13612803,25
278168.638636509,4971564.55239477,25
275012.744596428,4971552.4927664,25
277018.629430172,4973250.24235014,25
268225.825004684,4964679.04835574,25
263724.603606125,4965639.67152274,25
248703.934644079,5000038.33147659,25
248441.565089339,4998429.66823816,25
246863.116898368,4998499.49769696,25
276457.013644774,4969553.36304402,25
283375.531659586,4968135.62466302,25
253686.211004862,4993520.14145175,25
256016.600709612,4991794.69129017,25
232593.119417435,4989495.80758105,25
246450.189642144,5006564.24138206,25
244739.139248912,5006578.92280233,25
255807.562859665,4999552.2297602,25
233062.009202918,4992709.438476,25
251202.477254613,4990387.22695029,25
274370.785722128,4979347.90465059,25
248100.615179719,4969509.35337818,25
247476.504528389,4970466.35018202,25
264489.547654752,4963983.23217828,25
267834.6313964,4975148.51889587,25
268205.280611007,4973559.52535806,25
250959.951381432,5000340.1276751,25
250762.69645449,5001587.12310619,25
251846.07917735,5002001.1883589,25
247990.95175523,5006920.9275209,25
254875.280936343,5003060.08030834,25
286008.644429227,4967280.43708084,25
282869.270896979,4967872.89028744,25
279599.089915737,4966654.75184276,25
275654.406117593,4970006.5243411,25
273304.002787106,4969337.51115748,25
286192.977937368,4972484.63972799,25
258737.529075145,4969024.35843045,25
272632.66294729,4978189.3622243,25
270964.505819336,4971470.88403737,25
243159.972535756,5007204.55422545,25
275633.895211057,4976478.61221955,25
273900.625949175,4976523.19030726,25
251664.108737695,4990365.05709586,25
252635.066812924,4991946.38304856,25
247532.543112116,4994728.79075071,25
269719.048534113,4971874.38065704,25
270149.12116126,4971267.50661994,25
267740.153433954,4976698.42836292,25
271637.576832938,4982764.92796214,25
275727.311948201,4968400.12397453,25
257444.976894019,4965831.69323867,25
235214.731018836,4986147.32320244,25
271228.204256447,4975000.12859084,25
270892.187812904,4981505.84974827,25
247796.122005455,5001567.6551929,25
277955.462161662,4965913.11713824,25
265124.92764224,4966216.07856412,25
261559.463354574,4963516.74805562,25
278283.460645951,4974768.28124928,25
250265.210641533,5002506.20043426,25
248964.648625109,5001630.92589175,25
261835.653670695,4963974.28496069,25
253819.66460578,4990930.71583271,25
261751.224376944,4985196.20804456,25
261751.224376944,4985196.20804456,25
247253.915123226,4984866.90905876,25
245705.922614424,4985681.61881841,25
249195.9211752,4973394.51793642,25
250788.999556971,4972757.6215668,25
249195.9211752,4973394.51793642,25
257331.543160101,4996795.28698907,25
256522.314341315,4996575.2012738,25
257599.898657595,4970685.82745176,25
258323.720790969,4980344.97322666,25
255130.40928071,4982422.23510955,25
257495.959712713,5001424.75778865,25
256770.394557322,4998167.92899174,25
256770.394557322,4998167.92899174,25
242831.722127798,4973852.0709323,25
244068.371359228,4990136.46040355,25
244068.371359228,4990136.46040355,25
238856.313117881,5003694.54018925,25
255854.520352735,5000749.39111723,25
252372.955478099,4971104.15266354,25
252488.695577529,4970934.43355998,25
245709.774817125,4988914.84308,25
247797.590718198,4989000.88122589,25
246932.213460467,4988995.15932397,25
245691.713873711,4988899.48320885,25
263459.065272217,4964659.71519272,25
250856.700288325,4997721.8460861,25
252477.259576372,4997618.7874898,25
261166.498128355,4984327.51174682,25
271564.835383574,4966971.75639728,25
266564.313725257,4963447.31218996,25
258598.862172557,4964108.35202831,25
257026.604037035,4965847.48132989,25
263957.795761307,4967221.55964728,25
260362.118853619,4968269.0273491,25
246090.322150433,4974539.60892472,25
246090.322150433,4974539.60892472,25
245905.64208455,4974448.82604633,25
235831.588304626,4991472.62469829,25
276666.455141424,4981326.87297529,25
262611.322291084,4988599.63308665,25
261897.477943637,4988788.22490139,25
269588.982404647,4982072.9866013,25
249330.44879725,4999999.72619259,25
278505.959606835,4974571.3227339,25
282994.948781327,4970571.92325641,25
284615.917666021,4970412.29375779,25
266032.371195738,4965556.55273926,25
266032.371195738,4965556.55273926,25
266032.371195738,4965556.55273926,25
266032.371195738,4965556.55273926,25
272900.409993754,4976555.79296198,25
268931.036794393,4981576.83524099,25
245974.340034919,4995351.13807301,25
250616.606143049,4990414.79112916,25
254107.262425254,4997965.76916035,25
239140.354893236,4985979.17816045,25
239143.660854738,4985983.10647964,25
248573.522966218,4967869.17972136,25
248971.533143836,4967836.2850766,25
257836.534781048,4994865.20194726,25
246253.793761231,5001510.41753476,25
278749.519304455,4966624.60352986,25
263624.978909615,4959144.90583787,25
260109.819637209,4961351.02990213,25
258726.531228326,4967715.33645511,25
258747.584789335,4968425.79293652,25
258726.531228326,4967715.33645511,25
258747.584789335,4968425.79293652,25
264607.35392565,4977293.29697002,25
267940.724144977,4979946.21848495,25
267950.915562532,4981637.80408911,25
264697.004142767,4979237.89253399,25
264697.004142767,4979237.89253399,25
242016.193024002,5005203.26570083,25
241978.725190726,5006023.38809453,25
243172.016717303,5004946.39288424,25
243960.392282138,5005945.44766115,25
244422.547152111,4973203.27361571,25
254126.895236804,4998423.38216898,25
254126.894263157,4998423.36217574,25
264691.051676877,4983343.68052237,25
264691.051676877,4983343.68052237,25
235945.350500161,4994020.75125933,25
276648.152015867,4974823.20953233,25
269617.937205682,4989617.07976483,25
265232.708949868,4993859.59284336,25
266804.391608339,4991763.24601026,25
269960.53261435,4989024.66357624,25
254363.832290655,5003869.15587541,25
254363.832290655,5003869.15587541,25
246222.03631683,5000820.1493653,25
244616.326759515,5000860.88910944,25
255434.313604046,4990316.98901083,25
241803.850843517,4966517.79968777,25
234076.163460302,4989429.33966179,25
235020.969259489,4987774.23694631,25
274186.107129564,4975279.42364126,25
255246.249842684,4999773.66279589,25
288793.23727894,4971475.80898311,25
273242.24204337,4967889.53309832,25
274833.503889128,4968087.44676614,25
265224.233498531,4976818.25977195,25
272371.366463255,4970160.23108848,25
263375.521584311,4962744.58594789,25
262620.442249333,4962378.7439153,25
263375.521584311,4962744.58594789,25
263153.564445435,4960765.49483438,25
267919.308993966,4970323.36368926,25
270002.753842236,4968328.63434939,25
270834.334740292,4968599.15174466,25
271329.667282116,4970198.14596414,25
264876.63191787,4965596.25241177,25
268645.571699828,4974589.34557131,25
269319.563317586,4975096.77261673,25
277501.739280747,4978023.63893468,25
250790.217635135,5004772.52231358,25
261166.498128355,4984327.51174682,25
260120.828452116,4984876.22496717,25
284513.808458425,4968145.29512185,25
284326.897633077,4968129.57830463,25
273192.698800478,4966901.43195581,25
271764.470873017,4966944.55981915,25
268492.025442787,4970313.12472122,25
266820.571431788,4969578.23434169,25
266564.313725257,4963447.31218996,25
267895.601365136,4963703.95606839,25
264863.17964277,4960723.67413519,25
258631.293197111,4965150.40494342,25
260246.073293931,4965162.42359019,25
259457.196235521,4965763.09433732,25
259457.196235521,4965763.09433732,25
259457.196235521,4965763.09433732,25
259329.911618026,4970617.04391359,25
258787.573133016,4969828.8100502,25
271792.187292455,4971807.8774261,25
250689.574003476,4969619.47482229,25
250689.574003476,4969619.47482229,25
249765.394788222,4969429.03529298,25
249017.763495362,4968831.19941852,25
258245.283629393,4996462.95352942,25
276302.257057231,4980077.24117281,25
278292.328350429,4974580.872866,25
286834.811529277,4969681.61531624,25
266526.406062199,4978418.9444856,25
266526.406062199,4978418.9444856,25
272770.78568228,4983069.51116221,25
242062.47901608,5003237.46405312,25
278209.520867437,4973358.33606333,25
272770.78568228,4983069.51116221,25
272770.78568228,4983069.51116221,25
272643.008640782,4976954.89536019,25
245990.18418182,4972334.61762338,25
245031.920338355,4972856.96005657,25
265716.627476808,4981857.17490183,25
264819.151207719,4981735.04495323,25
274340.596650978,4966894.9158224,25
289440.440416003,4972226.63632673,25
287852.500734299,4973676.61720139,25
256448.49035803,4965871.94163554,25
256448.470373664,4965871.94247639,25
256448.470373664,4965871.94247639,25
250132.282942876,4993583.97919096,25
258733.474537149,4990760.91735636,25
274464.405009576,4981326.85999847,25
274951.438748129,4970338.3625772,25
274899.229249816,4969319.15243061,25
274899.229249816,4969319.15243061,25
273351.12935839,4970136.61765819,25
273082.466247917,4965321.85358192,25
264890.688849285,4960952.71817,25
266659.503790107,4965726.48848784,25
273478.546983042,4973960.76945824,25
246179.660628705,5008287.473759,25
246179.639597162,5008287.47460129,25
246449.486343081,5008041.08590388,25
264522.589836316,4976902.64186312,25
247941.36723453,4995268.40785973,25
249330.44879725,4999999.72619259,25
245974.340034919,4995351.13807301,25
250196.566249239,4990715.59271156,25
265374.295058571,4991338.11996626,25
265195.968964497,4991308.65298413,25
244412.016913937,5001810.27440321,25
241230.137675661,5001929.52856837,25
241451.030870697,5002341.60221861,25
248066.553949784,4971127.16483613,25
247516.42357021,4971154.84084576,25
252945.61073211,4998259.55118732,25
242297.51247749,4984112.41032756,25
242101.615083039,4984255.09648465,25
240743.194831834,4986059.12209982,25
246434.612028731,5001732.48242091,25
255264.290250982,4985321.44152078,25
254446.731508014,4985363.94466055,25
283692.458904387,4971363.15869673,25
279664.491797541,4968748.99600454,25
281273.074164888,4966082.28685556,25
269705.888634324,4968650.1455286,25
264819.69786146,4959109.67972333,25
264852.681898661,4959852.10418954,25
268120.19138132,4962238.80173919,25
270471.953404641,4966990.05520169,25
264904.940390556,4978492.73336855,25
260326.22180131,4989916.09598868,25
258733.474537149,4990760.91735636,25
246845.376202106,4971177.05814201,25
245031.899369529,4972856.96104493,25
245990.18418182,4972334.61762338,25
246845.396194048,4971177.05757334,25
254615.079978082,4998211.95618477,25
254615.079978082,4998211.95618477,25
262991.142324182,4993157.03544937,25
264864.049386596,4991437.17210244,25
235861.229605822,4992180.57532264,25
236969.363850316,4994276.52812063,25
278208.639542532,4972525.2069,25
276524.421707253,4971098.7645472,25
276991.298013808,4974811.63661211,25
263724.603606125,4965639.67152274,25
263724.603606125,4965639.67152274,25
263724.603606125,4965639.67152274,25
248441.565089339,4998429.66823816,25
276648.132019534,4974823.21103545,25
276648.132019534,4974823.21103545,25
276648.132019534,4974823.21103545,25
276648.152015867,4974823.20953233,25
276648.132019534,4974823.21103545,25
246863.096918957,4998499.49861068,25
246653.376835577,5000108.24469397,25
282962.919865127,4969741.9208708,25
282962.919865127,4969741.9208708,25
253686.191051737,4993520.14289086,25
232531.17617451,4989536.69694184,25
233332.614046331,4989462.72528379,25
246486.753758621,5007232.50426892,25
255807.562859665,4999552.2297602,25
274833.503889128,4968087.44676614,25
274833.503889128,4968087.44676614,25
274833.503889128,4968087.44676614,25
274370.785722128,4979347.90465059,25
248100.635264012,4969509.35237927,25
264876.63191787,4965596.25241177,25
264876.63191787,4965596.25241177,25
265124.552925994,4966200.57011763,25
266872.761675041,4970524.85922116,25
267919.308993966,4970323.36368926,25
267834.6313964,4975148.51889587,25
268672.148825123,4975113.08572165,25
251564.749964309,4999951.07627647,25
250762.675138687,5001587.12238873,25
250790.486637881,5004772.25556366,25
248572.892852639,5006582.15666609,25
284489.406421601,4967665.74839071,25
286008.644429227,4967280.43708084,25
282869.270896979,4967872.89028744,25
279615.965947742,4967430.32236364,25
279585.497508051,4966640.86504719,25
275654.406117593,4970006.5243411,25
273192.698800478,4966901.43195581,25
263476.48093732,4965186.38663891,25
258773.946219596,4969271.1657,25
272695.472006332,4977941.96375436,25
274243.232082301,4976529.12435056,25
250743.438850814,4994031.69967556,25
272840.135249325,4974935.47618665,25
272628.667776264,4973416.53741886,25
272672.366290819,4973882.16602515,25
257444.976894019,4965831.69323867,25
257444.976894019,4965831.69323867,25
257444.976894019,4965831.69323867,25
258631.293197111,4965150.40494342,25
257026.604037035,4965847.48132989,25
257030.996575795,4965675.07126702,25
235214.731018836,4986147.32320244,25
235214.731018836,4986147.32320244,25
268257.157963285,4965435.5676,25
270960.185711836,4975376.81566781,25
269588.982404647,4982072.9866013,25
246253.793761231,5001510.41753476,25
244651.728913642,5001780.8745486,25
265009.845208722,4977674.03496063,25
278283.460645951,4974768.28124928,25
278283.460645951,4974768.28124928,25
278283.480625584,4974768.28022641,25
278283.460645951,4974768.28124928,25
278283.480625584,4974768.28022641,25
250265.210641533,5002506.20043426,25
248964.648625109,5001630.92589175,25
263459.065272217,4964659.71519272,25
263347.601575213,4963991.53489928,25
259575.478342614,4968989.89141439,25
263957.775761803,4967221.55995816,25
244412.016913937,5001810.27440321,25
257599.898657595,4970685.82745176,25
258146.078550828,4980379.59560004,25
255130.40928071,4982422.23510955,25
255854.520352735,5000749.39111723,25
252372.955478099,4971104.15266354,25
247396.85784041,4989027.00578313,25
281323.368259632,4967869.12337954,25
269851.626504379,4965024.42669218,25
263549.532500173,4967247.55330952,25
266354.868248148,4982226.85710827,25
270986.301423997,4976118.4737058,25
246089.73734504,4996325.32872066,25
246023.42012939,4996432.6253123,25
248971.533143836,4967836.2850766,25
248573.522966218,4967869.17972136,25
264607.35392565,4977293.29697002,25
266968.157897926,4981985.96694055,25
241978.705168755,5006023.38897671,25
243960.412307208,5005945.44861854,25
243250.803857259,5005139.76123841,25
235945.350500161,4994020.75125933,25
268402.488821491,4990888.77489906,25
265889.568977409,4993009.20245758,25
265294.822539871,4993704.89418445,25
265294.822539871,4993704.89418445,25
265889.568977409,4993009.20245758,25
267831.880661812,4991299.22915833,25
241839.33796682,4964926.66915427,25
242462.511706472,4968113.04101159,25
242645.519761848,5001877.15859106,25
241230.137675661,5001929.52856837,25
263799.513317544,4962367.35652354,25
263153.564445435,4960765.49483438,25
263309.358369079,4961374.16205344,25
246486.753758621,5007232.50426892,25
250790.217635135,5004772.52231358,25
269851.626504379,4965024.42669218,25
268483.661424503,4970307.03448239,25
264863.17964277,4960723.67413519,25
272648.592638335,4973693.64084595,25
255264.290250982,4985321.44152078,25
258462.856274327,4984305.8001567,25
264819.151207719,4981735.04495323,25
249765.373812036,4969429.03611102,25
249017.763495362,4968831.19941852,25
275953.462708627,4980090.95808238,25
286834.811529277,4969681.61531624,25
271237.191372126,4976623.95646336,25
249654.201742503,4993759.989922,25
273338.706997065,4970353.32322984,25
273338.706997065,4970353.32322984,25
269068.514702291,4965445.41552464,25
242462.531738974,4968113.04031481,25
241803.850843517,4966517.79968777,25
241803.850843517,4966517.79968777,25
241803.850843517,4966517.79968777,25
241803.850843517,4966517.79968777,25
241803.850843517,4966517.79968777,25
241839.33796682,4964926.66915427,25
246449.486343081,5008041.08590388,25
241917.972734442,5002105.59604358,25
240919.333861763,4985897.26715196,25
240919.310405341,4985897.26905841,25
258462.856274327,4984305.8001567,25
280254.40694163,4968228.50085043,25
269068.514702291,4965445.41552464,25
270471.953404641,4966990.05520169,25
278201.02651866,4973195.84649671,25
277955.278962543,4971547.11239436,25
275012.744596428,4971552.4927664,25
276991.298013808,4974811.63661211,25
276991.31828009,4974811.63596326,25
276991.298013808,4974811.63661211,25
276991.298013808,4974811.63661211,25
276991.31828009,4974811.63596326,25
264876.63191787,4965596.25241177,25
265278.658010821,4971228.18015131,25
268483.661424503,4970307.03448239,25
268672.148825123,4975113.08572165,25
252055.952406737,5003168.06779409,25
263476.48093732,4965186.38663891,25
261865.68715225,4965166.06447708,25
258773.946219596,4969271.1657,25
274243.232082301,4976529.12435056,25
251343.777632393,4993631.79326895,25
250380.573479905,4993709.47224636,25
249166.161079738,4994232.20489818,25
272840.135249325,4974935.47618665,25
263389.437059475,4964068.3624748,25
261943.709653499,4967740.38656674,25
263549.532500173,4967247.55330952,25
246023.42012939,4996432.6253123,25
267335.518530499,4981703.26700053,25
243250.782861605,5005139.76243197,25
263309.358369079,4961374.16205344,25
249654.201742503,4993759.989922,25
242645.519761848,5001877.15859106,25
250790.516563407,5004772.25405484,25
251343.777632393,4993631.79326895,25
250380.573479905,4993709.47224636,25
249166.161079738,4994232.20489818,25
258274.400755313,4980328.26809041,50
273014.540261164,4967811.15705445,50
267968.499272002,4973162.27940945,50
266766.552209312,4974347.01075326,50
250750.148919784,4987753.83952864,50
274233.372115813,4966456.61272155,50
251961.822069544,4986702.70933806,50
263797.672514389,4976735.36922868,50
275456.728097164,4965415.42517444,50
269887.335075637,4971017.22373673,50
271320.986516169,4969721.84389489,50
248558.69777199,5006628.39732665,50
273749.906460063,4966967.37673326,50
292077.454554638,4970820.52118155,25
234076.315590284,4989427.27114877,25
242462.542107348,4968112.40316097,25
271228.246277618,4975001.54592623,25
255433.299452417,4990317.64485748,25
272632.731186119,4978191.0055128,25
260325.397046392,4989916.81199723,25
252059.216297271,5003149.35521503,25
259961.116317842,4990027.28445802,25
252489.472846912,4970932.92366087,25
248964.730915788,5001632.29209363,25
251844.060657683,5002000.86758808,25
245986.354570947,4972336.51576974,25
246486.258477282,5007232.48494834,25
250263.786633446,5002506.28461351,25
279988.20728912,4978736.08185314,25
268487.742137516,4970310.0182134,25
252635.365049809,4991948.40512918,25
271238.35700766,4976628.91852657,25
257084.674,4990216.757,25
235372.1784,4994216.5832,25
248572.931565491,5006582.01928239,25
247986.886755571,5006921.9217557,25
247798.185874427,5001568.07201115,25
242589.313544398,4968272.72781407,25
252372.606661115,4971104.27645939,25
252420.9032,4973868.195,25
272770.620438634,4983068.18778997,25
246450.024061505,5006563.00839432,25
270984.129177147,4976118.54586923,25
261165.685590111,4984330.36637705,25
261897.063399512,4988788.2019719,25
266658.40213099,4965726.57002745,25
266354.520873401,4982227.15689058,25
265804.803294604,4981745.58080686,25
271377.972362876,4971827.22094092,25
272694.602914273,4977942.09989841,25
269617.433369391,4989621.84136802,25
265126.219826029,4966215.68522835,25
245562.789136011,5009932.61929495,25
258732.450923775,4990761.04787548,25
241839.210800726,4964930.98294537,25
286132.013409541,4971330.0022143,25
282870.525873512,4967872.79213773,25
289439.537179554,4972226.70021265,25
276454.159783528,4969552.68839537,25
284486.297688573,4967665.85441812,25
291483.664781723,4971120.04101739,25
268254.57,4965435.5776,25
279662.435456929,4968749.0870988,25
281321.815213546,4967869.23395825,25
263476.528721429,4965186.39680557,25
263458.931943808,4964659.72094319,25
286190.759112389,4972484.7125297,25
246449.34154381,5008041.12471373,25
235214.878100673,4986146.89909203,25
269586.364779673,4982073.23289263,25
267946.115456719,4981638.17188054,25
236754.189118551,4982843.8871219,25
235944.665387366,4994020.72700348,25
258467.647150505,4984305.17741427,25
246179.963593032,5008286.37124635,25
255263.85489475,4985321.5412006,25
272343.239262556,4979793.60564585,25
263515.748962757,4988474.68387476,25
269958.685462645,4989025.16454566,25
264976.687683952,4980115.15138488,25
240679.642,4962971.9549,25
287023.113997142,4968052.36353541,25
286007.225742652,4967280.49574306,25
286834.840510222,4969682.6255098,25
240747.063723609,4986057.25890546,25
242095.868552053,4984267.1460214,25
240918.48615083,4985898.89762834,25
242297.523921403,4984112.41557961,25
243885.883525724,4983595.04730795,25
250787.27044672,5004775.45890311,25
245905.658824787,4974453.91928141,25
270148.906472824,4971267.56026681,25
241803.828032779,4966518.58277119,25
241062.226210551,4963332.01029354,25
269912.774578989,4966540.42654957,25
271329.633225551,4970197.45824697,25
270834.382735609,4968600.23240379,25
236969.915627113,4994279.23429043,25
251343.546666432,4993632.34212608,25
253827.803186251,4990929.14722444,25
272395.660320449,4981455.20473266,25
286149.973826259,4971064.04887209,25
287777.906383805,4971406.17626355,25
280254.596902365,4968232.3003731,25
272641.237246005,4976954.93671956,25
270472.092324272,4966992.64279413,25
270957.715425574,4975378.0127032,25
260121.72711951,4984875.65028243,25
271637.273892039,4982765.11850761,25
256888.380549913,4985164.03516694,25
